report,t_s,F0.Va.rms,F0.Va.ang_rad,F0.Va.freq_hz,F0.Va.event,F0.Vb.rms,F0.Vb.ang_rad,F0.Vb.freq_hz,F0.Vb.event,F0.Vc.rms,F0.Vc.ang_rad,F0.Vc.freq_hz,F0.Vc.event,F0.Ia.rms,F0.Ia.ang_rad,F0.Ia.freq_hz,F0.Ia.event,F0.Ib.rms,F0.Ib.ang_rad,F0.Ib.freq_hz,F0.Ib.event,F0.Ic.rms,F0.Ic.ang_rad,F0.Ic.freq_hz,F0.Ic.event,F0.mode,F1.Va.rms,F1.Va.ang_rad,F1.Va.freq_hz,F1.Va.event,F1.Vb.rms,F1.Vb.ang_rad,F1.Vb.freq_hz,F1.Vb.event,F1.Vc.rms,F1.Vc.ang_rad,F1.Vc.freq_hz,F1.Vc.event,F1.Ia.rms,F1.Ia.ang_rad,F1.Ia.freq_hz,F1.Ia.event,F1.Ib.rms,F1.Ib.ang_rad,F1.Ib.freq_hz,F1.Ib.event,F1.Ic.rms,F1.Ic.ang_rad,F1.Ic.freq_hz,F1.Ic.event,F1.mode,F2.Va.rms,F2.Va.ang_rad,F2.Va.freq_hz,F2.Va.event,F2.Vb.rms,F2.Vb.ang_rad,F2.Vb.freq_hz,F2.Vb.event,F2.Vc.rms,F2.Vc.ang_rad,F2.Vc.freq_hz,F2.Vc.event,F2.Ia.rms,F2.Ia.ang_rad,F2.Ia.freq_hz,F2.Ia.event,F2.Ib.rms,F2.Ib.ang_rad,F2.Ib.freq_hz,F2.Ib.event,F2.Ic.rms,F2.Ic.ang_rad,F2.Ic.freq_hz,F2.Ic.event,F2.mode,F3.Va.rms,F3.Va.ang_rad,F3.Va.freq_hz,F3.Va.event,F3.Vb.rms,F3.Vb.ang_rad,F3.Vb.freq_hz,F3.Vb.event,F3.Vc.rms,F3.Vc.ang_rad,F3.Vc.freq_hz,F3.Vc.event,F3.Ia.rms,F3.Ia.ang_rad,F3.Ia.freq_hz,F3.Ia.event,F3.Ib.rms,F3.Ib.ang_rad,F3.Ib.freq_hz,F3.Ib.event,F3.Ic.rms,F3.Ic.ang_rad,F3.Ic.freq_hz,F3.Ic.event,F3.mode,F4.Va.rms,F4.Va.ang_rad,F4.Va.freq_hz,F4.Va.event,F4.Vb.rms,F4.Vb.ang_rad,F4.Vb.freq_hz,F4.Vb.event,F4.Vc.rms,F4.Vc.ang_rad,F4.Vc.freq_hz,F4.Vc.event,F4.Ia.rms,F4.Ia.ang_rad,F4.Ia.freq_hz,F4.Ia.event,F4.Ib.rms,F4.Ib.ang_rad,F4.Ib.freq_hz,F4.Ib.event,F4.Ic.rms,F4.Ic.ang_rad,F4.Ic.freq_hz,F4.Ic.event,F4.mode
0,0.008333,14466.3,2.531809,60.00000,0,14373,0.438263,60.00000,0,14518.9,4.643640,60.00000,0,78.5052,2.390370,60.00000,0,97.7279,0.268572,60.00000,0,54.7514,4.420318,60.00000,0,PMU,14485,2.729513,60.00000,0,14373.6,0.634547,60.00000,0,14514.8,-1.441021,60.00000,0,78.9872,2.586305,60.00000,0,98.3978,0.460706,60.00000,0,54.6044,4.610932,60.00000,0,PMU,14391.8,-0.421051,60.00000,0,14424.9,3.771501,60.00000,0,14538,1.684153,60.00000,0,78.8467,-0.565420,60.00000,0,97.7394,3.586796,60.00000,0,54.9537,1.447064,60.00000,0,PMU,14476.4,2.741169,60.00000,0,14363.8,0.646204,60.00000,0,14503.9,-1.429320,60.00000,0,79.0813,2.599122,60.00000,0,98.5301,0.473097,60.00000,0,54.7164,4.620331,60.00000,0,PMU,14486.6,2.795226,60.00000,0,14361.9,0.699529,60.00000,0,14508.5,-1.374940,60.00000,0,79.013,2.653728,60.00000,0,95.4455,0.531609,60.00000,0,54.6594,4.694114,60.00000,0,PMU
1,0.016667,14391.2,2.534067,60.00000,0,14454.6,0.441620,60.00000,0,14531.4,4.636743,60.00000,0,78.6061,2.390004,60.00000,0,97.477,0.264971,60.00000,0,54.6451,4.413424,60.00000,0,PMU,14407.9,2.730549,60.00000,0,14435.8,0.639063,60.00000,0,14539.1,-1.447613,60.00000,0,78.859,2.585084,60.00000,0,97.7122,0.452955,60.00000,0,54.9379,4.597567,60.00000,0,PMU,14494.6,-0.422211,60.00000,0,14383,3.765231,60.00000,0,14512.9,1.690013,60.00000,0,78.8747,-0.565786,60.00000,0,98.5009,3.592045,60.00000,0,54.6427,1.458965,60.00000,0,PMU,14398.8,2.742023,60.00000,0,14424.1,0.650721,60.00000,0,14531.3,-1.435772,60.00000,0,79.1292,2.597474,60.00000,0,97.9164,0.464124,60.00000,0,55.0254,4.607208,60.00000,0,PMU,14406.5,2.795836,60.00000,0,14408.8,0.704961,60.00000,0,14525.7,-1.381288,60.00000,0,79.0965,2.649944,60.00000,0,103.377,0.467603,60.00000,0,56.1691,4.583407,60.00000,0,PMU
2,0.025000,14476.9,2.531442,59.95221,0,14387.1,0.436920,59.91024,0,14518.9,4.642664,60.11074,0,78.5432,2.389820,59.99650,0,97.8913,0.267291,60.04663,0,54.6315,4.419159,60.10720,0,PMU,14497.9,2.728964,59.97207,0,14384.2,0.633021,59.88460,0,14514.7,-1.441876,60.10724,0,79.0547,2.586244,60.02331,0,98.6237,0.459791,60.13405,0,54.6265,4.609833,60.23076,0,PMU,14405.9,-0.421540,60.01282,0,14436,3.770175,60.09675,0,14539.4,1.683421,59.87294,0,78.9148,-0.566213,59.99301,0,97.7568,3.585271,59.87061,0,54.969,1.446148,59.75405,0,PMU,14489.6,2.740559,59.97552,0,14375.1,0.644739,59.88576,0,14504.6,-1.430235,60.10225,0,79.1023,2.598878,60.02798,0,98.617,0.471449,60.14338,0,54.6484,4.618317,60.20866,0,PMU,14498.1,2.794493,59.97785,0,14369.4,0.697942,59.86595,0,14506.8,-1.375856,60.10141,0,79.1324,2.653850,60.07693,0,95.8253,0.529168,61.20027,0,54.6704,4.690390,62.03856,0,PMU
3,0.033333,14392.2,2.533151,60.03264,0,14455.8,0.440765,60.07344,0,14533,4.635889,59.87061,0,78.603,2.388417,59.97319,0,97.4808,0.263629,59.93006,0,54.6419,4.412447,59.87182,0,PMU,14407.4,2.729697,60.01399,0,14435.8,0.638087,60.09675,0,14537.7,-1.448589,59.87178,0,78.8939,2.585023,59.97669,0,97.8232,0.452040,59.85196,0,54.9699,4.596896,59.75292,0,PMU,14495.3,-0.423065,59.97086,0,14382.6,3.764377,59.88926,0,14513.6,1.689158,60.10957,0,78.8352,-0.566757,59.98962,0,98.398,3.590947,60.10841,0,54.6295,1.458355,60.23313,0,PMU,14399.4,2.741108,60.01049,0,14424.6,0.649805,60.09675,0,14532.2,-1.436688,59.87677,0,79.1119,2.596619,59.95687,0,97.9497,0.463209,59.84263,0,54.987,4.606049,59.76570,0,PMU,14403.7,2.794738,60.00466,0,14406.7,0.703740,60.11074,0,14523.3,-1.382448,59.87411,0,79.0966,2.649212,59.91141,0,103.258,0.469556,58.86151,0,56.0892,4.588168,58.04770,0,PMU
4,0.041667,14478.2,2.530527,59.94988,0,14388,0.436127,59.91141,0,14520.6,4.641931,60.11540,0,78.6889,2.389332,60.01749,0,97.7599,0.266375,60.05246,0,54.526,4.417513,60.09675,0,PMU,14496.8,2.727988,59.96736,0,14383.4,0.632044,59.88460,0,14513.5,-1.442913,60.10840,0,79.039,2.585145,60.00233,0,98.5038,0.458448,60.12239,0,54.6379,4.608673,60.22493,0,PMU,14405.7,-0.422455,60.01166,0,14435.8,3.769260,60.09325,0,14539.1,1.682566,59.87411,0,78.9172,-0.567306,59.98951,0,97.6233,3.584294,59.87294,0,54.8889,1.445172,59.74822,0,PMU,14490.3,2.739643,59.97202,0,14375.7,0.643824,59.88577,0,14504.9,-1.431090,60.10691,0,79.1427,2.598267,60.03147,0,98.6935,0.470350,60.13638,0,54.6548,4.617706,60.22265,0,PMU,14495.5,2.793334,59.97319,0,14367.2,0.696721,59.86595,0,14504.4,-1.377016,60.10375,0,79.1237,2.652507,60.06294,0,96.1841,0.527459,61.10585,0,54.6469,4.686667,61.88120,0,PMU
5,0.050000,14392.9,2.532297,60.03380,0,14456.3,0.439911,60.07227,0,14533.7,4.635040,59.86839,0,78.8387,2.387946,59.97352,0,97.5262,0.262853,59.93272,0,54.6146,4.412996,59.91374,0,PMU,14406.4,2.728598,60.01166,0,14435.5,0.637049,60.09559,0,14537.3,-1.449688,59.87061,0,78.8163,2.583924,59.97669,0,97.6748,0.450941,59.85663,0,54.9392,4.595309,59.74476,0,PMU,14495.3,-0.424042,59.96969,0,14382.6,3.763400,59.88809,0,14513.4,1.688182,60.10724,0,78.9115,-0.567245,60.00117,0,98.3901,3.590275,60.11424,0,54.5952,1.457317,60.23197,0,PMU,14400.5,2.740314,60.01282,0,14425.7,0.648890,60.09675,0,14532.8,-1.437542,59.87677,0,79.1527,2.595765,59.95221,0,97.9343,0.462110,59.84263,0,55.04,4.605805,59.77269,0,PMU,14402.9,2.793517,60.00350,0,14406.8,0.702459,60.10957,0,14522.9,-1.383668,59.87294,0,79.0631,2.647747,59.90908,0,103.014,0.470106,58.90464,0,56.0065,4.591891,58.18990,0,PMU
6,0.058333,14479.3,2.529611,59.94871,0,14389,0.435272,59.91141,0,14521.7,4.641016,60.11413,0,78.8651,2.389088,60.02182,0,97.876,0.265399,60.04863,0,54.6783,4.417330,60.08276,0,PMU,14495.9,2.726889,59.96736,0,14382.7,0.631007,59.88460,0,14513.1,-1.444012,60.10840,0,78.9806,2.583985,60.00117,0,98.4611,0.457167,60.11890,0,54.6041,4.607086,60.22493,0,PMU,14405.5,-0.423432,60.01166,0,14436.2,3.768222,60.09209,0,14538.9,1.681529,59.87294,0,79.0006,-0.568100,59.98368,0,97.7007,3.583396,59.86860,0,54.8814,1.444439,59.75405,0,PMU,14491.5,2.738850,59.97202,0,14376.3,0.643030,59.88810,0,14505.6,-1.431822,60.10924,0,79.1611,2.597291,60.02914,0,98.6667,0.469434,60.13988,0,54.661,4.617157,60.21682,0,PMU,14495.6,2.792176,59.97440,0,14367.6,0.695623,59.86944,0,14504.8,-1.378175,60.10491,0,79.154,2.650982,60.06178,0,96.3182,0.524773,61.04407,0,54.7128,4.683799,61.75531,0,PMU
7,0.066667,14393.4,2.531503,60.03614,0,14456.7,0.439178,60.07460,0,14534.5,4.634308,59.87188,0,78.8526,2.387152,59.96303,0,97.5501,0.262242,59.93972,0,54.6317,4.411898,59.89625,0,PMU,14405.8,2.727560,60.01282,0,14435,0.636011,60.09559,0,14536.9,-1.450664,59.87295,0,78.8363,2.583619,59.99301,0,97.6288,0.450148,59.86595,0,54.9258,4.594576,59.76108,0,PMU,14495.5,-0.425080,59.96853,0,14383,3.762424,59.88926,0,14513.6,1.687144,60.10724,0,78.9657,-0.567917,60.00350,0,98.4022,3.589238,60.11158,0,54.6352,1.456829,60.23663,0,PMU,14400.3,2.739460,60.01166,0,14426.1,0.648096,60.09675,0,14532.8,-1.438458,59.87327,0,79.0876,2.594605,59.94871,0,97.8564,0.460706,59.83331,0,54.9931,4.604525,59.75875,0,PMU,14403,2.792481,60.00583,0,14407.4,0.701482,60.11191,0,14524.1,-1.384706,59.87527,0,79.0736,2.646587,59.91607,0,102.612,0.470472,58.96293,0,56.0196,4.595797,58.31930,0,PMU
8,0.075000,14479.4,2.528818,59.94871,0,14389.2,0.434418,59.90908,0,14521.5,4.640222,60.11296,0,78.8698,2.388068,60.01749,0,97.9834,0.264666,60.04629,0,54.6552,4.417330,60.10375,0,PMU,14494.9,2.725912,59.96853,0,14382.1,0.630030,59.88576,0,14512.3,-1.444988,60.10840,0,78.9639,2.583192,59.99184,0,98.4585,0.456617,60.12356,0,54.5978,4.606476,60.22727,0,PMU,14405.7,-0.424408,60.01282,0,14436.2,3.767246,60.09209,0,14539.6,1.680552,59.87411,0,79.0121,-0.568893,59.98135,0,97.7714,3.582785,59.87676,0,54.9282,1.444134,59.75754,0,PMU,14491.1,2.737934,59.97086,0,14376.9,0.642115,59.88577,0,14505.6,-1.432781,60.10841,0,79.1268,2.596375,60.03380,0,98.4785,0.467970,60.13872,0,54.6145,4.616181,60.22260,0,PMU,14496.2,2.791200,59.97552,0,14368.3,0.694707,59.87061,0,14505.5,-1.379091,60.10724,0,79.1924,2.649578,60.05712,0,96.4724,0.523735,61.01726,0,54.7688,4.680320,61.61427,0,PMU
9,0.083333,14394,2.530710,60.03614,0,14457.3,0.438324,60.07460,0,14535.3,4.633453,59.87072,0,78.8267,2.385565,59.95221,0,97.5626,0.261388,59.93739,0,54.6889,4.411287,59.88460,0,PMU,14404.3,2.726584,60.01282,0,14433.8,0.635035,60.09559,0,14535.9,-1.451641,59.87295,0,78.7946,2.582642,59.98951,0,97.6785,0.449659,59.86711,0,54.9397,4.593783,59.75758,0,PMU,14495.6,-0.426056,59.96853,0,14382.3,3.761386,59.88809,0,14513.3,1.686229,60.10841,0,78.9753,-0.568649,60.00466,0,98.512,3.588566,60.11041,0,54.6905,1.456280,60.23197,0,PMU,14401.5,2.738544,60.01166,0,14427.8,0.647242,60.09791,0,14534.6,-1.439434,59.87294,0,79.1347,2.593873,59.95221,0,97.7499,0.459486,59.83797,0,55.0078,4.603793,59.76341,0,PMU,14403.8,2.791627,60.00816,0,14408.6,0.700567,60.11191,0,14524.9,-1.385621,59.87528,0,79.0747,2.645549,59.92306,0,102.693,0.471388,59.00023,0,55.9556,4.597567,58.41954,0,PMU
10,0.091667,14479.8,2.527964,59.94755,0,14389.4,0.433624,59.91024,0,14522.4,4.639429,60.11413,0,78.8863,2.386847,60.02448,0,97.8753,0.263812,60.04629,0,54.5789,4.415499,60.08043,0,PMU,14493.2,2.724875,59.96736,0,14380.7,0.629053,59.88576,0,14511.1,-1.446087,60.10607,0,78.8878,2.581666,59.98135,0,98.4001,0.455763,60.11657,0,54.6631,4.605499,60.22377,0,PMU,14405.4,-0.425385,60.01282,0,14436.2,3.766269,60.09325,0,14539.1,1.679515,59.87178,0,78.9738,-0.570297,59.96853,0,97.758,3.581870,59.87210,0,54.9586,1.443402,59.75405,0,PMU,14493.8,2.737080,59.97202,0,14378.5,0.641260,59.88577,0,14507.8,-1.433636,60.11074,0,79.2349,2.595704,60.03497,0,98.5494,0.467054,60.14454,0,54.6566,4.615875,60.23076,0,PMU,14496.1,2.790345,59.97552,0,14368.6,0.693792,59.87061,0,14505.4,-1.380006,60.10724,0,79.1339,2.648235,60.05129,0,96.8016,0.521965,60.96597,0,54.6994,4.675986,61.49770,0,PMU
11,0.100000,14393.9,2.529855,60.03613,0,14457.3,0.437469,60.07344,0,14535.3,4.632599,59.86955,0,78.8262,2.384650,59.95804,0,97.6027,0.260533,59.93739,0,54.6446,4.411287,59.91957,0,PMU,14403.5,2.725485,60.01166,0,14432.9,0.633997,60.09442,0,14535.4,-1.452740,59.87295,0,78.7493,2.581788,60.00233,0,97.6419,0.448866,59.86828,0,54.9876,4.592867,59.75875,0,PMU,14495.5,-0.427032,59.96853,0,14382.9,3.760410,59.88809,0,14513.1,1.685191,60.10841,0,78.9444,-0.569687,60.01166,0,98.4794,3.587590,60.10925,0,54.7242,1.455303,60.22730,0,PMU,14404.3,2.737751,60.01282,0,14430.7,0.646387,60.09791,0,14537.1,-1.440289,59.87294,0,79.1406,2.592774,59.94405,0,97.8266,0.458387,59.83447,0,55.0301,4.602816,59.75059,0,PMU,14404.1,2.790711,60.00699,0,14408.8,0.699529,60.10957,0,14525.5,-1.386537,59.87528,0,79.0323,2.644634,59.93122,0,102.538,0.472547,59.05618,0,55.8491,4.600253,58.55359,0,PMU
12,0.108333,14479.6,2.527048,59.94638,0,14389.6,0.432770,59.91024,0,14522.2,4.638452,60.11180,0,78.896,2.385932,60.02448,0,97.8061,0.262486,60.03730,0,54.6495,4.414583,60.06295,0,PMU,14491.8,2.723776,59.96736,0,14379.9,0.628033,59.88610,0,14510.4,-1.447247,60.10491,0,78.8134,2.580689,59.97902,0,98.4335,0.454847,60.11424,0,54.6335,4.603671,60.20633,0,PMU,14405,-0.426361,60.01282,0,14436.1,3.765292,60.09325,0,14538.8,1.678538,59.87294,0,78.9516,-0.571396,59.96736,0,97.7106,3.581015,59.87443,0,54.9292,1.442608,59.75754,0,PMU,14496.8,2.736347,59.97319,0,14382.4,0.640528,59.88810,0,14511.4,-1.434307,60.11424,0,79.1829,2.593934,60.02215,0,98.5044,0.465894,60.14338,0,54.6279,4.614594,60.22493,0,PMU,14496.3,2.789369,59.97435,0,14369.1,0.692815,59.87178,0,14505.6,-1.380922,60.10724,0,79.1663,2.647319,60.05129,0,97.0747,0.520318,60.91235,0,54.7371,4.673850,61.40561,0,PMU
13,0.116667,14393.8,2.528940,60.03613,0,14457.5,0.436615,60.07344,0,14535.4,4.631622,59.86955,0,78.7691,2.384101,59.96503,0,97.3487,0.259740,59.94754,0,54.6006,4.409762,59.90791,0,PMU,14402.9,2.724448,60.01282,0,14432.6,0.632899,60.09292,0,14535.3,-1.453777,59.87528,0,78.785,2.581117,60.00816,0,97.6813,0.448378,59.87644,0,54.9453,4.591586,59.76920,0,PMU,14495,-0.428009,59.96853,0,14382.3,3.759433,59.88809,0,14512.8,1.684214,60.10841,0,78.9145,-0.570602,60.01515,0,98.4087,3.586858,60.11158,0,54.6608,1.453899,60.21565,0,PMU,14406.8,2.737080,60.01399,0,14432.7,0.645716,60.09908,0,14539.2,-1.440960,59.87294,0,78.9411,2.591004,59.94405,0,97.7165,0.457594,59.84147,0,54.9657,4.601779,59.75525,0,PMU,14404.4,2.789735,60.00699,0,14409.6,0.698614,60.11074,0,14526,-1.387513,59.87411,0,79.0319,2.643963,59.93589,0,102.287,0.473035,59.09698,0,55.8125,4.602877,58.64451,0,PMU
14,0.125000,14479.3,2.526072,59.94522,0,14389,0.431732,59.90675,0,14521.3,4.637476,60.11180,0,78.844,2.385321,60.02331,0,97.8115,0.261754,60.03847,0,54.6264,4.414583,60.09209,0,PMU,14492.4,2.722800,59.96853,0,14380.2,0.626996,59.88726,0,14510.8,-1.448162,60.10724,0,78.8999,2.579957,59.97785,0,98.5741,0.454420,60.11540,0,54.6201,4.602999,60.21798,0,PMU,14404.3,-0.427338,60.01282,0,14435.1,3.764194,60.09092,0,14537.6,1.677503,59.87182,0,78.8795,-0.572311,59.96736,0,97.768,3.580222,59.87327,0,54.8595,1.441509,59.76337,0,PMU,14497.9,2.735615,59.97202,0,14383.8,0.639796,59.88693,0,14513.2,-1.435101,60.11191,0,78.9762,2.592774,60.03380,0,98.5106,0.465101,60.14337,0,54.5731,4.614350,60.24009,0,PMU,14496.6,2.788514,59.97669,0,14370.1,0.691961,59.87294,0,14506.3,-1.381898,60.10724,0,79.1415,2.646160,60.04196,0,97.2098,0.518426,60.86689,0,54.7028,4.671104,61.30303,0,PMU
15,0.133333,14393.9,2.527964,60.03614,0,14457.6,0.435516,60.07227,0,14535.3,4.630585,59.86839,0,78.6997,2.383429,59.96386,0,97.4593,0.258885,59.94521,0,54.6991,4.408846,59.89043,0,PMU,14403.8,2.723532,60.01399,0,14433.8,0.631983,60.09525,0,14536,-1.454693,59.87527,0,78.8735,2.580262,60.00583,0,97.868,0.447340,59.86478,0,54.9546,4.590487,59.76104,0,PMU,14494.2,-0.429108,59.96620,0,14382.1,3.758334,59.88809,0,14512,1.683116,60.10720,0,78.9153,-0.571151,60.02215,0,98.5067,3.585820,60.10692,0,54.6391,1.452434,60.20865,0,PMU,14407.7,2.736286,60.01282,0,14433.5,0.644861,60.09675,0,14540,-1.441815,59.87178,0,78.8671,2.590333,59.95337,0,97.6861,0.457045,59.84613,0,54.9269,4.601412,59.75292,0,PMU,14404.9,2.788941,60.00816,0,14411,0.697820,60.11191,0,14527.4,-1.388368,59.87644,0,79.0438,2.643169,59.94288,0,102.106,0.473583,59.14356,0,55.7621,4.605561,58.74822,0,PMU
16,0.141667,14478.7,2.525034,59.94405,0,14389.1,0.430695,59.90791,0,14521.4,4.636438,60.11180,0,78.7847,2.384040,60.01166,0,97.8652,0.261082,60.04196,0,54.5556,4.412264,60.06528,0,PMU,14492.5,2.721945,59.96969,0,14380.8,0.626141,59.88843,0,14510.9,-1.449078,60.10724,0,78.8661,2.578553,59.96736,0,98.5603,0.453077,60.10957,0,54.6211,4.602267,60.22498,0,PMU,14403.9,-0.428375,60.01399,0,14435.6,3.763095,60.09092,0,14537.2,1.676343,59.87065,0,78.8905,-0.572921,59.96620,0,97.7816,3.579245,59.87443,0,54.8418,1.440350,59.76920,0,PMU,14498.6,2.734699,59.96969,0,14384.2,0.638819,59.88460,0,14513.8,-1.436016,60.11074,0,79.0161,2.592042,60.03264,0,98.6079,0.464674,60.14571,0,54.566,4.614350,60.24708,0,PMU,14496.8,2.787721,59.97669,0,14370.9,0.691228,59.87411,0,14507.2,-1.382631,60.10957,0,79.1381,2.645305,60.04080,0,97.3792,0.516289,60.81564,0,54.6929,4.668723,61.20632,0,PMU
17,0.150000,14393.3,2.526926,60.03614,0,14457.8,0.434479,60.07227,0,14535.1,4.629547,59.86839,0,78.6894,2.382697,59.97435,0,97.5579,0.258275,59.94638,0,54.6799,4.408541,59.92889,0,PMU,14404,2.722617,60.01282,0,14434.5,0.631068,60.09409,0,14537.1,-1.455669,59.87411,0,78.8538,2.578797,60.00466,0,97.869,0.446547,59.87527,0,54.9588,4.589694,59.75987,0,PMU,14493.6,-0.430145,59.96620,0,14382.5,3.757297,59.88926,0,14511.7,1.682017,60.10837,0,78.991,-0.571518,60.02681,0,98.545,3.585271,60.11508,0,54.6553,1.451580,60.21448,0,PMU,14408.1,2.735371,60.01282,0,14434.3,0.643885,60.09675,0,14539.8,-1.442791,59.87061,0,78.9653,2.589845,59.95804,0,97.8454,0.456312,59.84031,0,54.9526,4.601473,59.75408,0,PMU,14406.3,2.788148,60.00816,0,14412.4,0.697027,60.11074,0,14528.8,-1.389161,59.87528,0,78.9965,2.642376,59.94405,0,101.764,0.473583,59.18436,0,55.6982,4.607453,58.82982,0,PMU
18,0.158333,14478.5,2.524057,59.94521,0,14389.2,0.429718,59.90908,0,14521.6,4.635406,60.11191,0,78.8878,2.383551,60.01632,0,97.8958,0.260167,60.03614,0,54.7186,4.411593,60.05828,0,PMU,14493.4,2.721030,59.96969,0,14381.5,0.625226,59.88843,0,14511.9,-1.449993,60.10841,0,78.8615,2.577577,59.97669,0,98.6166,0.452162,60.10724,0,54.6397,4.601717,60.22964,0,PMU,14403.6,-0.429352,60.01515,0,14436.2,3.762119,60.09209,0,14537,1.675305,59.87182,0,78.9448,-0.573654,59.95920,0,97.9107,3.578147,59.86394,0,54.9046,1.439800,59.77503,0,PMU,14498.8,2.733723,59.96853,0,14384.7,0.637842,59.88460,0,14514.2,-1.436993,60.11074,0,79.0697,2.591187,60.02564,0,98.5774,0.463880,60.14454,0,54.6002,4.614044,60.24009,0,PMU,14498.9,2.786927,59.97669,0,14373,0.690452,59.87443,0,14509.1,-1.383424,60.10957,0,79.1317,2.644390,60.03847,0,97.4842,0.515191,60.79466,0,54.7021,4.666284,61.12360,0,PMU
19,0.166667,14393.8,2.525949,60.03614,0,14458,0.433563,60.07344,0,14535.4,4.628570,59.86944,0,78.7513,2.382514,59.98018,0,97.5697,0.257298,59.94521,0,54.698,4.406710,59.90675,0,PMU,14404.6,2.721762,60.01399,0,14435.3,0.630213,60.09525,0,14538,-1.456524,59.87527,0,78.8836,2.577821,60.00466,0,97.8199,0.445692,59.87644,0,54.9779,4.589206,59.76104,0,PMU,14493.7,-0.431122,59.96620,0,14382.9,3.756320,59.88926,0,14512.1,1.680980,60.10837,0,78.9961,-0.572860,60.01515,0,98.4822,3.583823,60.10841,0,54.6913,1.450298,60.20049,0,PMU,14408.2,2.734394,60.01282,0,14434.9,0.642908,60.09675,0,14539.9,-1.443829,59.86944,0,78.9289,2.588685,59.95221,0,97.8095,0.455702,59.84380,0,54.9768,4.600802,59.74709,0,PMU,14407.8,2.787354,60.00816,0,14414.8,0.696233,60.11041,0,14531,-1.389955,59.87528,0,79.0087,2.641521,59.94521,0,101.623,0.474071,59.21467,0,55.6937,4.608917,58.90438,0,PMU
20,0.175000,14478.8,2.523142,59.94638,0,14388.9,0.428802,59.90908,0,14521.5,4.634613,60.11540,0,78.8434,2.382575,60.00117,0,97.938,0.259068,60.03380,0,54.5354,4.409945,60.06178,0,PMU,14494.3,2.720236,59.97086,0,14382.4,0.624432,59.88959,0,14512.4,-1.450786,60.10957,0,78.8765,2.576783,59.98018,0,98.5651,0.451490,60.11074,0,54.6425,4.601351,60.23197,0,PMU,14403.8,-0.430389,60.01399,0,14436.6,3.761081,60.09092,0,14537.7,1.674268,59.87182,0,78.928,-0.575119,59.95687,0,97.8268,3.577170,59.87294,0,54.8873,1.438519,59.77503,0,PMU,14499.1,2.732746,59.96853,0,14384.8,0.636805,59.88343,0,14514.8,-1.438030,60.11074,0,79.0493,2.589784,60.02098,0,98.6226,0.462904,60.13755,0,54.6449,4.613434,60.24125,0,PMU,14501.3,2.786134,59.97669,0,14376.2,0.689658,59.87443,0,14511.5,-1.384279,60.10840,0,79.183,2.643230,60.03264,0,97.6347,0.513909,60.76085,0,54.7958,4.664148,61.05482,0,PMU
21,0.183333,14393.7,2.525156,60.03847,0,14458.1,0.432648,60.07344,0,14535,4.627777,59.86944,0,78.6433,2.381659,59.98251,0,97.567,0.255956,59.94055,0,54.4125,4.403597,59.87877,0,PMU,14405,2.720969,60.01399,0,14435.7,0.629420,60.09525,0,14538.1,-1.457317,59.87527,0,78.9049,2.576661,59.99767,0,97.8328,0.444777,59.87178,0,54.9547,4.588534,59.75521,0,PMU,14493.2,-0.432220,59.96503,0,14382.6,3.755283,59.88926,0,14512.1,1.679942,60.10837,0,78.9903,-0.574081,60.01982,0,98.5585,3.582663,60.10491,0,54.6905,1.449016,60.20049,0,PMU,14408.4,2.733418,60.01282,0,14435.1,0.641932,60.09792,0,14539.7,-1.444805,59.87061,0,78.9282,2.587586,59.95804,0,97.788,0.454908,59.84730,0,54.9727,4.600070,59.74476,0,PMU,14410.5,2.786622,60.00933,0,14418,0.695501,60.11158,0,14533.6,-1.390809,59.87528,0,79.0603,2.640972,59.95687,0,101.518,0.474803,59.25314,0,55.8621,4.609894,58.96383,0,PMU
22,0.191667,14478.3,2.522226,59.94405,0,14388.7,0.427948,59.91024,0,14521.4,4.633758,60.11424,0,78.7174,2.381354,59.99417,0,97.7255,0.257848,60.03614,0,54.2073,4.406954,60.06411,0,PMU,14494.6,2.719382,59.96969,0,14383,0.623639,59.88959,0,14512.9,-1.451580,60.10957,0,78.8747,2.575807,59.98368,0,98.5009,0.450453,60.10841,0,54.6427,4.600558,60.22963,0,PMU,14403.6,-0.431488,60.01399,0,14436.2,3.759982,60.08976,0,14537.8,1.673169,59.87065,0,78.9042,-0.576156,59.96037,0,97.8439,3.576254,59.87760,0,54.8831,1.437847,59.78669,0,PMU,14499.1,2.731831,59.96969,0,14385.1,0.635889,59.88460,0,14514.6,-1.438946,60.11191,0,79.0949,2.589051,60.02798,0,98.5938,0.462171,60.13871,0,54.6106,4.612580,60.23892,0,PMU,14502.5,2.785401,59.97669,0,14377.6,0.688926,59.87443,0,14512.4,-1.385072,60.10957,0,79.1436,2.642559,60.03031,0,97.7432,0.513238,60.73404,0,54.8681,4.661340,60.98255,0,PMU
23,0.200000,14393.7,2.524179,60.03730,0,14458.2,0.431732,60.07227,0,14534.7,4.626800,59.86711,0,78.5645,2.381049,59.99417,0,97.4886,0.255162,59.94871,0,54.2959,4.402743,59.91957,0,PMU,14405.9,2.720053,60.01282,0,14436,0.628583,60.09442,0,14539.4,-1.458172,59.87411,0,78.9148,2.575379,59.99184,0,97.7568,0.443678,59.87061,0,54.969,4.587741,59.75521,0,PMU,14493.7,-0.433258,59.96620,0,14383.2,3.754184,59.88927,0,14512.9,1.678904,60.10953,0,79.0204,-0.575058,60.02098,0,98.575,3.581626,60.10258,0,54.6666,1.448040,60.19466,0,PMU,14408,2.732502,60.01282,0,14435.9,0.641016,60.09792,0,14539.1,-1.445782,59.86944,0,78.9586,2.587037,59.96153,0,97.8082,0.454115,59.84613,0,54.9675,4.599459,59.74942,0,PMU,14410.8,2.785768,60.00699,0,14419.2,0.694646,60.10925,0,14533.8,-1.391664,59.87411,0,78.9731,2.640178,59.95454,0,101.149,0.475902,59.28694,0,55.748,4.610993,59.03843,0,PMU
24,0.208333,14478.7,2.521372,59.94638,0,14389,0.426971,59.90908,0,14521.1,4.632782,60.11424,0,78.7021,2.380927,59.99767,0,97.8307,0.256932,60.03380,0,54.2669,4.406283,60.06761,0,PMU,14495.3,2.718527,59.97086,0,14382.6,0.622784,59.88926,0,14513.6,-1.452434,60.10957,0,78.8352,2.574836,59.98962,0,98.398,0.449354,60.10841,0,54.6295,4.599947,60.23313,0,PMU,14404.4,-0.432465,60.01515,0,14436.7,3.759006,60.09208,0,14538.2,1.672193,59.87182,0,78.8953,-0.577194,59.95920,0,97.8416,3.574912,59.87178,0,54.8607,1.436871,59.78669,0,PMU,14498.4,2.730915,59.96969,0,14385.1,0.634974,59.88460,0,14514.6,-1.439923,60.11191,0,79.0639,2.587892,60.01632,0,98.4889,0.461134,60.13405,0,54.6281,4.611664,60.23310,0,PMU,14502.4,2.784425,59.97436,0,14378.5,0.687949,59.87210,0,14512,-1.386049,60.10724,0,79.0963,2.641643,60.02798,0,97.639,0.512688,60.70257,0,54.798,4.659448,60.92543,0,PMU
25,0.216667,14393.8,2.523386,60.03847,0,14459.6,0.430878,60.07460,0,14534.8,4.625885,59.86828,0,78.5801,2.380561,59.99301,0,97.4745,0.254308,59.94988,0,54.3062,4.401400,59.90675,0,PMU,14405.7,2.719138,60.01166,0,14435.8,0.627667,60.09325,0,14539.1,-1.459026,59.87411,0,78.9172,2.574286,59.98951,0,97.6233,0.442701,59.87294,0,54.8889,4.586764,59.74822,0,PMU,14493.5,-0.434235,59.96620,0,14383.7,3.753208,59.88927,0,14513.2,1.677869,60.10841,0,78.9703,-0.576706,60.00933,0,98.4436,3.580405,60.10491,0,54.6244,1.446636,60.18651,0,PMU,14408.1,2.731587,60.01282,0,14436,0.640101,60.09792,0,14539,-1.446697,59.87061,0,78.9299,2.585999,59.96386,0,97.6546,0.453138,59.84730,0,54.9363,4.598361,59.74592,0,PMU,14411.2,2.784730,60.00583,0,14420.9,0.693670,60.10925,0,14534.1,-1.392701,59.87294,0,79.0135,2.639995,59.96853,0,100.673,0.476573,59.31025,0,55.7279,4.612885,59.11070,0,PMU
26,0.225000,14478.8,2.520517,59.94521,0,14390.4,0.426178,59.91025,0,14521.8,4.631927,60.11540,0,78.685,2.379828,59.98601,0,97.8392,0.256139,60.03497,0,54.2989,4.406527,60.09791,0,PMU,14495.3,2.717551,59.96969,0,14382.6,0.621808,59.88809,0,14513.4,-1.453411,60.10724,0,78.9115,2.574348,60.00117,0,98.3901,0.448683,60.11424,0,54.5952,4.598910,60.23197,0,PMU,14404.4,-0.433502,60.01399,0,14437.2,3.758029,60.09208,0,14538.8,1.671155,59.87177,0,78.8278,-0.578415,59.96736,0,97.7639,3.573874,59.87527,0,54.8203,1.435894,59.79484,0,PMU,14498,2.729941,59.96857,0,14384.4,0.634058,59.88460,0,14514.9,-1.440899,60.11074,0,79.0461,2.586793,60.01515,0,98.4891,0.460279,60.13638,0,54.6059,4.610687,60.23543,0,PMU,14501.7,2.783326,59.97319,0,14379.7,0.687034,59.87327,0,14512.5,-1.387086,60.10724,0,79.5657,2.640667,60.01282,0,97.3788,0.512261,60.68159,0,54.8409,4.658533,60.87181,0,PMU
27,0.233333,14394.2,2.522593,60.03963,0,14460.6,0.430023,60.07343,0,14535.4,4.624969,59.86711,0,78.572,2.379645,59.99650,0,97.5671,0.253331,59.94638,0,54.4143,4.400546,59.88577,0,PMU,14405.5,2.718161,60.01166,0,14436.2,0.626629,60.09209,0,14538.9,-1.460064,59.87294,0,79.0006,2.573493,59.98368,0,97.7007,0.441803,59.86860,0,54.8814,4.586032,59.75405,0,PMU,14493.7,-0.435272,59.96620,0,14383.8,3.752231,59.88927,0,14514.2,1.676892,60.10957,0,78.9324,-0.577926,60.00933,0,98.4727,3.579489,60.10724,0,54.6144,1.445965,60.19234,0,PMU,14407.9,2.730549,60.01162,0,14435.8,0.639063,60.09559,0,14539.1,-1.447613,59.87177,0,78.859,2.585084,59.96736,0,97.7122,0.452955,59.86012,0,54.9379,4.597567,59.74942,0,PMU,14410.4,2.783631,60.00583,0,14421.8,0.692754,60.10925,0,14534.4,-1.393678,59.87411,0,79.5877,2.637615,59.94172,0,100.257,0.477489,59.33590,0,55.7529,4.614899,59.16666,0,PMU
28,0.241667,14478.5,2.519663,59.94405,0,14390.4,0.425385,59.91141,0,14522.4,4.631134,60.11773,0,78.702,2.379218,59.99184,0,97.7729,0.255467,60.04080,0,54.2223,4.404635,60.07810,0,PMU,14495.5,2.716513,59.96853,0,14383,0.620831,59.88926,0,14513.6,-1.454449,60.10724,0,78.9657,2.573676,60.00350,0,98.4022,0.447645,60.11158,0,54.6352,4.598422,60.23663,0,PMU,14404.4,-0.434479,60.01515,0,14437.5,3.756992,60.09092,0,14538.8,1.670118,59.87061,0,78.8431,-0.579208,59.97552,0,97.7656,3.573020,59.87644,0,54.8615,1.435589,59.80183,0,PMU,14497.9,2.728964,59.96973,0,14384.2,0.633021,59.88460,0,14514.7,-1.441876,60.10957,0,79.0547,2.586244,60.02215,0,98.6237,0.459791,60.13055,0,54.6265,4.609833,60.23426,0,PMU,14501.6,2.782350,59.97552,0,14379.7,0.686179,59.87443,0,14512.4,-1.388002,60.10841,0,79.7003,2.638347,60.01399,0,97.289,0.512322,60.66527,0,54.8591,4.657251,60.80886,0,PMU
29,0.250000,14394.9,2.521677,60.03847,0,14460.8,0.429169,60.07227,0,14535.4,4.624115,59.86595,0,78.554,2.378668,59.98951,0,97.5807,0.252782,59.94871,0,54.3628,4.400362,59.91841,0,PMU,14405.7,2.717184,60.01282,0,14436.2,0.625653,60.09209,0,14539.6,-1.461040,59.87411,0,79.0121,2.572700,59.98135,0,97.7714,0.441193,59.87676,0,54.9282,4.585727,59.75754,0,PMU,14493.9,-0.436310,59.96503,0,14384.3,3.751194,59.88927,0,14514.6,1.675855,60.10957,0,78.9989,-0.578781,60.00816,0,98.4972,3.578757,60.10957,0,54.6838,1.445355,60.18651,0,PMU,14407.4,2.729697,60.01399,0,14435.8,0.638087,60.09675,0,14537.7,-1.448589,59.87178,0,78.8939,2.585023,59.97669,0,97.8232,0.452040,59.85196,0,54.9699,4.596896,59.75292,0,PMU,14410,2.782716,60.00699,0,14422.4,0.691778,60.10692,0,14534.6,-1.394593,59.87411,0,79.5723,2.637005,59.97435,0,100.048,0.479503,59.37320,0,55.6876,4.615814,59.20862,0,PMU
30,0.258333,14479,2.518808,59.94521,0,14391.2,0.424469,59.91025,0,14522.8,4.630157,60.11540,0,78.7008,2.378485,59.99650,0,97.8753,0.254552,60.03380,0,54.3438,4.404207,60.07343,0,PMU,14495.6,2.715536,59.96853,0,14382.3,0.619794,59.88809,0,14513.3,-1.455364,60.10841,0,78.9753,2.572944,60.00466,0,98.512,0.446974,60.11041,0,54.6905,4.597872,60.23197,0,PMU,14404.5,-0.435516,60.01515,0,14438.2,3.756015,60.09208,0,14539.2,1.669141,59.87178,0,78.9185,-0.579574,59.98485,0,97.8625,3.572043,59.87178,0,54.8823,1.434674,59.79601,0,PMU,14496.8,2.727988,59.96736,0,14383.4,0.632044,59.88460,0,14513.5,-1.442913,60.10840,0,79.039,2.585145,60.00233,0,98.5038,0.458448,60.12239,0,54.6379,4.608673,60.22493,0,PMU,14501.2,2.781373,59.97435,0,14380.2,0.685142,59.87327,0,14512.3,-1.388978,60.10724,0,79.6259,2.636943,59.99883,0,97.4745,0.512322,60.62680,0,54.8075,4.655542,60.75874,0,PMU
31,0.266667,14395,2.520823,60.03847,0,14461.3,0.428253,60.07227,0,14535.5,4.623199,59.86711,0,78.5642,2.378241,59.99534,0,97.4471,0.251927,59.94988,0,54.3655,4.399203,59.90442,0,PMU,14405.4,2.716208,60.01282,0,14436.2,0.624676,60.09325,0,14539.1,-1.462078,59.87178,0,78.9738,2.571296,59.96853,0,97.758,0.440277,59.87210,0,54.9586,4.584994,59.75405,0,PMU,14493.5,-0.437286,59.96620,0,14384.8,3.750217,59.88927,0,14514.6,1.674817,60.10841,0,78.9841,-0.579940,59.99301,0,98.4516,3.577841,60.11074,0,54.696,1.445049,60.19817,0,PMU,14406.4,2.728598,60.01166,0,14435.5,0.637049,60.09559,0,14537.3,-1.449688,59.87061,0,78.8163,2.583924,59.97669,0,97.6748,0.450941,59.85663,0,54.9392,4.595309,59.74476,0,PMU,14409.3,2.781617,60.00466,0,14422.8,0.690696,60.10608,0,14534.6,-1.395631,59.87294,0,79.5756,2.635740,59.97702,0,99.977,0.480113,59.38486,0,55.627,4.616486,59.25408,0,PMU
32,0.275000,14478.3,2.517893,59.94405,0,14391,0.423493,59.90908,0,14522.4,4.629242,60.11540,0,78.6479,2.377143,59.97902,0,97.8779,0.254002,60.03963,0,54.2919,4.404146,60.09442,0,PMU,14495.5,2.714560,59.96853,0,14382.9,0.618817,59.88809,0,14513.1,-1.456402,60.10841,0,78.9444,2.571906,60.01166,0,98.4794,0.445997,60.10925,0,54.7242,4.596896,60.22730,0,PMU,14404.3,-0.436493,60.01515,0,14438.4,3.755100,60.09325,0,14539.6,1.668164,59.87294,0,78.8999,-0.580612,59.98718,0,97.8004,3.571555,59.87994,0,54.9247,1.434063,59.79018,0,PMU,14495.9,2.726889,59.96736,0,14382.7,0.631007,59.88460,0,14513.1,-1.444012,60.10840,0,78.9806,2.583985,60.00117,0,98.4611,0.457167,60.11890,0,54.6041,4.607086,60.22493,0,PMU,14501.3,2.780274,59.97435,0,14379.9,0.684104,59.87411,0,14512.2,-1.390016,60.10724,0,79.6965,2.636045,60.00583,0,97.6271,0.510796,60.58600,0,54.8007,4.654199,60.72027,0,PMU
33,0.283333,14394.7,2.519785,60.03614,0,14461.3,0.427216,60.07110,0,14535.1,4.622223,59.86595,0,78.5435,2.376776,59.99301,0,97.5767,0.251012,59.94288,0,54.3995,4.397860,59.87994,0,PMU,14405,2.715231,60.01282,0,14436.1,0.623700,60.09325,0,14538.8,-1.463055,59.87294,0,78.9516,2.570197,59.96736,0,97.7106,0.439423,59.87443,0,54.9292,4.584201,59.75754,0,PMU,14493.6,-0.438202,59.96736,0,14384.7,3.749363,59.89043,0,14514.8,1.673963,60.11074,0,78.9856,-0.580917,59.99417,0,98.5921,3.577597,60.11540,0,54.6763,1.443951,60.18884,0,PMU,14405.8,2.727560,60.01282,0,14435,0.636011,60.09559,0,14536.9,-1.450664,59.87295,0,78.8363,2.583619,59.99301,0,97.6288,0.450148,59.86595,0,54.9258,4.594576,59.76108,0,PMU,14409.4,2.780641,60.00699,0,14422.8,0.689719,60.10724,0,14534.4,-1.396608,59.87411,0,79.6606,2.634947,59.97902,0,99.9609,0.479991,59.41167,0,55.6262,4.617462,59.29838,0,PMU
34,0.291667,14478.5,2.516855,59.94405,0,14390.9,0.422577,59.91141,0,14523.6,4.628326,60.11657,0,78.6899,2.376227,59.98951,0,97.8445,0.253392,60.04546,0,54.2292,4.402559,60.08975,0,PMU,14495,2.713584,59.96853,0,14382.3,0.617840,59.88809,0,14512.8,-1.457378,60.10841,0,78.9145,2.570991,60.01515,0,98.4087,0.445265,60.11158,0,54.6608,4.595492,60.21565,0,PMU,14404.7,-0.437347,60.01632,0,14439,3.754184,60.09209,0,14539.8,1.667249,59.87178,0,78.8908,-0.581405,59.99067,0,98.0109,3.571005,59.87411,0,54.9067,1.433331,59.79717,0,PMU,14494.9,2.725912,59.96853,0,14382.1,0.630030,59.88576,0,14512.3,-1.444988,60.10840,0,78.9639,2.583192,59.99184,0,98.4585,0.456617,60.12356,0,54.5978,4.606476,60.22727,0,PMU,14500.4,2.779298,59.97435,0,14379.8,0.683128,59.87411,0,14511.6,-1.391114,60.10491,0,79.6688,2.634764,59.99650,0,97.797,0.509392,60.56152,0,54.7938,4.652734,60.67364,0,PMU
35,0.300000,14394.9,2.518869,60.03847,0,14461,0.426361,60.07227,0,14535.3,4.621368,59.86711,0,78.5464,2.376227,60.00000,0,97.6471,0.250523,59.94521,0,54.3283,4.397799,59.90908,0,PMU,14404.3,2.714255,60.01282,0,14435.1,0.622601,60.09092,0,14537.6,-1.464090,59.87182,0,78.8795,2.569282,59.96736,0,97.768,0.438629,59.87327,0,54.8595,4.583102,59.76337,0,PMU,14493.7,-0.439056,59.96736,0,14385.7,3.748447,59.89043,0,14515.2,1.673047,60.11074,0,78.875,-0.582015,59.98835,0,98.6802,3.576804,60.11074,0,54.6562,1.442608,60.17718,0,PMU,14404.3,2.726584,60.01282,0,14433.8,0.635035,60.09559,0,14535.9,-1.451641,59.87295,0,78.7946,2.582642,59.98951,0,97.6785,0.449659,59.86711,0,54.9397,4.593783,59.75758,0,PMU,14408.5,2.779542,60.00466,0,14422.8,0.688621,60.10491,0,14534.6,-1.397706,59.87411,0,79.6243,2.633360,59.97319,0,99.8632,0.480480,59.44780,0,55.5655,4.618134,59.33918,0,PMU
36,0.308333,14478,2.516001,59.94521,0,14390.5,0.421723,59.91141,0,14523.6,4.627472,60.11657,0,78.6965,2.375373,59.98368,0,97.8176,0.252354,60.03497,0,54.2411,4.401705,60.07460,0,PMU,14494.2,2.712485,59.96620,0,14382.1,0.616742,59.88809,0,14512,-1.458477,60.10720,0,78.9153,2.570441,60.02215,0,98.5067,0.444227,60.10692,0,54.6391,4.594027,60.20865,0,PMU,14405.2,-0.438202,60.01632,0,14439.8,3.753330,60.09325,0,14540,1.666394,59.87294,0,78.7449,-0.581893,60.00233,0,98.0189,3.570090,59.87178,0,54.8599,1.432171,59.80067,0,PMU,14493.2,2.724875,59.96736,0,14380.7,0.629053,59.88576,0,14511.1,-1.446087,60.10607,0,78.8878,2.581666,59.98135,0,98.4001,0.455763,60.11657,0,54.6631,4.605499,60.22377,0,PMU,14499.7,2.778199,59.97435,0,14379.2,0.682090,59.87527,0,14511.7,-1.392152,60.10608,0,79.6183,2.633482,60.00233,0,97.9067,0.508416,60.53354,0,54.7657,4.651636,60.63984,0,PMU
37,0.316667,14394.6,2.518015,60.03847,0,14460.6,0.425446,60.07111,0,14535,4.620514,59.86712,0,78.5644,2.375373,60.00000,0,97.5109,0.249364,59.94288,0,54.2649,4.396334,59.89742,0,PMU,14403.9,2.713217,60.01399,0,14435.6,0.621502,60.09092,0,14537.2,-1.465250,59.87065,0,78.8905,2.568671,59.96620,0,97.7816,0.437653,59.87443,0,54.8418,4.581942,59.76920,0,PMU,14493.9,-0.439850,59.96853,0,14385.6,3.747593,59.89043,0,14515.1,1.672132,60.10957,0,78.7715,-0.582076,59.99650,0,98.6494,3.575827,60.10957,0,54.7033,1.442852,60.20399,0,PMU,14403.5,2.725485,60.01166,0,14432.9,0.633997,60.09442,0,14535.4,-1.452740,59.87295,0,78.7493,2.581788,60.00233,0,97.6419,0.448866,59.86828,0,54.9876,4.592867,59.75875,0,PMU,14407.9,2.778504,60.00583,0,14422.7,0.687583,60.10491,0,14534.5,-1.398744,59.87411,0,79.7119,2.632566,59.98251,0,99.6702,0.480174,59.46063,0,55.5249,4.618988,59.37648,0,PMU
38,0.325000,14477.9,2.515085,59.94405,0,14390.3,0.420807,59.91141,0,14523.5,4.626556,60.11540,0,78.7069,2.374274,59.97902,0,97.8656,0.251317,60.03730,0,54.254,4.402376,60.11540,0,PMU,14493.6,2.711447,59.96620,0,14382.5,0.615704,59.88926,0,14511.7,-1.459576,60.10837,0,78.991,2.570075,60.02681,0,98.545,0.443678,60.11508,0,54.6553,4.593173,60.21448,0,PMU,14404.9,-0.439117,60.01399,0,14439.3,3.752414,60.09209,0,14540,1.665479,59.87294,0,78.7511,-0.582321,59.99534,0,97.86,3.568930,59.86828,0,54.9265,1.431578,59.78468,0,PMU,14491.8,2.723776,59.96736,0,14379.9,0.628033,59.88610,0,14510.4,-1.447247,60.10491,0,78.8134,2.580689,59.97902,0,98.4335,0.454847,60.11424,0,54.6335,4.603671,60.20633,0,PMU,14499.5,2.777223,59.97553,0,14379.1,0.681114,59.87644,0,14511.3,-1.393129,60.10724,0,79.728,2.632688,60.00233,0,97.8657,0.506890,60.51023,0,54.7571,4.651025,60.61186,0,PMU
39,0.333333,14394.6,2.517099,60.03847,0,14460.6,0.424591,60.07227,0,14535,4.619660,59.86828,0,78.6086,2.374701,60.00816,0,97.4661,0.248265,59.94172,0,54.3844,4.396090,59.87994,0,PMU,14403.6,2.712241,60.01515,0,14436.2,0.620526,60.09209,0,14537,-1.466287,59.87182,0,78.9448,2.567939,59.95920,0,97.9107,0.436554,59.86394,0,54.9046,4.581393,59.77503,0,PMU,14493.5,-0.440887,59.96620,0,14385,3.746677,59.89043,0,14515.2,1.671216,60.10957,0,78.7118,-0.583114,59.98485,0,98.3703,3.574607,60.10841,0,54.6346,1.441387,60.18734,0,PMU,14402.9,2.724448,60.01282,0,14432.6,0.632899,60.09292,0,14535.3,-1.453777,59.87528,0,78.785,2.581117,60.00816,0,97.6813,0.448378,59.87644,0,54.9453,4.591586,59.76920,0,PMU,14407.5,2.777589,60.00699,0,14423,0.686668,60.10608,0,14533.9,-1.399720,59.87411,0,79.7461,2.631651,59.98018,0,99.5567,0.479991,59.48627,0,55.4822,4.619782,59.40329,0,PMU
40,0.341667,14477.9,2.514231,59.94521,0,14389.8,0.420014,59.91257,0,14523.5,4.625763,60.11656,0,78.722,2.373297,59.97319,0,97.6547,0.250462,60.04196,0,54.2087,4.400912,60.09209,0,PMU,14493.7,2.710471,59.96620,0,14382.9,0.614728,59.88926,0,14512.1,-1.460613,60.10837,0,78.9961,2.568732,60.01515,0,98.4822,0.442230,60.10841,0,54.6913,4.591891,60.20049,0,PMU,14404.5,-0.440155,60.01399,0,14439.4,3.751438,60.09092,0,14539.8,1.664441,59.87061,0,78.6949,-0.583480,59.99301,0,97.6892,3.567649,59.86712,0,54.8676,1.430846,59.79867,0,PMU,14492.4,2.722800,59.96853,0,14380.2,0.626996,59.88726,0,14510.8,-1.448162,60.10724,0,78.8999,2.579957,59.97785,0,98.5741,0.454420,60.11540,0,54.6201,4.602999,60.21798,0,PMU,14498.7,2.776246,59.97436,0,14378.5,0.680198,59.87644,0,14510.4,-1.394105,60.10724,0,79.7137,2.631773,60.00233,0,97.8452,0.505425,60.48575,0,54.7365,4.649439,60.56641,0,PMU
41,0.350000,14394.6,2.516245,60.03847,0,14460.1,0.423737,60.07111,0,14534.5,4.618805,59.86712,0,78.6081,2.373664,60.00699,0,97.4619,0.247472,59.94289,0,54.3167,4.395907,59.90441,0,PMU,14403.8,2.711203,60.01399,0,14436.6,0.619488,60.09092,0,14537.7,-1.467325,59.87182,0,78.928,2.566474,59.95687,0,97.8268,0.435577,59.87294,0,54.8873,4.580111,59.77503,0,PMU,14493.6,-0.441925,59.96620,0,14385.1,3.745639,59.88926,0,14515.1,1.670118,60.10841,0,78.7228,-0.583724,59.99534,0,98.4421,3.573447,60.11073,0,54.6639,1.440228,60.17918,0,PMU,14403.8,2.723532,60.01399,0,14433.8,0.631983,60.09525,0,14536,-1.454693,59.87527,0,78.8735,2.580262,60.00583,0,97.868,0.447340,59.86478,0,54.9546,4.590487,59.76104,0,PMU,14407.2,2.776552,60.00583,0,14422.9,0.685630,60.10375,0,14533.5,-1.400758,59.87294,0,79.7424,2.630369,59.97319,0,99.374,0.480113,59.51658,0,55.5776,4.619415,59.42660,0,PMU
42,0.358333,14477.7,2.513437,59.94638,0,14390,0.419159,59.91257,0,14523.9,4.624908,60.11656,0,78.7057,2.372321,59.97436,0,97.7256,0.249547,60.03963,0,54.277,4.400179,60.08160,0,PMU,14493.2,2.709372,59.96503,0,14382.6,0.613690,59.88926,0,14512.1,-1.461651,60.10837,0,78.9903,2.567512,60.01982,0,98.5585,0.441071,60.10491,0,54.6905,4.590609,60.20049,0,PMU,14404.3,-0.441193,60.01399,0,14439.5,3.750339,60.08976,0,14539.5,1.663404,59.87177,0,78.7617,-0.584274,59.98951,0,97.7865,3.566855,59.87411,0,54.8438,1.429625,59.79750,0,PMU,14492.5,2.721945,59.96969,0,14380.8,0.626141,59.88843,0,14510.9,-1.449078,60.10724,0,78.8661,2.578553,59.96736,0,98.5603,0.453077,60.10957,0,54.6211,4.602267,60.22498,0,PMU,14499.3,2.775270,59.97552,0,14378.8,0.679221,59.87760,0,14510.7,-1.395082,60.10841,0,79.7449,2.630857,60.00933,0,97.9527,0.504283,60.46160,0,54.9823,4.647547,60.53726,0,PMU
43,0.366667,14395,2.515451,60.03847,0,14460.5,0.422943,60.07227,0,14535,4.618073,59.86945,0,78.664,2.373358,60.01981,0,97.5079,0.246617,59.94405,0,54.3007,4.394503,59.89159,0,PMU,14403.6,2.710105,60.01399,0,14436.2,0.618390,60.08976,0,14537.8,-1.468423,59.87065,0,78.9042,2.565436,59.96037,0,97.8439,0.434662,59.87760,0,54.8831,4.579440,59.78669,0,PMU,14493.5,-0.443007,59.96536,0,14384.9,3.744541,59.88926,0,14514.8,1.669080,60.10841,0,78.7663,-0.584518,59.99534,0,98.4485,3.572653,60.11073,0,54.6644,1.439678,60.19201,0,PMU,14404,2.722617,60.01282,0,14434.5,0.631068,60.09409,0,14537.1,-1.455669,59.87411,0,78.8538,2.578797,60.00466,0,97.869,0.446547,59.87527,0,54.9588,4.589694,59.75987,0,PMU,14407,2.775636,60.00699,0,14424.1,0.684776,60.10608,0,14534,-1.401671,59.87415,0,79.7875,2.629454,59.97319,0,99.0903,0.480907,59.55355,0,55.7031,4.619660,59.46740,0,PMU
44,0.375000,14478.5,2.512722,59.94788,0,14390.5,0.418427,59.91374,0,14524.4,4.624176,60.11656,0,78.7164,2.371222,59.95921,0,97.8267,0.248753,60.04079,0,54.2573,4.400362,60.11191,0,PMU,14493.7,2.708335,59.96620,0,14383.2,0.612592,59.88927,0,14512.9,-1.462688,60.10953,0,79.0204,2.566535,60.02098,0,98.575,0.440033,60.10258,0,54.6666,4.589633,60.19466,0,PMU,14404.1,-0.442230,60.01483,0,14439.4,3.749302,60.09092,0,14539.6,1.662366,59.87178,0,78.786,-0.585433,59.98251,0,97.7975,3.565879,59.87061,0,54.8886,1.428404,59.78468,0,PMU,14493.4,2.721030,59.96969,0,14381.5,0.625226,59.88843,0,14511.9,-1.449993,60.10841,0,78.8615,2.577577,59.97669,0,98.6166,0.452162,60.10724,0,54.6397,4.601717,60.22964,0,PMU,14499.1,2.774415,59.97669,0,14380.3,0.678489,59.87994,0,14511.4,-1.395997,60.10837,0,79.7741,2.630064,60.01166,0,97.7818,0.504222,60.44529,0,55.0322,4.646509,60.51278,0,PMU
45,0.383333,14396,2.514780,60.03930,0,14461.4,0.422211,60.07227,0,14535.8,4.617340,59.86945,0,78.6303,2.372077,60.01632,0,97.5099,0.245641,59.94056,0,54.3362,4.393404,59.86711,0,PMU,14404.4,2.709128,60.01515,0,14436.7,0.617413,60.09208,0,14538.2,-1.469400,59.87182,0,78.8953,2.564399,59.95920,0,97.8416,0.433319,59.87178,0,54.8607,4.578463,59.78669,0,PMU,14493.2,-0.444044,59.96536,0,14385.1,3.743503,59.88926,0,14515,1.667981,60.10724,0,78.7802,-0.585433,60.00000,0,98.4126,3.571677,60.11073,0,54.6437,1.438153,60.18618,0,PMU,14404.6,2.721762,60.01399,0,14435.3,0.630213,60.09525,0,14538,-1.456524,59.87527,0,78.8836,2.577821,60.00466,0,97.8199,0.445692,59.87644,0,54.9779,4.589206,59.76104,0,PMU,14407.2,2.774843,60.00816,0,14424.9,0.683982,60.10491,0,14534.9,-1.402587,59.87415,0,79.7394,2.628355,59.96736,0,99.0729,0.480846,59.55355,0,55.7093,4.619782,59.48955,0,PMU
46,0.391667,14478.8,2.511990,59.94671,0,14391.1,0.417755,59.91491,0,14525.1,4.623443,60.11656,0,78.6388,2.370185,59.96386,0,97.8363,0.247899,60.04313,0,54.2024,4.398714,60.10141,0,PMU,14493.5,2.707358,59.96620,0,14383.7,0.611615,59.88927,0,14513.2,-1.463724,60.10841,0,78.9703,2.564887,60.00933,0,98.4436,0.438812,60.10491,0,54.6244,4.588229,60.18651,0,PMU,14404.4,-0.443312,60.01399,0,14439.6,3.748264,60.09092,0,14539.9,1.661268,59.87178,0,78.8078,-0.586715,59.97552,0,97.7632,3.565268,59.87761,0,54.8909,1.427916,59.80450,0,PMU,14494.3,2.720236,59.97086,0,14382.4,0.624432,59.88959,0,14512.4,-1.450786,60.10957,0,78.8765,2.576783,59.98018,0,98.5651,0.451490,60.11074,0,54.6425,4.601351,60.23197,0,PMU,14499.7,2.773561,59.97552,0,14381.6,0.677635,59.87877,0,14512.2,-1.396913,60.10837,0,79.7013,2.629209,60.01632,0,97.8616,0.502818,60.41964,0,55.0414,4.645532,60.49180,0,PMU
47,0.400000,14396,2.513987,60.03813,0,14461.8,0.421479,60.07111,0,14536.2,4.616547,59.86828,0,78.6214,2.371161,60.01865,0,97.5341,0.244603,59.93705,0,54.3879,4.393649,59.90325,0,PMU,14404.4,2.708090,60.01399,0,14437.2,0.616437,60.09208,0,14538.8,-1.470438,59.87177,0,78.8278,2.563178,59.96736,0,97.7639,0.432281,59.87527,0,54.8203,4.577487,59.79484,0,PMU,14493.5,-0.445082,59.96620,0,14385,3.742405,59.88809,0,14514.6,1.666944,60.10840,0,78.753,-0.586532,60.00350,0,98.5138,3.570700,60.10374,0,54.6673,1.436993,60.17335,0,PMU,14405,2.720969,60.01399,0,14435.7,0.629420,60.09525,0,14538.1,-1.457317,59.87527,0,78.9049,2.576661,59.99767,0,97.8328,0.444777,59.87178,0,54.9547,4.588534,59.75521,0,PMU,14408,2.774049,60.00933,0,14426.4,0.683189,60.10608,0,14536.3,-1.403441,59.87531,0,79.681,2.627562,59.96853,0,98.924,0.481029,59.58386,0,55.7163,4.620209,59.51636,0,PMU
48,0.408333,14479.9,2.511196,59.94671,0,14392.2,0.417023,59.91491,0,14526.3,4.622589,60.11540,0,78.6574,2.369513,59.96853,0,97.7411,0.246679,60.03963,0,54.3706,4.398165,60.08626,0,PMU,14493.7,2.706320,59.96620,0,14383.8,0.610639,59.88927,0,14514.2,-1.464700,60.10957,0,78.9324,2.563666,60.00933,0,98.4727,0.437897,60.10724,0,54.6144,4.587558,60.19234,0,PMU,14404.2,-0.444349,60.01399,0,14440,3.747165,60.09092,0,14539.6,1.660230,59.87178,0,78.7218,-0.588241,59.96736,0,97.7903,3.564353,59.87877,0,54.8423,1.426756,59.80450,0,PMU,14494.6,2.719382,59.96969,0,14383,0.623639,59.88959,0,14512.9,-1.451580,60.10957,0,78.8747,2.575807,59.98368,0,98.5009,0.450453,60.10841,0,54.6427,4.600558,60.22963,0,PMU,14500.5,2.772767,59.97552,0,14382.3,0.676841,59.87877,0,14513.3,-1.397706,60.10953,0,79.6616,2.628782,60.02331,0,97.9586,0.502391,60.40798,0,55.0654,4.644800,60.46965,0,PMU
49,0.416667,14396.8,2.513254,60.03930,0,14462.6,0.420746,60.07111,0,14537.2,4.615814,59.87061,0,78.643,2.370490,60.01865,0,97.4193,0.243749,59.94405,0,54.3692,4.392245,59.88693,0,PMU,14404.4,2.707114,60.01515,0,14437.5,0.615399,60.09092,0,14538.8,-1.471475,59.87061,0,78.8431,2.562385,59.97552,0,97.7656,0.431427,59.87644,0,54.8615,4.577182,59.80183,0,PMU,14493.4,-0.446119,59.96620,0,14385.1,3.741367,59.88926,0,14514.5,1.665906,60.10840,0,78.7243,-0.587753,60.00933,0,98.4692,3.570029,60.10840,0,54.6673,1.436810,60.19201,0,PMU,14405.9,2.720053,60.01282,0,14436,0.628583,60.09442,0,14539.4,-1.458172,59.87411,0,78.9148,2.575379,59.99184,0,97.7568,0.443678,59.87061,0,54.969,4.587741,59.75521,0,PMU,14408.6,2.773317,60.01049,0,14427.2,0.682395,60.10608,0,14536.7,-1.404235,59.87531,0,79.6662,2.627073,59.96736,0,98.8916,0.480724,59.58619,0,55.7239,4.620819,59.54200,0,PMU
50,0.425000,14480.2,2.510464,59.94671,0,14392.5,0.416230,59.91374,0,14526.6,4.621857,60.11540,0,78.6177,2.368537,59.96270,0,97.7708,0.246007,60.04313,0,54.318,4.397860,60.10724,0,PMU,14493.9,2.705283,59.96503,0,14384.3,0.609601,59.88927,0,14514.6,-1.465738,60.10957,0,78.9989,2.562812,60.00816,0,98.4972,0.437164,60.10957,0,54.6838,4.586947,60.18651,0,PMU,14403.7,-0.445387,60.01399,0,14440,3.746067,60.08976,0,14539.7,1.659131,59.87061,0,78.7294,-0.589401,59.96853,0,97.8284,3.563437,59.87411,0,54.873,1.425536,59.78468,0,PMU,14495.3,2.718527,59.97086,0,14382.6,0.622784,59.88926,0,14513.6,-1.452434,60.10957,0,78.8352,2.574836,59.98962,0,98.398,0.449354,60.10841,0,54.6295,4.599947,60.23313,0,PMU,14500.6,2.771974,59.97435,0,14382.7,0.676048,59.87877,0,14513.4,-1.398561,60.10837,0,79.6261,2.628416,60.02565,0,97.9024,0.501353,60.39399,0,55.1156,4.644556,60.45334,0,PMU
51,0.433333,14397.2,2.512478,60.03847,0,14462.5,0.419953,60.07111,0,14537.6,4.615021,59.86945,0,78.6288,2.369452,60.01749,0,97.4656,0.243016,59.94288,0,54.4012,4.391146,59.87178,0,PMU,14404.5,2.706076,60.01515,0,14438.2,0.614422,60.09208,0,14539.2,-1.472452,59.87178,0,78.9185,2.562018,59.98485,0,97.8625,0.430450,59.87178,0,54.8823,4.576266,59.79601,0,PMU,14492.9,-0.447279,59.96386,0,14384.9,3.740268,59.88926,0,14514.5,1.664746,60.10724,0,78.7494,-0.588668,60.01399,0,98.3791,3.568625,60.09908,0,54.6,1.435101,60.18268,0,PMU,14405.7,2.719138,60.01166,0,14435.8,0.627667,60.09325,0,14539.1,-1.459026,59.87411,0,78.9172,2.574286,59.98951,0,97.6233,0.442701,59.87294,0,54.8889,4.586764,59.74822,0,PMU,14409,2.772523,60.01049,0,14427.5,0.681602,60.10608,0,14537.1,-1.405089,59.87531,0,79.5374,2.626341,59.96037,0,98.7647,0.480663,59.60484,0,55.6992,4.620514,59.54084,0,PMU
52,0.441667,14479.8,2.509671,59.94638,0,14392.6,0.415436,59.91374,0,14526.6,4.621063,60.11540,0,78.5961,2.367866,59.96969,0,97.8103,0.245580,60.04896,0,54.294,4.396334,60.09908,0,PMU,14493.5,2.704306,59.96620,0,14384.8,0.608624,59.88927,0,14514.6,-1.466775,60.10841,0,78.9841,2.561652,59.99301,0,98.4516,0.436249,60.11074,0,54.696,4.586642,60.19817,0,PMU,14403.7,-0.446547,60.01399,0,14440.3,3.744968,60.08976,0,14539.9,1.657972,59.87061,0,78.7391,-0.590316,59.96853,0,97.7481,3.562522,59.88344,0,54.8555,1.425414,59.81499,0,PMU,14495.3,2.717551,59.96969,0,14382.6,0.621808,59.88809,0,14513.4,-1.453411,60.10724,0,78.9115,2.574348,60.00117,0,98.3901,0.448683,60.11424,0,54.5952,4.598910,60.23197,0,PMU,14501,2.771119,59.97319,0,14382.2,0.675254,59.87877,0,14513.5,-1.399354,60.10953,0,79.4605,2.627745,60.02681,0,97.8759,0.500255,60.37418,0,55.018,4.643518,60.43935,0,PMU
53,0.450000,14396.5,2.511563,60.03614,0,14462.3,0.419098,60.06994,0,14537.4,4.614166,59.86828,0,78.6139,2.368415,60.01049,0,97.5014,0.242467,59.94055,0,54.4415,4.391329,59.90441,0,PMU,14404.3,2.705100,60.01515,0,14438.4,0.613507,60.09325,0,14539.6,-1.473428,59.87294,0,78.8999,2.560981,59.98718,0,97.8004,0.429962,59.87994,0,54.9247,4.575656,59.79018,0,PMU,14493.9,-0.448317,59.96620,0,14385.1,3.739231,59.89043,0,14515.1,1.663709,60.10957,0,78.8082,-0.589340,60.01865,0,98.5311,3.567893,60.10258,0,54.6614,1.434490,60.17335,0,PMU,14405.5,2.718161,60.01166,0,14436.2,0.626629,60.09209,0,14538.9,-1.460064,59.87294,0,79.0006,2.573493,59.98368,0,97.7007,0.441803,59.86860,0,54.8814,4.586032,59.75405,0,PMU,14408.9,2.771608,60.00933,0,14427.6,0.680686,60.10374,0,14537.2,-1.406005,59.87298,0,79.4181,2.625547,59.95804,0,98.582,0.480235,59.61766,0,55.5663,4.620697,59.56415,0,PMU
54,0.458333,14480.2,2.508816,59.94754,0,14392.7,0.414643,59.91491,0,14526.6,4.620209,60.11540,0,78.5953,2.367133,59.97552,0,97.7671,0.244725,60.04313,0,54.4062,4.395480,60.07927,0,PMU,14493.6,2.703391,59.96736,0,14384.7,0.607770,59.89043,0,14514.8,-1.467630,60.11074,0,78.9856,2.560676,59.99417,0,98.5921,0.436005,60.11540,0,54.6763,4.585543,60.18884,0,PMU,14404,-0.447523,60.01515,0,14440.7,3.743930,60.08976,0,14540,1.656995,59.87178,0,78.7628,-0.591415,59.96037,0,97.8188,3.561667,59.88110,0,54.813,1.423888,59.79750,0,PMU,14495.5,2.716513,59.96853,0,14383,0.620831,59.88926,0,14513.6,-1.454449,60.10724,0,78.9657,2.573676,60.00350,0,98.4022,0.447645,60.11158,0,54.6352,4.598422,60.23663,0,PMU,14500.3,2.770143,59.97202,0,14382.1,0.674278,59.87761,0,14513.5,-1.400331,60.10837,0,79.404,2.627195,60.03147,0,97.8807,0.499034,60.35902,0,54.8797,4.641931,60.40555,0,PMU
55,0.466667,14396.1,2.510769,60.03730,0,14462.2,0.418305,60.06994,0,14537.1,4.613373,59.86944,0,78.6656,2.367682,60.01049,0,97.397,0.241491,59.93822,0,54.3837,4.389887,59.89318,0,PMU,14404.7,2.704245,60.01632,0,14439,0.612592,60.09209,0,14539.8,-1.474344,59.87178,0,78.8908,2.560187,59.99067,0,98.0109,0.429413,59.87411,0,54.9067,4.574923,59.79717,0,PMU,14493.8,-0.449354,59.96503,0,14385.5,3.738195,59.89047,0,14514.8,1.662671,60.10840,0,78.7724,-0.590987,60.00816,0,98.4557,3.566916,60.10025,0,54.6147,1.433575,60.18501,0,PMU,14405.7,2.717184,60.01282,0,14436.2,0.625653,60.09209,0,14539.6,-1.461040,59.87411,0,79.0121,2.572700,59.98135,0,97.7714,0.441193,59.87676,0,54.9282,4.585727,59.75754,0,PMU,14408.5,2.770631,60.00933,0,14427.5,0.679649,60.10258,0,14537.5,-1.406981,59.87298,0,79.4443,2.624754,59.95337,0,98.5507,0.480113,59.63864,0,55.4353,4.619904,59.57930,0,PMU
56,0.475000,14479.4,2.507962,59.94638,0,14392.7,0.413727,59.91257,0,14525.8,4.619293,60.11307,0,78.6031,2.366279,59.97319,0,97.7875,0.243749,60.04313,0,54.3478,4.394991,60.09749,0,PMU,14493.7,2.702536,59.96736,0,14385.7,0.606854,59.89043,0,14515.2,-1.468545,60.11074,0,78.875,2.559577,59.98835,0,98.6802,0.435211,60.11074,0,54.6562,4.584201,60.17718,0,PMU,14403.4,-0.448561,60.01515,0,14440.6,3.742893,60.08972,0,14539.6,1.655897,59.87061,0,78.7044,-0.592941,59.96270,0,97.7796,3.560325,59.87411,0,54.8304,1.422911,59.79634,0,PMU,14495.6,2.715536,59.96853,0,14382.3,0.619794,59.88809,0,14513.3,-1.455364,60.10841,0,78.9753,2.572944,60.00466,0,98.512,0.446974,60.11041,0,54.6905,4.597872,60.23197,0,PMU,14499.9,2.769166,59.97202,0,14382.3,0.673301,59.87877,0,14513.3,-1.401305,60.10841,0,79.4641,2.626646,60.03614,0,98.0193,0.498912,60.35902,0,54.8332,4.641504,60.41254,0,PMU
57,0.483333,14395.7,2.509915,60.03730,0,14462.3,0.417389,60.06994,0,14536.8,4.612457,59.86944,0,78.6128,2.366706,60.00816,0,97.4459,0.240453,59.93705,0,54.4054,4.388605,59.87803,0,PMU,14405.2,2.703391,60.01632,0,14439.8,0.611737,60.09325,0,14540,-1.475198,59.87294,0,78.7449,2.559699,60.00233,0,98.0189,0.428497,59.87178,0,54.8599,4.573764,59.80067,0,PMU,14493.3,-0.450453,59.96386,0,14385.1,3.737097,59.88930,0,14514.4,1.661573,60.10841,0,78.7807,-0.592208,60.01399,0,98.3603,3.565452,60.09792,0,54.6122,1.432598,60.18501,0,PMU,14405.4,2.716208,60.01282,0,14436.2,0.624676,60.09325,0,14539.1,-1.462078,59.87178,0,78.9738,2.571296,59.96853,0,97.758,0.440277,59.87210,0,54.9586,4.584994,59.75405,0,PMU,14408.1,2.769655,60.00932,0,14427.4,0.678672,60.10258,0,14536.9,-1.407897,59.87411,0,79.4232,2.623716,59.94405,0,98.6286,0.479991,59.63864,0,55.3703,4.620514,59.59912,0,PMU
58,0.491667,14478.8,2.507046,59.94521,0,14392.4,0.412812,59.91257,0,14524.9,4.618378,60.11307,0,78.5377,2.365729,59.98135,0,97.6901,0.243138,60.05129,0,54.2959,4.393160,60.08700,0,PMU,14493.9,2.701743,59.96853,0,14385.6,0.606000,59.89043,0,14515.1,-1.469461,60.10957,0,78.7715,2.559516,59.99650,0,98.6494,0.434235,60.10957,0,54.7033,4.584445,60.20399,0,PMU,14403.5,-0.449659,60.01515,0,14440.5,3.741794,60.08972,0,14539.3,1.654798,59.87061,0,78.7377,-0.594283,59.96037,0,97.8008,3.559714,59.89043,0,54.9247,1.422911,59.81499,0,PMU,14495.5,2.714560,59.96853,0,14382.9,0.618817,59.88809,0,14513.1,-1.456402,60.10841,0,78.9444,2.571906,60.01166,0,98.4794,0.445997,60.10925,0,54.7242,4.596896,60.22730,0,PMU,14499.4,2.768129,59.97086,0,14381.9,0.672264,59.87761,0,14513.1,-1.402343,60.10608,0,79.4144,2.625425,60.03264,0,98.0065,0.497630,60.33688,0,54.7505,4.641260,60.39622,0,PMU
59,0.500000,14395.6,2.508999,60.03730,0,14462.2,0.416474,60.06994,0,14536.9,4.611481,59.86828,0,78.6106,2.365912,60.00350,0,97.6002,0.240026,59.94055,0,54.4279,4.388361,59.90833,0,PMU,14404.9,2.702475,60.01399,0,14439.3,0.610822,60.09209,0,14540,-1.476114,59.87294,0,78.7511,2.559272,59.99534,0,97.86,0.427338,59.86828,0,54.9265,4.573171,59.78468,0,PMU,14493.4,-0.451551,59.96386,0,14385.1,3.735998,59.88930,0,14514.1,1.660474,60.10841,0,78.7963,-0.593246,60.01982,0,98.5683,3.564658,60.09442,0,54.7011,1.431639,60.16669,0,PMU,14405,2.715231,60.01282,0,14436.1,0.623700,60.09325,0,14538.8,-1.463055,59.87294,0,78.9516,2.570197,59.96736,0,97.7106,0.439423,59.87443,0,54.9292,4.584201,59.75754,0,PMU,14408.1,2.768556,60.00816,0,14427.4,0.677635,60.10258,0,14537.3,-1.408995,59.87294,0,79.3828,2.622313,59.94055,0,98.4635,0.479564,59.65496,0,55.2947,4.620026,59.59446,0,PMU
60,0.508333,14479.1,2.506192,59.94638,0,14392.4,0.411957,59.91374,0,14525.7,4.617523,60.11540,0,78.57,2.364997,59.98251,0,97.8366,0.242162,60.04080,0,54.3705,4.391695,60.06369,0,PMU,14493.5,2.700705,59.96620,0,14385,0.605084,59.89043,0,14515.2,-1.470377,60.10957,0,78.7118,2.558479,59.98485,0,98.3703,0.433014,60.10841,0,54.6346,4.582980,60.18734,0,PMU,14403.1,-0.450636,60.01749,0,14440.5,3.740757,60.09088,0,14538.1,1.653699,59.87061,0,78.6435,-0.595504,59.95687,0,97.7733,3.558433,59.88110,0,54.8448,1.421263,59.80183,0,PMU,14495,2.713584,59.96853,0,14382.3,0.617840,59.88809,0,14512.8,-1.457378,60.10841,0,78.9145,2.570991,60.01515,0,98.4087,0.445265,60.11158,0,54.6608,4.595492,60.21565,0,PMU,14499.1,2.767091,59.97202,0,14381.8,0.671226,59.87761,0,14513.4,-1.403380,60.10724,0,79.382,2.624571,60.04313,0,98.0933,0.496470,60.32289,0,54.7331,4.640161,60.38456,0,PMU
61,0.516667,14395.5,2.508145,60.03730,0,14462,0.415619,60.06994,0,14537.1,4.610749,59.87061,0,78.6369,2.364875,59.99767,0,97.5144,0.238988,59.93939,0,54.2962,4.386286,59.89668,0,PMU,14404.5,2.701438,60.01399,0,14439.4,0.609845,60.09092,0,14539.8,-1.477151,59.87061,0,78.6949,2.558112,59.99301,0,97.6892,0.426056,59.86712,0,54.8676,4.572438,59.79867,0,PMU,14492.1,-0.452589,59.96270,0,14384.6,3.734960,59.88930,0,14513.1,1.659376,60.10841,0,78.7161,-0.594527,60.01865,0,98.4182,3.563559,60.09792,0,54.6474,1.430846,60.18301,0,PMU,14404.3,2.714255,60.01282,0,14435.1,0.622601,60.09092,0,14537.6,-1.464090,59.87182,0,78.8795,2.569282,59.96736,0,97.768,0.438629,59.87327,0,54.8595,4.583102,59.76337,0,PMU,14408.7,2.767640,60.01049,0,14427.7,0.676597,60.10258,0,14537.5,-1.409972,59.87411,0,79.274,2.621519,59.94172,0,98.3462,0.478832,59.66312,0,55.2913,4.619965,59.61427,0,PMU
62,0.525000,14478.8,2.505398,59.94754,0,14392.4,0.411044,59.91262,0,14524.6,4.616669,60.11307,0,78.5455,2.364142,59.98601,0,97.8775,0.241368,60.04546,0,54.2916,4.391512,60.09983,0,PMU,14493.6,2.699668,59.96620,0,14385.1,0.604047,59.88926,0,14515.1,-1.471475,60.10841,0,78.7228,2.557868,59.99534,0,98.4421,0.431854,60.11073,0,54.6639,4.581820,60.17918,0,PMU,14402.3,-0.451735,60.01632,0,14440,3.739658,60.08972,0,14538.1,1.652601,59.87061,0,78.6283,-0.596420,59.96386,0,97.8557,3.557456,59.88343,0,54.8776,1.420348,59.79950,0,PMU,14494.2,2.712485,59.96620,0,14382.1,0.616742,59.88809,0,14512,-1.458477,60.10720,0,78.9153,2.570441,60.02215,0,98.5067,0.444227,60.10692,0,54.6391,4.594027,60.20865,0,PMU,14499.8,2.766237,59.97319,0,14382.5,0.670372,59.88111,0,14513.7,-1.404296,60.10841,0,79.32,2.623472,60.03730,0,98.0517,0.495494,60.31823,0,54.7835,4.639917,60.38106,0,PMU
63,0.533333,14395.1,2.507412,60.03847,0,14461.5,0.414826,60.07223,0,14536.9,4.609894,59.87061,0,78.5782,2.363715,59.99184,0,97.6506,0.238256,59.94055,0,54.3661,4.385736,59.88968,0,PMU,14404.3,2.700400,60.01399,0,14439.5,0.608746,60.08976,0,14539.5,-1.478189,59.87177,0,78.7617,2.557319,59.98951,0,97.7865,0.425263,59.87411,0,54.8438,4.571218,59.79750,0,PMU,14491.4,-0.453749,59.96153,0,14383.6,3.733923,59.89047,0,14513.1,1.658338,60.10957,0,78.7119,-0.595809,60.01166,0,98.4145,3.562522,60.09675,0,54.6169,1.429381,60.17252,0,PMU,14403.9,2.713217,60.01399,0,14435.6,0.621502,60.09092,0,14537.2,-1.465250,59.87065,0,78.8905,2.568671,59.96620,0,97.7816,0.437653,59.87443,0,54.8418,4.581942,59.76920,0,PMU,14408.5,2.766786,60.01049,0,14428.2,0.675742,60.10258,0,14537.3,-1.410827,59.87527,0,79.1653,2.620238,59.93822,0,98.3462,0.478282,59.67128,0,55.3226,4.620209,59.62360,0,PMU
64,0.541667,14478.3,2.504605,59.94638,0,14391.6,0.410250,59.91262,0,14524.4,4.615936,60.11540,0,78.475,2.363288,59.99184,0,97.9346,0.240270,60.03847,0,54.2159,4.389703,60.07577,0,PMU,14493.5,2.698586,59.96536,0,14384.9,0.602948,59.88926,0,14514.8,-1.472513,60.10841,0,78.7663,2.557075,59.99534,0,98.4485,0.431061,60.11073,0,54.6644,4.581271,60.19201,0,PMU,14401.8,-0.452894,60.01632,0,14439.7,3.738562,60.08859,0,14537.3,1.651441,59.86828,0,78.5779,-0.597577,59.96624,0,97.7793,3.556663,59.88809,0,54.8464,1.419432,59.80999,0,PMU,14493.6,2.711447,59.96620,0,14382.5,0.615704,59.88926,0,14511.7,-1.459576,60.10837,0,78.991,2.570075,60.02681,0,98.545,0.443678,60.11508,0,54.6553,4.593173,60.21448,0,PMU,14499.3,2.765321,59.97202,0,14382.2,0.669456,59.87994,0,14513,-1.405272,60.10608,0,79.2077,2.622618,60.04546,0,98.0663,0.494273,60.30540,0,54.7841,4.639002,60.35892,0,PMU
65,0.550000,14394.6,2.506558,60.03730,0,14461.2,0.413971,60.07107,0,14536.6,4.609040,59.86828,0,78.5505,2.362861,59.99184,0,97.6543,0.237218,59.94172,0,54.314,4.385736,59.92423,0,PMU,14404.1,2.699362,60.01483,0,14439.4,0.607709,60.09092,0,14539.6,-1.479226,59.87178,0,78.786,2.556159,59.98251,0,97.7975,0.424286,59.87061,0,54.8886,4.569997,59.78468,0,PMU,14491.2,-0.454847,59.96270,0,14383.4,3.732763,59.88926,0,14513,1.657178,60.10957,0,78.7247,-0.596786,60.01511,0,98.5412,3.561240,60.08743,0,54.6468,1.428221,60.16786,0,PMU,14403.6,2.712241,60.01515,0,14436.2,0.620526,60.09209,0,14537,-1.466287,59.87182,0,78.9448,2.567939,59.95920,0,97.9107,0.436554,59.86394,0,54.9046,4.581393,59.77503,0,PMU,14408.3,2.765809,60.00933,0,14428.2,0.674766,60.10141,0,14537.5,-1.411864,59.87411,0,79.0848,2.619810,59.94638,0,98.2508,0.477672,59.68294,0,55.2721,4.619538,59.62826,0,PMU
66,0.558333,14478.1,2.503811,59.94754,0,14391.9,0.409457,59.91378,0,14524.5,4.615021,60.11424,0,78.5096,2.362922,60.00117,0,97.9023,0.239232,60.03847,0,54.3147,4.389215,60.06644,0,PMU,14493.2,2.697548,59.96536,0,14385.1,0.601911,59.88926,0,14515,-1.473611,60.10724,0,78.7802,2.556159,60.00000,0,98.4126,0.430084,60.11073,0,54.6437,4.579745,60.18618,0,PMU,14402.6,-0.453932,60.01749,0,14440.5,3.737463,60.08976,0,14537.9,1.650342,59.86944,0,78.6376,-0.598371,59.96973,0,97.8261,3.555137,59.88343,0,54.8525,1.418150,59.80766,0,PMU,14493.7,2.710471,59.96620,0,14382.9,0.614728,59.88926,0,14512.1,-1.460613,60.10837,0,78.9961,2.568732,60.01515,0,98.4822,0.442230,60.10841,0,54.6913,4.591891,60.20049,0,PMU,14499.6,2.764345,59.97202,0,14382.2,0.668480,59.87993,0,14513.5,-1.406249,60.10724,0,79.2367,2.622251,60.04662,0,98.0647,0.493114,60.29491,0,54.7782,4.638269,60.35775,0,PMU
67,0.566667,14393.6,2.505764,60.03730,0,14461,0.413178,60.07107,0,14536.1,4.608185,59.86944,0,78.5857,2.361945,59.98135,0,97.5716,0.236852,59.95454,0,54.2911,4.384454,59.90908,0,PMU,14404.4,2.698281,60.01399,0,14439.6,0.606671,60.09092,0,14539.9,-1.480325,59.87178,0,78.8078,2.554878,59.97552,0,97.7632,0.423676,59.87761,0,54.8909,4.569509,59.80450,0,PMU,14491.7,-0.455885,59.96270,0,14384.2,3.731726,59.89043,0,14513.6,1.656080,60.10957,0,78.7803,-0.597821,60.01049,0,98.4614,3.560142,60.09559,0,54.7361,1.428099,60.19001,0,PMU,14403.8,2.711203,60.01399,0,14436.6,0.619488,60.09092,0,14537.7,-1.467325,59.87182,0,78.928,2.566474,59.95687,0,97.8268,0.435577,59.87294,0,54.8873,4.580111,59.77503,0,PMU,14408.5,2.764833,60.00933,0,14428.1,0.673790,60.10141,0,14537.6,-1.412841,59.87411,0,79.1338,2.619200,59.94172,0,98.1718,0.477184,59.69576,0,55.2701,4.619354,59.63875,0,PMU
68,0.575000,14477.1,2.502957,59.94638,0,14391.1,0.408602,59.91262,0,14523.5,4.614227,60.11540,0,78.5798,2.362311,60.00699,0,98.0564,0.239415,60.04896,0,54.3019,4.389642,60.09908,0,PMU,14493.5,2.696511,59.96620,0,14385,0.600812,59.88809,0,14514.6,-1.474649,60.10840,0,78.753,2.555061,60.00350,0,98.5138,0.429108,60.10374,0,54.6673,4.578586,60.17335,0,PMU,14403.1,-0.455030,60.01632,0,14440.8,3.736425,60.08976,0,14538.7,1.649305,59.87061,0,78.6609,-0.599225,59.97319,0,97.8404,3.553977,59.88227,0,54.9864,1.417052,59.78901,0,PMU,14493.2,2.709372,59.96503,0,14382.6,0.613690,59.88926,0,14512.1,-1.461651,60.10837,0,78.9903,2.567512,60.01982,0,98.5585,0.441071,60.10491,0,54.6905,4.590609,60.20049,0,PMU,14499.1,2.763368,59.97202,0,14382.1,0.667503,59.87994,0,14513.1,-1.407225,60.10724,0,79.255,2.620787,60.03031,0,98.1381,0.492564,60.29375,0,54.7684,4.638086,60.35775,0,PMU
69,0.583333,14393,2.504910,60.03730,0,14460.4,0.412323,60.07107,0,14535.5,4.607392,59.86944,0,78.6444,2.361335,59.98135,0,97.7797,0.236547,59.94521,0,54.3831,4.384210,59.89625,0,PMU,14404.2,2.697243,60.01399,0,14440,0.605573,60.09092,0,14539.6,-1.481363,59.87178,0,78.7218,2.553352,59.96736,0,97.7903,0.422760,59.87877,0,54.8423,4.568349,59.80450,0,PMU,14492.6,-0.456984,59.96270,0,14384.8,3.730688,59.89043,0,14515.2,1.655103,60.11074,0,78.7859,-0.599164,60.00117,0,98.3785,3.558555,60.08743,0,54.6959,1.425902,60.16902,0,PMU,14403.6,2.710105,60.01399,0,14436.2,0.618390,60.08976,0,14537.8,-1.468423,59.87065,0,78.9042,2.565436,59.96037,0,97.8439,0.434662,59.87760,0,54.8831,4.579440,59.78669,0,PMU,14408.5,2.763917,60.01049,0,14428.6,0.672874,60.10258,0,14537.8,-1.413756,59.87527,0,79.1226,2.618162,59.94988,0,98.27,0.477001,59.70276,0,55.2572,4.619171,59.63875,0,PMU
70,0.591667,14477,2.502102,59.94638,0,14390.3,0.407748,59.91262,0,14523.3,4.613495,60.11657,0,78.6221,2.361884,60.01049,0,98.0722,0.238988,60.04663,0,54.2562,4.388300,60.07810,0,PMU,14493.4,2.695473,59.96620,0,14385.1,0.599774,59.88926,0,14514.5,-1.475687,60.10840,0,78.7243,2.553840,60.00933,0,98.4692,0.428436,60.10840,0,54.6673,4.578402,60.19201,0,PMU,14404.6,-0.456007,60.01865,0,14441.5,3.735388,60.08976,0,14539.1,1.648328,59.87061,0,78.6447,-0.600018,59.98368,0,97.7662,3.553184,59.89742,0,54.9552,1.416686,59.82398,0,PMU,14493.7,2.708335,59.96620,0,14383.2,0.612592,59.88927,0,14512.9,-1.462688,60.10953,0,79.0204,2.566535,60.02098,0,98.575,0.440033,60.10258,0,54.6666,4.589633,60.19466,0,PMU,14499,2.762514,59.97319,0,14382.2,0.666649,59.88110,0,14513.3,-1.408080,60.10841,0,79.253,2.619810,60.03147,0,98.2994,0.490123,60.25062,0,54.7631,4.637354,60.34726,0,PMU
71,0.600000,14392.1,2.504116,60.03847,0,14459.9,0.411530,60.07223,0,14534.6,4.606598,59.86828,0,78.6268,2.360663,59.97669,0,97.723,0.236119,59.94521,0,54.3388,4.384210,59.92190,0,PMU,14403.7,2.696206,60.01399,0,14440,0.604474,60.08976,0,14539.7,-1.482461,59.87061,0,78.7294,2.552192,59.96853,0,97.8284,0.421845,59.87411,0,54.873,4.567128,59.78468,0,PMU,14493.2,-0.457899,59.96386,0,14385.4,3.729650,59.89043,0,14515.4,1.654127,60.11074,0,78.7397,-0.600202,59.99650,0,98.5238,3.557883,60.08976,0,54.7542,1.424803,60.15504,0,PMU,14404.4,2.709128,60.01515,0,14436.7,0.617413,60.09208,0,14538.2,-1.469400,59.87182,0,78.8953,2.564399,59.95920,0,97.8416,0.433319,59.87178,0,54.8607,4.578463,59.78669,0,PMU,14408,2.763063,60.01049,0,14427.9,0.671959,60.10141,0,14537.6,-1.414611,59.87527,0,79.0742,2.617308,59.95221,0,98.2489,0.476207,59.73423,0,55.2332,4.618866,59.64691,0,PMU
72,0.608333,14476.3,2.501309,59.94638,0,14390.1,0.407015,59.91378,0,14522.9,4.612702,60.11657,0,78.642,2.361274,60.01166,0,98.0231,0.238073,60.03730,0,54.32,4.387262,60.05828,0,PMU,14492.9,2.694314,59.96386,0,14384.9,0.598676,59.88926,0,14514.5,-1.476846,60.10724,0,78.7494,2.552925,60.01399,0,98.3791,0.427032,60.09908,0,54.6,4.576693,60.18268,0,PMU,14405.3,-0.457045,60.01632,0,14442.5,3.734350,60.08976,0,14539.4,1.647357,59.87072,0,78.6196,-0.600873,59.98718,0,97.8597,3.552453,59.89630,0,54.8986,1.414489,59.80301,0,PMU,14493.5,2.707358,59.96620,0,14383.7,0.611615,59.88927,0,14513.2,-1.463724,60.10841,0,78.9703,2.564887,60.00933,0,98.4436,0.438812,60.10491,0,54.6244,4.588229,60.18651,0,PMU,14498,2.761554,59.97119,0,14381.5,0.665672,59.87994,0,14512.4,-1.408995,60.10724,0,79.2001,2.618651,60.02565,0,98.3179,0.490733,60.27743,0,54.7271,4.636865,60.34376,0,PMU
73,0.616667,14392,2.503384,60.03963,0,14460.3,0.410800,60.07227,0,14534.9,4.605805,59.86828,0,78.6425,2.359809,59.97202,0,97.7053,0.235265,59.94638,0,54.3074,4.382623,59.91141,0,PMU,14403.7,2.695046,60.01399,0,14440.3,0.603375,60.08976,0,14539.9,-1.483621,59.87061,0,78.7391,2.551277,59.96853,0,97.7481,0.420929,59.88344,0,54.8555,4.567006,59.81499,0,PMU,14493.6,-0.458936,59.96387,0,14385.8,3.728674,59.89159,0,14515.7,1.653089,60.10946,0,78.754,-0.601300,59.99184,0,98.4981,3.557151,60.08972,0,54.7416,1.424559,60.19233,0,PMU,14404.4,2.708090,60.01399,0,14437.2,0.616437,60.09208,0,14538.8,-1.470438,59.87177,0,78.8278,2.563178,59.96736,0,97.7639,0.432281,59.87527,0,54.8203,4.577487,59.79484,0,PMU,14406.9,2.762086,60.01016,0,14427.7,0.670982,60.10141,0,14536.7,-1.415648,59.87294,0,79.0252,2.616637,59.96153,0,98.2333,0.476573,59.72957,0,55.1877,4.618317,59.64575,0,PMU
74,0.625000,14476.6,2.500637,59.94754,0,14390.3,0.406344,59.91491,0,14523.1,4.612030,60.11890,0,78.6707,2.360602,60.01515,0,98.0553,0.237462,60.04196,0,54.3057,4.387628,60.09559,0,PMU,14493.9,2.693276,59.96620,0,14385.1,0.597638,59.89043,0,14515.1,-1.477884,60.10957,0,78.8082,2.552253,60.01865,0,98.5311,0.426300,60.10258,0,54.6614,4.576083,60.17335,0,PMU,14405.1,-0.458082,60.01632,0,14442.6,3.733313,60.08859,0,14539.5,1.646259,59.86955,0,78.7033,-0.601361,59.99883,0,97.8774,3.551538,59.89280,0,54.9591,1.413695,59.79251,0,PMU,14493.7,2.706320,59.96620,0,14383.8,0.610639,59.88927,0,14514.2,-1.464700,60.10957,0,78.9324,2.563666,60.00933,0,98.4727,0.437897,60.10724,0,54.6144,4.587558,60.19234,0,PMU,14496.9,2.760517,59.97003,0,14380.4,0.664634,59.87877,0,14511.5,-1.410094,60.10608,0,79.1439,2.617491,60.01632,0,98.3663,0.489879,60.25411,0,54.7415,4.636133,60.34026,0,PMU
75,0.633333,14392.4,2.502713,60.03963,0,14460.7,0.410189,60.07344,0,14534.7,4.605133,59.86828,0,78.6432,2.359076,59.97086,0,97.7191,0.234716,59.94754,0,54.3935,4.381830,59.88926,0,PMU,14404,2.694070,60.01515,0,14440.7,0.602338,60.08976,0,14540,-1.484597,59.87178,0,78.7628,2.550178,59.96037,0,97.8188,0.420075,59.88110,0,54.813,4.565480,59.79750,0,PMU,14493.7,-0.460035,59.96270,0,14385.9,3.727636,59.89159,0,14516.3,1.652051,60.11063,0,78.7731,-0.602277,59.98251,0,98.4872,3.556357,60.09205,0,54.677,1.422606,60.17018,0,PMU,14404.4,2.707114,60.01515,0,14437.5,0.615399,60.09092,0,14538.8,-1.471475,59.87061,0,78.8431,2.562385,59.97552,0,97.7656,0.431427,59.87644,0,54.8615,4.577182,59.80183,0,PMU,14405.8,2.760944,60.00816,0,14427.1,0.669822,60.09908,0,14535.9,-1.416747,59.87295,0,79.0501,2.615843,59.96853,0,98.328,0.476146,59.73773,0,55.2266,4.618439,59.66207,0,PMU
76,0.641667,14477.1,2.499966,59.94754,0,14390.8,0.405673,59.91374,0,14523.9,4.611359,60.11890,0,78.7131,2.360053,60.01865,0,98.0071,0.236791,60.03963,0,54.2644,4.385736,60.07460,0,PMU,14493.8,2.692238,59.96503,0,14385.5,0.596603,59.89047,0,14514.8,-1.478921,60.10840,0,78.7724,2.550605,60.00816,0,98.4557,0.425324,60.10025,0,54.6147,4.575168,60.18501,0,PMU,14405,-0.459120,60.01749,0,14443,3.732275,60.08859,0,14539.5,1.645221,59.86955,0,78.6717,-0.602216,60.00117,0,97.972,3.551049,59.89863,0,54.9087,1.413268,59.82166,0,PMU,14493.9,2.705283,59.96503,0,14384.3,0.609601,59.88927,0,14514.6,-1.465738,60.10957,0,78.9989,2.562812,60.00816,0,98.4972,0.437164,60.10957,0,54.6838,4.586947,60.18651,0,PMU,14496.6,2.759418,59.97086,0,14380.4,0.663536,59.87994,0,14511.3,-1.411193,60.10607,0,79.1991,2.616759,60.01749,0,98.4628,0.488780,60.24130,0,54.7681,4.635406,60.32405,0,PMU
77,0.650000,14393.3,2.502102,60.04080,0,14461.9,0.409518,60.07344,0,14535.1,4.604403,59.86715,0,78.6469,2.358588,59.97202,0,97.7034,0.233800,59.94288,0,54.3948,4.381830,59.92540,0,PMU,14403.4,2.693032,60.01515,0,14440.6,0.601300,60.08972,0,14539.6,-1.485696,59.87061,0,78.7044,2.548652,59.96270,0,97.7796,0.418732,59.87411,0,54.8304,4.564504,59.79634,0,PMU,14493.4,-0.461073,59.96270,0,14385.9,3.726538,59.89043,0,14516,1.650953,60.10946,0,78.7348,-0.603375,59.97785,0,98.5669,3.555137,60.07806,0,54.7275,1.421507,60.15736,0,PMU,14404.5,2.706076,60.01515,0,14438.2,0.614422,60.09208,0,14539.2,-1.472452,59.87178,0,78.9185,2.562018,59.98485,0,97.8625,0.430450,59.87178,0,54.8823,4.576266,59.79601,0,PMU,14406.1,2.759967,60.01049,0,14427.6,0.668846,60.10141,0,14536.3,-1.417784,59.87411,0,79.0861,2.615355,59.97319,0,98.1634,0.475475,59.74588,0,55.2047,4.617829,59.66429,0,PMU
78,0.658333,14478.4,2.499295,59.94638,0,14391.6,0.405001,59.91374,0,14525.8,4.610687,60.12002,0,78.7007,2.359138,60.01049,0,98.0348,0.236058,60.04313,0,54.3962,4.384943,60.05945,0,PMU,14493.3,2.691140,59.96386,0,14385.1,0.595504,59.88930,0,14514.4,-1.480020,60.10841,0,78.7807,2.549384,60.01399,0,98.3603,0.423859,60.09792,0,54.6122,4.574191,60.18501,0,PMU,14405.1,-0.460218,60.01632,0,14443.2,3.731176,60.08859,0,14539.5,1.644123,59.86955,0,78.6855,-0.603375,60.00000,0,97.8878,3.549890,59.89979,0,54.8717,1.412169,59.82166,0,PMU,14493.5,2.704306,59.96620,0,14384.8,0.608624,59.88927,0,14514.6,-1.466775,60.10841,0,78.9841,2.561652,59.99301,0,98.4516,0.436249,60.11074,0,54.696,4.586642,60.19817,0,PMU,14496.9,2.758442,59.97086,0,14380.4,0.662620,59.88110,0,14511.7,-1.412169,60.10724,0,79.2131,2.615904,60.01049,0,98.2941,0.487315,60.22614,0,54.735,4.634369,60.31589,0,PMU
79,0.666667,14394.8,2.501431,60.04080,0,14462.7,0.408846,60.07344,0,14536.1,4.603793,59.86832,0,78.6254,2.357795,59.97435,0,97.7443,0.233068,59.94288,0,54.3772,4.380060,59.90675,0,PMU,14403.5,2.691933,60.01515,0,14440.5,0.600202,60.08972,0,14539.3,-1.486795,59.87061,0,78.7377,2.547309,59.96037,0,97.8008,0.418122,59.89043,0,54.9247,4.564504,59.81499,0,PMU,14493.5,-0.462110,59.96386,0,14385.9,3.725439,59.89043,0,14515.7,1.649854,60.10946,0,78.7375,-0.604657,59.97552,0,98.4772,3.554038,60.07922,0,54.7215,1.421385,60.17601,0,PMU,14404.3,2.705100,60.01515,0,14438.4,0.613507,60.09325,0,14539.6,-1.473428,59.87294,0,78.8999,2.560981,59.98718,0,97.8004,0.429962,59.87994,0,54.9247,4.575656,59.79018,0,PMU,14406.9,2.758991,60.01049,0,14428.3,0.667991,60.10258,0,14537.2,-1.418700,59.87528,0,79.1394,2.614500,59.97319,0,97.9954,0.474315,59.75171,0,55.1896,4.617035,59.66895,0,PMU
80,0.675000,14479.8,2.498623,59.94638,0,14392.5,0.404391,59.91491,0,14526.7,4.610016,60.11886,0,78.7202,2.358588,60.01515,0,98.0514,0.235387,60.04430,0,54.3806,4.385126,60.09675,0,PMU,14493.4,2.690041,59.96386,0,14385.1,0.594405,59.88930,0,14514.1,-1.481118,60.10841,0,78.7963,2.548347,60.01982,0,98.5683,0.423065,60.09442,0,54.7011,4.573232,60.16669,0,PMU,14404.5,-0.461317,60.01515,0,14443.2,3.730017,60.08743,0,14539.6,1.642963,59.86839,0,78.728,-0.604596,60.00117,0,97.9077,3.548669,59.89746,0,54.9385,1.411010,59.80184,0,PMU,14493.6,2.703391,59.96736,0,14384.7,0.607770,59.89043,0,14514.8,-1.467630,60.11074,0,78.9856,2.560676,59.99417,0,98.5921,0.436005,60.11540,0,54.6763,4.585543,60.18884,0,PMU,14497.2,2.757587,59.97319,0,14380.9,0.661705,59.87994,0,14512.1,-1.413085,60.10724,0,79.2181,2.614805,60.00583,0,98.3325,0.486217,60.22731,0,54.7463,4.633209,60.30890,0,PMU
81,0.683333,14395.7,2.500821,60.04196,0,14463.3,0.408175,60.07227,0,14536.9,4.603121,59.86832,0,78.5867,2.357368,59.97669,0,97.7778,0.232579,59.94638,0,54.4568,4.379145,59.88577,0,PMU,14403.1,2.690957,60.01749,0,14440.5,0.599164,60.09088,0,14538.1,-1.487893,59.87061,0,78.6435,2.546089,59.95687,0,97.7733,0.416840,59.88110,0,54.8448,4.562856,59.80183,0,PMU,14493.2,-0.463331,59.96153,0,14385.9,3.724279,59.89043,0,14515.7,1.648633,60.10830,0,78.7658,-0.605695,59.97902,0,98.4334,3.552636,60.07577,0,54.6965,1.419615,60.16436,0,PMU,14404.7,2.704245,60.01632,0,14439,0.612592,60.09209,0,14539.8,-1.474344,59.87178,0,78.8908,2.560187,59.99067,0,98.0109,0.429413,59.87411,0,54.9067,4.574923,59.79717,0,PMU,14407.6,2.758075,60.00933,0,14429.1,0.667015,60.10141,0,14537.5,-1.419676,59.87411,0,79.1791,2.613402,59.97319,0,98.0279,0.473644,59.75987,0,55.2107,4.616425,59.67944,0,PMU
82,0.691667,14479.8,2.497891,59.94405,0,14392.8,0.403720,59.91491,0,14527.6,4.609345,60.11886,0,78.621,2.357551,60.00350,0,98.06,0.234472,60.03614,0,54.2805,4.382990,60.07343,0,PMU,14492.1,2.689004,59.96270,0,14384.6,0.593368,59.88930,0,14513.1,-1.482217,60.10841,0,78.7161,2.547065,60.01865,0,98.4182,0.421967,60.09792,0,54.6474,4.572438,60.18301,0,PMU,14404.8,-0.462476,60.01632,0,14443.1,3.728857,60.08743,0,14539.2,1.641803,59.86955,0,78.7566,-0.605573,60.00233,0,97.9227,3.547632,59.90441,0,54.9266,1.409850,59.81350,0,PMU,14493.7,2.702536,59.96736,0,14385.7,0.606854,59.89043,0,14515.2,-1.468545,60.11074,0,78.875,2.559577,59.98835,0,98.6802,0.435211,60.11074,0,54.6562,4.584201,60.17718,0,PMU,14497.7,2.756611,59.97202,0,14381.4,0.660850,59.88227,0,14512.8,-1.414000,60.10840,0,79.2868,2.613951,60.01049,0,98.3207,0.485240,60.22148,0,54.7765,4.632599,60.30890,0,PMU
83,0.700000,14396,2.500088,60.04196,0,14464.1,0.407504,60.07227,0,14537.3,4.602389,59.86715,0,78.5262,2.356637,59.98256,0,97.6303,0.231483,59.94292,0,54.3796,4.378962,59.92307,0,PMU,14402.3,2.689858,60.01632,0,14440,0.598065,60.08972,0,14538.1,-1.488992,59.87061,0,78.6283,2.545173,59.96386,0,97.8557,0.415863,59.88343,0,54.8776,4.561940,59.79950,0,PMU,14493.4,-0.464430,59.96270,0,14386.1,3.723181,59.89160,0,14515.8,1.647541,60.10957,0,78.7457,-0.606549,59.98135,0,98.5282,3.551477,60.07344,0,54.7197,1.417479,60.14571,0,PMU,14405.2,2.703391,60.01632,0,14439.8,0.611737,60.09325,0,14540,-1.475198,59.87294,0,78.7449,2.559699,60.00233,0,98.0189,0.428497,59.87178,0,54.8599,4.573764,59.80067,0,PMU,14408.5,2.757221,60.01166,0,14429.7,0.666099,60.10025,0,14538.3,-1.420531,59.87528,0,79.1834,2.612730,59.97669,0,97.9496,0.473097,59.76807,0,55.1954,4.615753,59.67828,0,PMU
84,0.708333,14480.7,2.497281,59.94638,0,14393.5,0.403109,59.91607,0,14528.5,4.608612,60.11886,0,78.653,2.357062,60.00812,0,97.9397,0.233556,60.03959,0,54.3484,4.382684,60.07110,0,PMU,14491.4,2.687844,59.96153,0,14383.6,0.592330,59.89047,0,14513.1,-1.483255,60.10957,0,78.7119,2.545783,60.01166,0,98.4145,0.420929,60.09675,0,54.6169,4.570974,60.17252,0,PMU,14404.6,-0.463575,60.01632,0,14443.6,3.727758,60.08742,0,14538.9,1.640705,59.86944,0,78.7009,-0.607221,59.98718,0,97.8502,3.546411,59.90325,0,54.8644,1.407775,59.81466,0,PMU,14493.9,2.701743,59.96853,0,14385.6,0.606000,59.89043,0,14515.1,-1.469461,60.10957,0,78.7715,2.559516,59.99650,0,98.6494,0.434235,60.10957,0,54.7033,4.584445,60.20399,0,PMU,14498,2.755756,59.97202,0,14381.6,0.659935,59.88227,0,14512.8,-1.414855,60.10840,0,79.2782,2.613097,60.00699,0,98.3125,0.484264,60.21328,0,54.7362,4.631500,60.30074,0,PMU
85,0.716667,14396.6,2.499478,60.04196,0,14464.6,0.406893,60.07227,0,14537.1,4.601779,59.86948,0,78.513,2.355996,59.97963,0,97.5504,0.230567,59.94292,0,54.2981,4.377436,59.89976,0,PMU,14401.8,2.688698,60.01632,0,14439.7,0.596969,60.08859,0,14537.3,-1.490152,59.86828,0,78.5779,2.544016,59.96624,0,97.7793,0.415070,59.88809,0,54.8464,4.561025,59.80999,0,PMU,14492.6,-0.465589,59.96153,0,14385.9,3.722082,59.89160,0,14515.3,1.646320,60.10724,0,78.6977,-0.608014,59.98485,0,98.4038,3.550317,60.07460,0,54.6913,1.416442,60.16553,0,PMU,14404.9,2.702475,60.01399,0,14439.3,0.610822,60.09209,0,14540,-1.476114,59.87294,0,78.7511,2.559272,59.99534,0,97.86,0.427338,59.86828,0,54.9265,4.573171,59.78468,0,PMU,14408.5,2.756305,60.01049,0,14430.4,0.665245,60.10141,0,14538.6,-1.421385,59.87528,0,79.152,2.612059,59.98018,0,97.9251,0.472608,59.77740,0,55.1437,4.615143,59.68760,0,PMU
86,0.725000,14480.3,2.496609,59.94522,0,14394.1,0.402377,59.91374,0,14528.1,4.607880,60.11653,0,78.5844,2.355813,59.99650,0,97.9861,0.232946,60.04542,0,54.2631,4.382562,60.09791,0,PMU,14491.2,2.686745,59.96270,0,14383.4,0.591171,59.88926,0,14513,-1.484414,60.10957,0,78.7247,2.544807,60.01511,0,98.5412,0.419647,60.08743,0,54.6468,4.569814,60.16786,0,PMU,14403.6,-0.464796,60.01515,0,14443.4,3.726538,60.08509,0,14538.5,1.639423,59.86828,0,78.7088,-0.608441,59.99184,0,97.9133,3.545556,59.90908,0,54.9521,1.406554,59.81116,0,PMU,14493.5,2.700705,59.96620,0,14385,0.605084,59.89043,0,14515.2,-1.470377,60.10957,0,78.7118,2.558479,59.98485,0,98.3703,0.433014,60.10841,0,54.6346,4.582980,60.18734,0,PMU,14498.7,2.754902,59.97319,0,14381.9,0.659082,59.88231,0,14513.4,-1.415709,60.10840,0,79.2512,2.612486,60.00816,0,98.3592,0.483470,60.20745,0,54.7187,4.630768,60.29841,0,PMU
87,0.733333,14396.4,2.498745,60.04079,0,14464.6,0.406039,60.06994,0,14537.1,4.600985,59.86832,0,78.4868,2.355327,59.99072,0,97.8419,0.230079,59.94525,0,54.3605,4.376825,59.89043,0,PMU,14402.6,2.687661,60.01749,0,14440.5,0.595870,60.08976,0,14537.9,-1.491250,59.86944,0,78.6376,2.543222,59.96973,0,97.8261,0.413544,59.88343,0,54.8525,4.559743,59.80766,0,PMU,14492.4,-0.466871,59.96037,0,14385.7,3.720801,59.89043,0,14515.4,1.645099,60.10841,0,78.734,-0.608930,59.99067,0,98.4652,3.549524,60.07577,0,54.7327,1.415160,60.16436,0,PMU,14404.5,2.701438,60.01399,0,14439.4,0.609845,60.09092,0,14539.8,-1.477151,59.87061,0,78.6949,2.558112,59.99301,0,97.6892,0.426056,59.86712,0,54.8676,4.572438,59.79867,0,PMU,14409.1,2.755451,60.01049,0,14430.9,0.664329,60.10021,0,14539,-1.422240,59.87528,0,79.1588,2.611449,59.98018,0,98.0142,0.472181,59.78439,0,55.137,4.615082,59.70042,0,PMU
88,0.741667,14479.7,2.495755,59.94289,0,14393.5,0.401461,59.91257,0,14528.1,4.607025,60.11536,0,78.591,2.355205,59.99767,0,98.1346,0.232032,60.03730,0,54.2088,4.381159,60.08276,0,PMU,14491.7,2.685708,59.96270,0,14384.2,0.590133,59.89043,0,14513.6,-1.485513,60.10957,0,78.7803,2.543771,60.01049,0,98.4614,0.418549,60.09559,0,54.7361,4.569692,60.19001,0,PMU,14403.6,-0.465955,60.01749,0,14443.7,3.725378,60.08742,0,14538.9,1.638263,59.86944,0,78.7143,-0.609662,59.98601,0,98.0151,3.544946,59.91257,0,54.9624,1.406127,59.82748,0,PMU,14493.6,2.699668,59.96620,0,14385.1,0.604047,59.88926,0,14515.1,-1.471475,60.10841,0,78.7228,2.557868,59.99534,0,98.4421,0.431854,60.11073,0,54.6639,4.581820,60.17918,0,PMU,14499,2.754047,59.97319,0,14382.3,0.658167,59.88231,0,14513.7,-1.416564,60.10841,0,79.2505,2.611510,60.00117,0,98.3763,0.482738,60.20162,0,54.7109,4.630585,60.29608,0,PMU
89,0.750000,14396.3,2.497830,60.03963,0,14464.5,0.405184,60.07111,0,14537,4.600131,59.86832,0,78.5153,2.354655,59.98951,0,97.7231,0.229103,59.94405,0,54.3439,4.377253,59.92540,0,PMU,14403.1,2.686562,60.01632,0,14440.8,0.594833,60.08976,0,14538.7,-1.492288,59.87061,0,78.6609,2.542368,59.97319,0,97.8404,0.412384,59.88227,0,54.9864,4.558644,59.78901,0,PMU,14491.7,-0.467970,59.96153,0,14385.2,3.719702,59.89160,0,14514.7,1.643940,60.10841,0,78.7211,-0.610211,59.98951,0,98.4856,3.548242,60.06295,0,54.7228,1.413939,60.14921,0,PMU,14404.3,2.700400,60.01399,0,14439.5,0.608746,60.08976,0,14539.5,-1.478189,59.87177,0,78.7617,2.557319,59.98951,0,97.7865,0.425263,59.87411,0,54.8438,4.571218,59.79750,0,PMU,14408.9,2.754596,60.01049,0,14431.2,0.663475,60.10137,0,14539.5,-1.423155,59.87411,0,79.1358,2.610472,59.98018,0,97.8792,0.471815,59.79138,0,55.0903,4.614350,59.68993,0,PMU
90,0.758333,14480.1,2.494900,59.94405,0,14393.8,0.400668,59.91374,0,14528.4,4.606171,60.11536,0,78.6458,2.354350,59.99417,0,98.0451,0.230995,60.03614,0,54.3464,4.380914,60.06994,0,PMU,14492.6,2.684609,59.96270,0,14384.8,0.589095,59.89043,0,14515.2,-1.486490,60.11074,0,78.7859,2.542429,60.00117,0,98.3785,0.416962,60.08743,0,54.6959,4.567495,60.16902,0,PMU,14402.4,-0.467115,60.01632,0,14442.7,3.724218,60.08626,0,14537.2,1.637104,59.86944,0,78.7332,-0.611005,59.98485,0,97.7451,3.543176,59.90325,0,54.9069,1.404967,59.82864,0,PMU,14493.5,2.698586,59.96536,0,14384.9,0.602948,59.88926,0,14514.8,-1.472513,60.10841,0,78.7663,2.557075,59.99534,0,98.4485,0.431061,60.11073,0,54.6644,4.581271,60.19201,0,PMU,14499,2.753193,59.97319,0,14382.3,0.657312,59.88231,0,14514.1,-1.417479,60.10841,0,79.2346,2.610594,60.00233,0,98.3605,0.481761,60.18996,0,54.7027,4.630035,60.29958,0,PMU
91,0.766667,14396.2,2.497098,60.04196,0,14465.3,0.404391,60.07111,0,14537,4.599337,59.86948,0,78.5143,2.353679,59.98718,0,97.6952,0.228004,59.94288,0,54.3515,4.375910,59.90442,0,PMU,14404.6,2.685586,60.01865,0,14441.5,0.593795,60.08976,0,14539.1,-1.493264,59.87061,0,78.6447,2.541574,59.98368,0,97.7662,0.411591,59.89742,0,54.9552,4.558278,59.82398,0,PMU,14490.2,-0.469190,59.96037,0,14384.3,3.718542,59.89160,0,14513.1,1.642658,60.10608,0,78.7968,-0.611371,59.99301,0,98.2544,3.546838,60.06994,0,54.7333,1.413878,60.17019,0,PMU,14404.1,2.699362,60.01483,0,14439.4,0.607709,60.09092,0,14539.6,-1.479226,59.87178,0,78.786,2.556159,59.98251,0,97.7975,0.424286,59.87061,0,54.8886,4.569997,59.78468,0,PMU,14408.9,2.753681,60.00933,0,14431,0.662559,60.10021,0,14539.6,-1.424071,59.87411,0,79.2138,2.609984,59.98834,0,97.8601,0.471388,59.80188,0,55.1198,4.614105,59.69576,0,PMU
92,0.775000,14479.6,2.494168,59.94405,0,14394.1,0.399935,59.91491,0,14527.9,4.605377,60.11536,0,78.5821,2.352885,59.98485,0,98.0031,0.230018,60.03847,0,54.3108,4.380914,60.09558,0,PMU,14493.2,2.683694,59.96386,0,14385.4,0.588058,59.89043,0,14515.4,-1.487466,60.11074,0,78.7397,2.541391,59.99650,0,98.5238,0.416291,60.08976,0,54.7542,4.566396,60.15504,0,PMU,14401.6,-0.468397,60.01515,0,14441.8,3.722937,60.08393,0,14536.4,1.635822,59.86944,0,78.7676,-0.612225,59.98368,0,97.7633,3.541955,59.90675,0,54.9924,1.404235,59.81582,0,PMU,14493.2,2.697548,59.96536,0,14385.1,0.601911,59.88926,0,14515,-1.473611,60.10724,0,78.7802,2.556159,60.00000,0,98.4126,0.430084,60.11073,0,54.6437,4.579745,60.18618,0,PMU,14498.5,2.752277,59.97319,0,14381.9,0.656397,59.88231,0,14513.5,-1.418395,60.10841,0,79.3184,2.609984,60.00000,0,98.4773,0.481151,60.18647,0,54.7168,4.629425,60.29258,0,PMU
93,0.783333,14395.8,2.496365,60.04196,0,14465.3,0.403659,60.07111,0,14536.8,4.598605,59.87065,0,78.4891,2.352885,60.00000,0,97.719,0.227333,59.94871,0,54.382,4.375055,59.88810,0,PMU,14405.3,2.684548,60.01632,0,14442.5,0.592757,60.08976,0,14539.4,-1.494235,59.87072,0,78.6196,2.540720,59.98718,0,97.8597,0.410861,59.89630,0,54.8986,4.556081,59.80301,0,PMU,14489.1,-0.470472,59.96037,0,14383.1,3.717200,59.89043,0,14512.1,1.641376,60.10608,0,78.7978,-0.612470,59.99534,0,98.2868,3.545984,60.07693,0,54.7567,1.412719,60.16203,0,PMU,14404.4,2.698281,60.01399,0,14439.6,0.606671,60.09092,0,14539.9,-1.480325,59.87178,0,78.8078,2.554878,59.97552,0,97.7632,0.423676,59.87761,0,54.8909,4.569509,59.80450,0,PMU,14408.7,2.752765,60.00933,0,14431.1,0.661583,60.09904,0,14538.8,-1.424986,59.87411,0,79.2588,2.609068,59.98251,0,97.9497,0.470838,59.80304,0,55.0875,4.613617,59.69809,0,PMU
94,0.791667,14479.3,2.493375,59.94288,0,14393.7,0.399142,59.91374,0,14527.7,4.604647,60.11540,0,78.5948,2.352092,59.98485,0,97.9096,0.229347,60.03847,0,54.2243,4.379267,60.08043,0,PMU,14493.6,2.682656,59.96387,0,14385.8,0.587081,59.89159,0,14515.7,-1.488504,60.10946,0,78.754,2.540292,59.99184,0,98.4981,0.415558,60.08972,0,54.7416,4.566152,60.19233,0,PMU,14400.7,-0.469679,60.01515,0,14441.1,3.721594,60.08393,0,14535.2,1.634479,59.86828,0,78.7484,-0.613507,59.98019,0,97.8668,3.541223,59.90908,0,55.0279,1.403441,59.82282,0,PMU,14493.5,2.696511,59.96620,0,14385,0.600812,59.88809,0,14514.6,-1.474649,60.10840,0,78.753,2.555061,60.00350,0,98.5138,0.429108,60.10374,0,54.6673,4.578586,60.17335,0,PMU,14498.2,2.751301,59.97202,0,14382.6,0.655481,59.88347,0,14513.4,-1.419371,60.10724,0,79.3507,2.608580,59.99067,0,98.4682,0.480296,60.18064,0,54.6877,4.628570,60.28559,0,PMU
95,0.800000,14395.9,2.495572,60.04196,0,14465.2,0.402865,60.07111,0,14536.8,4.597811,59.86944,0,78.5347,2.352275,60.00350,0,97.6626,0.227149,59.95804,0,54.3972,4.375666,59.93122,0,PMU,14405.1,2.683511,60.01632,0,14442.6,0.591720,60.08859,0,14539.5,-1.495334,59.86955,0,78.7033,2.540231,59.99883,0,97.8774,0.409945,59.89280,0,54.9591,4.555288,59.79251,0,PMU,14488.7,-0.471754,59.96037,0,14383.2,3.715979,59.89276,0,14512.1,1.640094,60.10724,0,78.8096,-0.613873,59.99301,0,98.3966,3.544824,60.06878,0,54.7916,1.411254,60.14921,0,PMU,14404.2,2.697243,60.01399,0,14440,0.605573,60.09092,0,14539.6,-1.481363,59.87178,0,78.7218,2.553352,59.96736,0,97.7903,0.422760,59.87877,0,54.8423,4.568349,59.80450,0,PMU,14408.2,2.751789,60.00933,0,14431.7,0.660606,60.09788,0,14538.7,-1.425963,59.87411,0,79.2795,2.607909,59.98718,0,97.872,0.470045,59.80421,0,55.0303,4.612885,59.70042,0,PMU
96,0.808333,14479.1,2.492581,59.94288,0,14393.5,0.398410,59.91491,0,14527.7,4.603793,60.11424,0,78.654,2.351420,59.98368,0,98.0716,0.228736,60.03031,0,54.4503,4.378962,60.06295,0,PMU,14493.7,2.681558,59.96270,0,14385.9,0.586044,59.89159,0,14516.3,-1.489541,60.11063,0,78.7731,2.539316,59.98251,0,98.4872,0.414765,60.09205,0,54.677,4.564199,60.17018,0,PMU,14400.8,-0.470899,60.01632,0,14441.7,3.720434,60.08509,0,14535.4,1.633258,59.86944,0,78.7691,-0.614667,59.98485,0,97.8206,3.539758,59.90325,0,54.9826,1.401671,59.81699,0,PMU,14493.4,2.695473,59.96620,0,14385.1,0.599774,59.88926,0,14514.5,-1.475687,60.10840,0,78.7243,2.553840,60.00933,0,98.4692,0.428436,60.10840,0,54.6673,4.578402,60.19201,0,PMU,14498.1,2.750324,59.97202,0,14382.5,0.654505,59.88347,0,14513.5,-1.420348,60.10724,0,79.2802,2.607237,59.98718,0,98.3693,0.479076,60.17248,0,54.6503,4.627716,60.28326,0,PMU
97,0.816667,14395.9,2.494839,60.04313,0,14465.6,0.402133,60.07111,0,14537.4,4.597079,59.87178,0,78.5612,2.351481,60.00117,0,97.6964,0.226417,59.95570,0,54.4542,4.374262,59.91024,0,PMU,14405,2.682473,60.01749,0,14443,0.590682,60.08859,0,14539.5,-1.496371,59.86955,0,78.6717,2.539377,60.00117,0,97.972,0.409457,59.89863,0,54.9087,4.554861,59.82166,0,PMU,14488.8,-0.472852,59.96270,0,14383.6,3.714880,59.89392,0,14512.3,1.638935,60.10841,0,78.8046,-0.615094,59.99184,0,98.2939,3.543542,60.07227,0,54.7727,1.410704,60.17252,0,PMU,14403.7,2.696206,60.01399,0,14440,0.604474,60.08976,0,14539.7,-1.482461,59.87061,0,78.7294,2.552192,59.96853,0,97.8284,0.421845,59.87411,0,54.873,4.567128,59.78468,0,PMU,14408.2,2.750812,60.00933,0,14432,0.659632,60.09792,0,14538.9,-1.426939,59.87411,0,79.2483,2.606627,59.98834,0,97.8123,0.469618,59.81936,0,55.0042,4.612396,59.70742,0,PMU
98,0.825000,14478.8,2.491910,59.94405,0,14393.7,0.397677,59.91491,0,14527.4,4.603060,60.11424,0,78.593,2.350078,59.97319,0,98.0527,0.228126,60.03264,0,54.4053,4.379267,60.09559,0,PMU,14493.4,2.680520,59.96270,0,14385.9,0.584945,59.89043,0,14516,-1.490640,60.10946,0,78.7348,2.538217,59.97785,0,98.5669,0.413544,60.07806,0,54.7275,4.563100,60.15736,0,PMU,14400.9,-0.471998,60.01632,0,14442.2,3.719336,60.08509,0,14536.2,1.632099,59.86945,0,78.7703,-0.615704,59.98834,0,97.8245,3.538232,59.89859,0,54.9719,1.399964,59.79488,0,PMU,14492.9,2.694314,59.96386,0,14384.9,0.598676,59.88926,0,14514.5,-1.476846,60.10724,0,78.7494,2.552925,60.01399,0,98.3791,0.427032,60.09908,0,54.6,4.576693,60.18268,0,PMU,14498.1,2.749347,59.97202,0,14382.3,0.653467,59.88227,0,14513.3,-1.421263,60.10841,0,79.2129,2.605955,59.98718,0,98.4548,0.478526,60.17015,0,54.6583,4.627045,60.27976,0,PMU
99,0.833333,14395.2,2.494046,60.04080,0,14464.8,0.401339,60.06994,0,14537.4,4.596285,59.87061,0,78.4985,2.350322,60.00466,0,97.7971,0.225868,59.95687,0,54.4886,4.373346,59.88693,0,PMU,14405.1,2.681375,60.01632,0,14443.2,0.589584,60.08859,0,14539.5,-1.497470,59.86955,0,78.6855,2.538217,60.00000,0,97.8878,0.408297,59.89979,0,54.8717,4.553762,59.82166,0,PMU,14489.5,-0.473949,59.96274,0,14384.1,3.713782,59.89392,0,14513.6,1.637897,60.11073,0,78.7853,-0.616559,59.98368,0,98.2801,3.542505,60.08160,0,54.6722,1.408934,60.17131,0,PMU,14403.7,2.695046,60.01399,0,14440.3,0.603375,60.08976,0,14539.9,-1.483621,59.87061,0,78.7391,2.551277,59.96853,0,97.7481,0.420929,59.88344,0,54.8555,4.567006,59.81499,0,PMU,14407.5,2.749836,60.00933,0,14431.7,0.658533,60.09675,0,14538,-1.427977,59.87178,0,79.1673,2.605286,59.98722,0,97.8523,0.468885,59.81586,0,55.0086,4.611969,59.71208,0,PMU
100,0.841667,14478.1,2.491055,59.94288,0,14392.9,0.396823,59.91374,0,14527.5,4.602267,60.11424,0,78.5346,2.348857,59.97202,0,98.0726,0.227333,60.02798,0,54.3356,4.377069,60.07111,0,PMU,14493.5,2.679482,59.96386,0,14385.9,0.583846,59.89043,0,14515.7,-1.491738,60.10946,0,78.7375,2.536936,59.97552,0,98.4772,0.412445,60.07922,0,54.7215,4.562978,60.17601,0,PMU,14401.3,-0.472974,60.01861,0,14442.9,3.718298,60.08626,0,14536.9,1.631122,59.87061,0,78.7688,-0.616864,59.99417,0,97.8821,3.537683,59.90791,0,54.9055,1.399110,59.81237,0,PMU,14493.9,2.693276,59.96620,0,14385.1,0.597638,59.89043,0,14515.1,-1.477884,60.10957,0,78.8082,2.552253,60.01865,0,98.5311,0.426300,60.10258,0,54.6614,4.576083,60.17335,0,PMU,14497.5,2.748310,59.97086,0,14382.6,0.652368,59.88227,0,14512.5,-1.422484,60.10491,0,79.1467,2.604737,59.98951,0,98.4421,0.477428,60.16315,0,54.6529,4.626068,60.26927,0,PMU
101,0.850000,14395.1,2.493191,60.04080,0,14464.6,0.400485,60.06994,0,14537.4,4.595431,59.86944,0,78.518,2.349528,60.01282,0,97.7101,0.224891,59.95337,0,54.4489,4.373285,59.92773,0,PMU,14404.5,2.680276,60.01515,0,14443.2,0.588424,60.08743,0,14539.6,-1.498630,59.86839,0,78.728,2.536997,60.00117,0,97.9077,0.407076,59.89746,0,54.9385,4.552602,59.80184,0,PMU,14489.9,-0.474925,59.96274,0,14385,3.712805,59.89509,0,14514.1,1.636982,60.11190,0,78.7865,-0.617535,59.98718,0,98.375,3.541711,60.07694,0,54.6508,1.407470,60.15966,0,PMU,14404,2.694070,60.01515,0,14440.7,0.602338,60.08976,0,14540,-1.484597,59.87178,0,78.7628,2.550178,59.96037,0,97.8188,0.420075,59.88110,0,54.813,4.565480,59.79750,0,PMU,14407.1,2.748676,60.00699,0,14431.3,0.657434,60.09675,0,14537.9,-1.429137,59.87294,0,79.1597,2.604066,59.98718,0,97.8057,0.468214,59.82402,0,54.9785,4.611359,59.71908,0,PMU
102,0.858333,14477.7,2.490201,59.94288,0,14392.8,0.396029,59.91491,0,14527.4,4.601351,60.11307,0,78.5673,2.348308,59.97669,0,97.9599,0.226051,60.02215,0,54.4403,4.376581,60.06295,0,PMU,14493.2,2.678262,59.96153,0,14385.9,0.582687,59.89043,0,14515.7,-1.492959,60.10830,0,78.7658,2.535898,59.97902,0,98.4334,0.411044,60.07577,0,54.6965,4.561208,60.16436,0,PMU,14401.6,-0.473949,60.01865,0,14443.4,3.717383,60.08743,0,14537.2,1.630146,59.86945,0,78.7635,-0.618207,59.98718,0,97.8131,3.536279,59.89626,0,54.8381,1.397523,59.81003,0,PMU,14493.8,2.692238,59.96503,0,14385.5,0.596603,59.89047,0,14514.8,-1.478921,60.10840,0,78.7724,2.550605,60.00816,0,98.4557,0.425324,60.10025,0,54.6147,4.575168,60.18501,0,PMU,14497.3,2.747211,59.97202,0,14382.1,0.651331,59.88343,0,14512.6,-1.423522,60.10724,0,79.1247,2.603760,59.99417,0,98.354,0.476390,60.15616,0,54.6445,4.625152,60.26344,0,PMU
103,0.866667,14395.4,2.492337,60.04080,0,14464.9,0.399691,60.06994,0,14537.9,4.594637,59.87178,0,78.5856,2.348857,60.01049,0,97.6368,0.223976,59.96037,0,54.4685,4.371881,59.91024,0,PMU,14404.8,2.679116,60.01632,0,14443.1,0.587264,60.08743,0,14539.2,-1.499789,59.86955,0,78.7566,2.536020,60.00233,0,97.9227,0.406039,59.90441,0,54.9266,4.551443,59.81350,0,PMU,14490.3,-0.475902,59.96270,0,14385.7,3.711890,59.89509,0,14514.8,1.636005,60.11190,0,78.7543,-0.619000,59.98485,0,98.31,3.540613,60.08276,0,54.6747,1.407287,60.18647,0,PMU,14403.4,2.693032,60.01515,0,14440.6,0.601300,60.08972,0,14539.6,-1.485696,59.87061,0,78.7044,2.548652,59.96270,0,97.7796,0.418732,59.87411,0,54.8304,4.564504,59.79634,0,PMU,14406.7,2.747638,60.00816,0,14430.6,0.656397,60.09675,0,14537.5,-1.430113,59.87411,0,79.1648,2.602967,59.98485,0,97.7191,0.467664,59.83335,0,54.9897,4.610993,59.72957,0,PMU
104,0.875000,14477.6,2.489346,59.94288,0,14392.2,0.395236,59.91491,0,14527,4.600619,60.11424,0,78.6008,2.347453,59.97319,0,98.0776,0.225624,60.03147,0,54.4904,4.376886,60.09559,0,PMU,14493.4,2.677163,59.96270,0,14386.1,0.581588,59.89160,0,14515.8,-1.494052,60.10957,0,78.7457,2.535043,59.98135,0,98.5282,0.409884,60.07344,0,54.7197,4.559072,60.14571,0,PMU,14402.2,-0.474986,60.01749,0,14444,3.716406,60.08626,0,14538.5,1.629169,59.86945,0,78.7742,-0.619427,59.99184,0,97.8303,3.535120,59.89509,0,54.8848,1.396302,59.79022,0,PMU,14493.3,2.691140,59.96386,0,14385.1,0.595504,59.88930,0,14514.4,-1.480020,60.10841,0,78.7807,2.549384,60.01399,0,98.3603,0.423859,60.09792,0,54.6122,4.574191,60.18501,0,PMU,14496.1,2.746174,59.97202,0,14381.1,0.650293,59.88343,0,14511.1,-1.424559,60.10608,0,79.1337,2.603028,60.00117,0,98.4871,0.475536,60.15033,0,54.6744,4.624359,60.25528,0,PMU
105,0.883333,14395.2,2.491543,60.04196,0,14464.6,0.398898,60.06994,0,14537.8,4.593783,59.86944,0,78.5905,2.347880,60.00816,0,97.8528,0.223304,59.95570,0,54.5941,4.370356,59.87527,0,PMU,14404.6,2.678018,60.01632,0,14443.6,0.586166,60.08742,0,14538.9,-1.500888,59.86944,0,78.7009,2.534372,59.98718,0,97.8502,0.404818,59.90325,0,54.8644,4.549367,59.81466,0,PMU,14491,-0.476940,59.96270,0,14386.4,3.710852,59.89392,0,14515.9,1.634967,60.11073,0,78.7647,-0.619427,60.00000,0,98.3013,3.540124,60.09558,0,54.6474,1.405883,60.18297,0,PMU,14403.5,2.691933,60.01515,0,14440.5,0.600202,60.08972,0,14539.3,-1.486795,59.87061,0,78.7377,2.547309,59.96037,0,97.8008,0.418122,59.89043,0,54.9247,4.564504,59.81499,0,PMU,14405,2.746723,60.01049,0,14429.2,0.655359,60.09675,0,14535.1,-1.431090,59.87527,0,79.1519,2.601868,59.97785,0,97.7033,0.466810,59.83335,0,54.9787,4.610382,59.73306,0,PMU
106,0.891667,14477,2.488553,59.94288,0,14392.5,0.394443,59.91491,0,14526.9,4.599825,60.11540,0,78.5681,2.346660,59.97669,0,97.9706,0.224159,60.01632,0,54.3687,4.374323,60.07577,0,PMU,14492.6,2.676003,59.96153,0,14385.9,0.580490,59.89160,0,14515.3,-1.495273,60.10724,0,78.6977,2.533579,59.98485,0,98.4038,0.408724,60.07460,0,54.6913,4.558034,60.16553,0,PMU,14403.1,-0.475963,60.01865,0,14444.5,3.715369,60.08626,0,14538.9,1.628132,59.86945,0,78.801,-0.619977,59.98951,0,97.9372,3.534387,59.89043,0,54.8767,1.395875,59.80887,0,PMU,14493.4,2.690041,59.96386,0,14385.1,0.594405,59.88930,0,14514.1,-1.481118,60.10841,0,78.7963,2.548347,60.01982,0,98.5683,0.423065,60.09442,0,54.7011,4.573232,60.16669,0,PMU,14493.8,2.745136,59.96970,0,14379.1,0.649256,59.88343,0,14508.5,-1.425658,60.10375,0,79.1082,2.602173,60.00583,0,98.3794,0.474742,60.15150,0,54.6419,4.623382,60.24829,0,PMU
107,0.900000,14395,2.490689,60.04080,0,14464.7,0.398165,60.07110,0,14537.6,4.592928,59.86828,0,78.6209,2.347026,60.00699,0,97.4004,0.221656,59.95221,0,54.4962,4.370539,59.92773,0,PMU,14403.6,2.676797,60.01515,0,14443.4,0.584945,60.08509,0,14538.5,-1.502170,59.86828,0,78.7088,2.533151,59.99184,0,97.9133,0.403964,59.90908,0,54.9521,4.548147,59.81116,0,PMU,14491.6,-0.477916,59.96270,0,14387,3.709814,59.89392,0,14516.6,1.633991,60.11190,0,78.793,-0.620160,59.99650,0,98.4315,3.538843,60.08509,0,54.6859,1.404967,60.17365,0,PMU,14403.1,2.690957,60.01749,0,14440.5,0.599164,60.09088,0,14538.1,-1.487893,59.87061,0,78.6435,2.546089,59.95687,0,97.7733,0.416840,59.88110,0,54.8448,4.562856,59.80183,0,PMU,14402.2,2.745502,60.00699,0,14426.5,0.654200,60.09442,0,14532.9,-1.432232,59.87444,0,79.137,2.600892,59.97552,0,97.6479,0.466261,59.83801,0,54.9328,4.609772,59.74006,0,PMU
108,0.908333,14477.3,2.487759,59.94405,0,14392.5,0.393710,59.91491,0,14527.5,4.598971,60.11540,0,78.6114,2.346355,59.98718,0,97.7356,0.222694,60.01982,0,54.4775,4.373957,60.06528,0,PMU,14492.4,2.674722,59.96037,0,14385.7,0.579208,59.89043,0,14515.4,-1.496493,60.10841,0,78.734,2.532663,59.99067,0,98.4652,0.407931,60.07577,0,54.7327,4.556753,60.16436,0,PMU,14403.7,-0.476879,60.01982,0,14445.4,3.714392,60.08743,0,14539.3,1.627216,59.87061,0,78.8036,-0.621258,59.97902,0,97.7969,3.533044,59.88927,0,54.8012,1.395204,59.81353,0,PMU,14492.1,2.689004,59.96270,0,14384.6,0.593368,59.88930,0,14513.1,-1.482217,60.10841,0,78.7161,2.547065,60.01865,0,98.4182,0.421967,60.09792,0,54.6474,4.572438,60.18301,0,PMU,14490.7,2.743855,59.96853,0,14375.4,0.647974,59.88110,0,14505.6,-1.426939,60.10108,0,79.074,2.601380,60.00933,0,98.3577,0.474071,60.14917,0,54.5617,4.621979,60.23313,0,PMU
109,0.916667,14395.3,2.489896,60.04080,0,14464.9,0.397372,60.06994,0,14538.3,4.592196,59.87061,0,78.6504,2.346293,59.99883,0,97.4915,0.221168,59.97086,0,54.4867,4.369379,59.91257,0,PMU,14403.6,2.675637,60.01749,0,14443.7,0.583785,60.08742,0,14538.9,-1.503329,59.86944,0,78.7143,2.531931,59.98601,0,98.0151,0.403353,59.91257,0,54.9624,4.547720,59.82748,0,PMU,14492.4,-0.478832,59.96270,0,14387.2,3.708899,59.89509,0,14517.1,1.633075,60.11190,0,78.8003,-0.621319,59.99883,0,98.2742,3.537805,60.09092,0,54.6305,1.405089,60.18880,0,PMU,14402.3,2.689858,60.01632,0,14440,0.598065,60.08972,0,14538.1,-1.488992,59.87061,0,78.6283,2.545173,59.96386,0,97.8557,0.415863,59.88343,0,54.8776,4.561940,59.79950,0,PMU,14400.4,2.744160,60.00583,0,14424.8,0.652857,60.09325,0,14531.4,-1.433575,59.87327,0,79.1292,2.599671,59.96736,0,97.7826,0.465955,59.84501,0,54.9311,4.608612,59.74472,0,PMU
110,0.925000,14478,2.487088,59.94638,0,14393.1,0.392978,59.91608,0,14527.3,4.598361,60.11773,0,78.5842,2.345805,59.99067,0,97.8909,0.222816,60.03147,0,54.4867,4.374628,60.10025,0,PMU,14491.7,2.673623,59.96153,0,14385.2,0.578109,59.89160,0,14514.7,-1.497653,60.10841,0,78.7211,2.531381,59.98951,0,98.4856,0.406649,60.06295,0,54.7228,4.555532,60.14921,0,PMU,14403.7,-0.477855,60.01865,0,14445.2,3.713415,60.08626,0,14539.1,1.626240,59.86945,0,78.7947,-0.622540,59.97669,0,97.7909,3.531824,59.88577,0,54.7741,1.394105,59.79022,0,PMU,14491.4,2.687844,59.96153,0,14383.6,0.592330,59.89047,0,14513.1,-1.483255,60.10957,0,78.7119,2.545783,60.01166,0,98.4145,0.420929,60.09675,0,54.6169,4.570974,60.17252,0,PMU,14489.9,2.742573,59.96969,0,14375,0.646692,59.88227,0,14504.4,-1.428221,60.10225,0,79.1155,2.600648,60.01865,0,98.6192,0.473644,60.14683,0,54.6702,4.621307,60.24246,0,PMU
111,0.933333,14395.6,2.489285,60.04196,0,14465.2,0.396701,60.07110,0,14538,4.591525,59.86944,0,78.6123,2.345561,59.99534,0,97.5436,0.220741,59.96037,0,54.5982,4.368280,59.87877,0,PMU,14402.4,2.674478,60.01632,0,14442.7,0.582626,60.08626,0,14537.2,-1.504489,59.86944,0,78.7332,2.530588,59.98485,0,97.7451,0.401583,59.90325,0,54.9069,4.546560,59.82864,0,PMU,14492.4,-0.479930,59.96037,0,14387.5,3.707867,59.89403,0,14517.2,1.632038,60.11074,0,78.7685,-0.622296,60.00466,0,98.23,3.536646,60.09209,0,54.5678,1.403746,60.18414,0,PMU,14401.8,2.688698,60.01632,0,14439.7,0.596969,60.08859,0,14537.3,-1.490152,59.86828,0,78.5779,2.544016,59.96624,0,97.7793,0.415070,59.88809,0,54.8464,4.561025,59.80999,0,PMU,14399.9,2.743061,60.00933,0,14424.7,0.651697,60.09559,0,14531.5,-1.434735,59.87560,0,79.169,2.598694,59.96270,0,97.9319,0.465162,59.83801,0,55.0489,4.608612,59.75754,0,PMU
112,0.941667,14477.4,2.486417,59.94521,0,14393.2,0.392306,59.91608,0,14527.3,4.597689,60.11773,0,78.5446,2.345256,59.99417,0,97.7637,0.222328,60.03031,0,54.4057,4.372248,60.07577,0,PMU,14490.2,2.672402,59.96037,0,14384.3,0.576950,59.89160,0,14513.1,-1.498935,60.10608,0,78.7968,2.530222,59.99301,0,98.2544,0.405245,60.06994,0,54.7333,4.555471,60.17019,0,PMU,14404.1,-0.478893,60.01982,0,14446.1,3.712378,60.08615,0,14539.7,1.625202,59.86944,0,78.7921,-0.623578,59.97552,0,97.7702,3.531091,59.89392,0,54.7713,1.394288,59.81936,0,PMU,14491.2,2.686745,59.96270,0,14383.4,0.591171,59.88926,0,14513,-1.484414,60.10957,0,78.7247,2.544807,60.01511,0,98.5412,0.419647,60.08743,0,54.6468,4.569814,60.16786,0,PMU,14489.7,2.741596,59.97202,0,14374.5,0.645655,59.88460,0,14504.1,-1.429198,60.10574,0,79.1415,2.599610,60.01749,0,98.6205,0.472669,60.14338,0,54.7178,4.620148,60.22031,0,PMU
113,0.950000,14395,2.488553,60.04080,0,14464.7,0.395968,60.06994,0,14537.5,4.590792,59.86828,0,78.5675,2.344585,59.98718,0,97.6198,0.220008,59.95570,0,54.54,4.368403,59.92656,0,PMU,14401.6,2.673196,60.01515,0,14441.8,0.581344,60.08393,0,14536.4,-1.505771,59.86944,0,78.7676,2.529367,59.98368,0,97.7633,0.400363,59.90675,0,54.9924,4.545827,59.81582,0,PMU,14492.9,-0.480907,59.96153,0,14387.9,3.706890,59.89520,0,14517.4,1.631000,60.11074,0,78.7958,-0.623028,60.01049,0,98.2531,3.535974,60.09325,0,54.631,1.403441,60.17481,0,PMU,14402.6,2.687661,60.01749,0,14440.5,0.595870,60.08976,0,14537.9,-1.491250,59.86944,0,78.6376,2.543222,59.96973,0,97.8261,0.413544,59.88343,0,54.8525,4.559743,59.80766,0,PMU,14398.8,2.742023,60.00816,0,14424.1,0.650721,60.09675,0,14531.3,-1.435772,59.87444,0,79.1292,2.597474,59.95920,0,97.9164,0.464124,59.83680,0,55.0254,4.607208,59.75288,0,PMU
114,0.958333,14477.3,2.485745,59.94638,0,14392.5,0.391635,59.91724,0,14527,4.596957,60.11773,0,78.5423,2.344707,60.00233,0,97.7789,0.221351,60.02565,0,54.5726,4.372065,60.06994,0,PMU,14489.1,2.671121,59.96037,0,14383.1,0.575607,59.89043,0,14512.1,-1.500217,60.10608,0,78.7978,2.529123,59.99534,0,98.2868,0.404391,60.07693,0,54.7567,4.554311,60.16203,0,PMU,14403.9,-0.479930,60.01865,0,14446,3.711340,60.08499,0,14538.7,1.624164,59.86944,0,78.753,-0.624920,59.96386,0,97.6425,3.530359,59.89276,0,54.7436,1.393251,59.80537,0,PMU,14491.7,2.685708,59.96270,0,14384.2,0.590133,59.89043,0,14513.6,-1.485513,60.10957,0,78.7803,2.543771,60.01049,0,98.4614,0.418549,60.09559,0,54.7361,4.569692,60.19001,0,PMU,14489.6,2.740559,59.97202,0,14375.1,0.644739,59.88576,0,14504.6,-1.430235,60.10574,0,79.1023,2.598878,60.02681,0,98.617,0.471449,60.13988,0,54.6484,4.618317,60.21215,0,PMU
115,0.966667,14394.5,2.487820,60.03963,0,14464.4,0.395236,60.06878,0,14536.7,4.590060,59.86828,0,78.6507,2.344218,59.99067,0,97.5978,0.219520,59.96503,0,54.58,4.367426,59.91141,0,PMU,14400.7,2.671914,60.01515,0,14441.1,0.580001,60.08393,0,14535.2,-1.507114,59.86828,0,78.7484,2.528086,59.98019,0,97.8668,0.399630,59.90908,0,55.0279,4.545034,59.82282,0,PMU,14492.2,-0.482005,59.96037,0,14387.7,3.705731,59.89287,0,14516.8,1.629841,60.10841,0,78.7803,-0.624249,60.01282,0,98.2893,3.535547,60.09908,0,54.6729,1.402953,60.18530,0,PMU,14403.1,2.686562,60.01632,0,14440.8,0.594833,60.08976,0,14538.7,-1.492288,59.87061,0,78.6609,2.542368,59.97319,0,97.8404,0.412384,59.88227,0,54.9864,4.558644,59.78901,0,PMU,14399.4,2.741108,60.01049,0,14424.6,0.649805,60.09675,0,14532.2,-1.436688,59.87677,0,79.1119,2.596619,59.95687,0,97.9497,0.463209,59.84263,0,54.987,4.606049,59.76570,0,PMU
116,0.975000,14477.1,2.484952,59.94521,0,14392.7,0.390841,59.91607,0,14526.6,4.596163,60.11657,0,78.684,2.344768,60.01049,0,97.9871,0.221229,60.03264,0,54.6157,4.372797,60.10258,0,PMU,14488.7,2.669839,59.96037,0,14383.2,0.574386,59.89276,0,14512.1,-1.501498,60.10724,0,78.8096,2.527720,59.99301,0,98.3966,0.403231,60.06878,0,54.7916,4.552846,60.14921,0,PMU,14403.5,-0.481090,60.01748,0,14445.6,3.710120,60.08382,0,14538.7,1.622944,59.86828,0,78.7717,-0.625958,59.96736,0,97.8773,3.529871,59.89159,0,54.8363,1.392396,59.79838,0,PMU,14492.6,2.684609,59.96270,0,14384.8,0.589095,59.89043,0,14515.2,-1.486490,60.11074,0,78.7859,2.542429,60.00117,0,98.3785,0.416962,60.08743,0,54.6959,4.567495,60.16902,0,PMU,14490.3,2.739643,59.97202,0,14375.7,0.643824,59.88577,0,14504.9,-1.431090,60.10691,0,79.1427,2.598267,60.03147,0,98.6935,0.470350,60.13638,0,54.6548,4.617706,60.22265,0,PMU
117,0.983333,14393.9,2.487027,60.03963,0,14464.6,0.394504,60.06994,0,14536.9,4.589206,59.86712,0,78.7421,2.343547,59.97669,0,97.6394,0.218666,59.95104,0,54.7294,4.366510,59.87994,0,PMU,14400.8,2.670693,60.01632,0,14441.7,0.578842,60.08509,0,14535.4,-1.508334,59.86944,0,78.7691,2.526926,59.98485,0,97.8206,0.398165,59.90325,0,54.9826,4.543264,59.81699,0,PMU,14491.6,-0.483226,59.95920,0,14387.5,3.704510,59.89287,0,14516.8,1.628681,60.10957,0,78.8026,-0.625165,60.01515,0,98.5197,3.534814,60.09442,0,54.6558,1.401305,60.17015,0,PMU,14404.6,2.685586,60.01865,0,14441.5,0.593795,60.08976,0,14539.1,-1.493264,59.87061,0,78.6447,2.541574,59.98368,0,97.7662,0.411591,59.89742,0,54.9552,4.558278,59.82398,0,PMU,14400.5,2.740314,60.01282,0,14425.7,0.648890,60.09675,0,14532.8,-1.437542,59.87677,0,79.1527,2.595765,59.95221,0,97.9343,0.462110,59.84263,0,55.04,4.605805,59.77269,0,PMU
118,0.991667,14476.9,2.484158,59.94521,0,14393.2,0.390170,59.91724,0,14527.8,4.595370,60.11773,0,78.8131,2.344401,60.01632,0,97.8781,0.220253,60.03031,0,54.5571,4.370478,60.07577,0,PMU,14488.8,2.668740,59.96270,0,14383.6,0.573288,59.89392,0,14512.3,-1.502658,60.10841,0,78.8046,2.526499,59.99184,0,98.2939,0.401950,60.07227,0,54.7727,4.552297,60.17252,0,PMU,14403.2,-0.482250,60.01865,0,14445.5,3.708899,60.08382,0,14538.4,1.621845,59.86944,0,78.7735,-0.626874,59.96736,0,98.0219,3.529016,59.88926,0,54.7795,1.391908,59.82053,0,PMU,14493.2,2.683694,59.96386,0,14385.4,0.588058,59.89043,0,14515.4,-1.487466,60.11074,0,78.7397,2.541391,59.99650,0,98.5238,0.416291,60.08976,0,54.7542,4.566396,60.15504,0,PMU,14491.5,2.738850,59.97202,0,14376.3,0.643030,59.88810,0,14505.6,-1.431822,60.10924,0,79.1611,2.597291,60.02914,0,98.6667,0.469434,60.13988,0,54.661,4.617157,60.21682,0,PMU
119,1.000000,14394.3,2.486233,60.03963,0,14464.7,0.393771,60.06878,0,14537.5,4.588473,59.86828,0,78.7973,2.342937,59.97202,0,97.7416,0.217567,59.94871,0,54.6354,4.365900,59.91257,0,PMU,14400.9,2.669595,60.01632,0,14442.2,0.577743,60.08509,0,14536.2,-1.509494,59.86945,0,78.7703,2.525888,59.98834,0,97.8245,0.396639,59.89859,0,54.9719,4.541557,59.79488,0,PMU,14491.6,-0.484325,59.96037,0,14387.3,3.703411,59.89520,0,14516.7,1.627521,60.10841,0,78.836,-0.625897,60.01865,0,98.4997,3.533533,60.08626,0,54.6595,1.400148,60.15737,0,PMU,14405.3,2.684548,60.01632,0,14442.5,0.592757,60.08976,0,14539.4,-1.494235,59.87072,0,78.6196,2.540720,59.98718,0,97.8597,0.410861,59.89630,0,54.8986,4.556081,59.80301,0,PMU,14400.3,2.739460,60.01166,0,14426.1,0.648096,60.09675,0,14532.8,-1.438458,59.87327,0,79.0876,2.594605,59.94871,0,97.8564,0.460706,59.83331,0,54.9931,4.604525,59.75875,0,PMU
120,1.008333,14477.3,2.483365,59.94521,0,14393,0.389438,59.91724,0,14528.5,4.594637,60.11773,0,78.8346,2.343608,60.01282,0,97.7879,0.219215,60.03147,0,54.612,4.369623,60.07111,0,PMU,14489.5,2.667644,59.96274,0,14384.1,0.572189,59.89392,0,14513.6,-1.503696,60.11073,0,78.7853,2.525034,59.98368,0,98.2801,0.400912,60.08160,0,54.6722,4.550527,60.17131,0,PMU,14403.3,-0.483287,60.01982,0,14446,3.707867,60.08509,0,14538.3,1.620747,59.87061,0,78.7455,-0.627728,59.96503,0,97.8253,3.527551,59.88576,0,54.7322,1.390565,59.81699,0,PMU,14493.6,2.682656,59.96387,0,14385.8,0.587081,59.89159,0,14515.7,-1.488504,60.10946,0,78.754,2.540292,59.99184,0,98.4981,0.415558,60.08972,0,54.7416,4.566152,60.19233,0,PMU,14491.1,2.737934,59.97086,0,14376.9,0.642115,59.88577,0,14505.6,-1.432781,60.10841,0,79.1268,2.596375,60.03380,0,98.4785,0.467970,60.13872,0,54.6145,4.616181,60.22260,0,PMU
121,1.016667,14394.1,2.485379,60.03847,0,14464.2,0.392978,60.06761,0,14537.7,4.587680,59.86712,0,78.7593,2.341655,59.96270,0,97.4854,0.217018,59.95804,0,54.5823,4.364252,59.89742,0,PMU,14401.3,2.668618,60.01861,0,14442.9,0.576706,60.08626,0,14536.9,-1.510470,59.87061,0,78.7688,2.524729,59.99417,0,97.8821,0.396090,59.90791,0,54.9055,4.540703,59.81237,0,PMU,14491.2,-0.485423,59.95920,0,14387.2,3.702374,59.89509,0,14516.3,1.626423,60.10841,0,78.7762,-0.627057,60.01282,0,98.3115,3.532251,60.08976,0,54.6404,1.399476,60.17019,0,PMU,14405.1,2.683511,60.01632,0,14442.6,0.591720,60.08859,0,14539.5,-1.495334,59.86955,0,78.7033,2.540231,59.99883,0,97.8774,0.409945,59.89280,0,54.9591,4.555288,59.79251,0,PMU,14401.5,2.738544,60.01166,0,14427.8,0.647242,60.09791,0,14534.6,-1.439434,59.87294,0,79.1347,2.593873,59.95221,0,97.7499,0.459486,59.83797,0,55.0078,4.603793,59.76341,0,PMU
122,1.025000,14477.6,2.482510,59.94521,0,14392.9,0.388522,59.91491,0,14528.4,4.593783,60.11656,0,78.8431,2.342570,60.01749,0,97.8867,0.218727,60.03264,0,54.5967,4.370356,60.11657,0,PMU,14489.9,2.666667,59.96274,0,14385,0.571212,59.89509,0,14514.1,-1.504611,60.11190,0,78.7865,2.524057,59.98718,0,98.375,0.400118,60.07694,0,54.6508,4.549062,60.15966,0,PMU,14402.9,-0.484386,60.01982,0,14445.5,3.706829,60.08509,0,14538.4,1.619648,59.87061,0,78.68,-0.628748,59.96769,0,97.8114,3.526148,59.88343,0,54.7666,1.389711,59.81349,0,PMU,14493.7,2.681558,59.96270,0,14385.9,0.586044,59.89159,0,14516.3,-1.489541,60.11063,0,78.7731,2.539316,59.98251,0,98.4872,0.414765,60.09205,0,54.677,4.564199,60.17018,0,PMU,14493.8,2.737080,59.97202,0,14378.5,0.641260,59.88577,0,14507.8,-1.433636,60.11074,0,79.2349,2.595704,60.03497,0,98.5494,0.467054,60.14454,0,54.6566,4.615875,60.23076,0,PMU
123,1.033333,14393.6,2.484524,60.03847,0,14463.7,0.392062,60.06761,0,14536.7,4.586764,59.86595,0,78.7738,2.340922,59.96853,0,97.5274,0.215919,59.94638,0,54.6849,4.364191,59.88227,0,PMU,14401.6,2.667644,60.01865,0,14443.4,0.575790,60.08743,0,14537.2,-1.511447,59.86945,0,78.7635,2.523386,59.98718,0,97.8131,0.394687,59.89626,0,54.8381,4.539116,59.81003,0,PMU,14491.2,-0.486522,59.95920,0,14386.9,3.701275,59.89392,0,14516.3,1.625385,60.10957,0,78.7504,-0.628277,60.00899,0,98.2579,3.530969,60.09209,0,54.6107,1.397950,60.15737,0,PMU,14405,2.682473,60.01749,0,14443,0.590682,60.08859,0,14539.5,-1.496371,59.86955,0,78.6717,2.539377,60.00117,0,97.972,0.409457,59.89863,0,54.9087,4.554861,59.82166,0,PMU,14404.3,2.737751,60.01282,0,14430.7,0.646387,60.09791,0,14537.1,-1.440289,59.87294,0,79.1406,2.592774,59.94405,0,97.8266,0.458387,59.83447,0,55.0301,4.602816,59.75059,0,PMU
124,1.041667,14476.7,2.481475,59.94176,0,14391.9,0.387607,59.91491,0,14528.2,4.592867,60.11656,0,78.8532,2.341533,60.01166,0,97.7803,0.218116,60.04196,0,54.5086,4.368525,60.08276,0,PMU,14490.3,2.665691,59.96270,0,14385.7,0.570297,59.89509,0,14514.8,-1.505588,60.11190,0,78.7543,2.522593,59.98485,0,98.31,0.399020,60.08276,0,54.6747,4.548879,60.18647,0,PMU,14402.7,-0.485484,60.01982,0,14445.5,3.705731,60.08509,0,14538,1.618549,59.86944,0,78.6576,-0.629847,59.97003,0,97.8077,3.525415,59.89392,0,54.7398,1.389039,59.82981,0,PMU,14493.4,2.680520,59.96270,0,14385.9,0.584945,59.89043,0,14516,-1.490640,60.10946,0,78.7348,2.538217,59.97785,0,98.5669,0.413544,60.07806,0,54.7275,4.563100,60.15736,0,PMU,14496.8,2.736347,59.97319,0,14382.4,0.640528,59.88810,0,14511.4,-1.434307,60.11424,0,79.1829,2.593934,60.02215,0,98.5044,0.465894,60.14338,0,54.6279,4.614594,60.22493,0,PMU
125,1.050000,14393.3,2.483548,60.03959,0,14463.2,0.391086,60.06644,0,14536.3,4.585849,59.86595,0,78.8154,2.340434,59.97902,0,97.6775,0.215309,59.94638,0,54.5997,4.364191,59.91724,0,PMU,14402.2,2.666606,60.01749,0,14444,0.574813,60.08626,0,14538.5,-1.512423,59.86945,0,78.7742,2.522165,59.99184,0,97.8303,0.393527,59.89509,0,54.8848,4.537895,59.79022,0,PMU,14490.7,-0.487560,59.96037,0,14387,3.700177,59.89392,0,14515.9,1.624226,60.10841,0,78.7355,-0.629114,60.01399,0,98.3579,3.529626,60.08043,0,54.6071,1.396302,60.13872,0,PMU,14405.1,2.681375,60.01632,0,14443.2,0.589584,60.08859,0,14539.5,-1.497470,59.86955,0,78.6855,2.538217,60.00000,0,97.8878,0.408297,59.89979,0,54.8717,4.553762,59.82166,0,PMU,14406.8,2.737080,60.01399,0,14432.7,0.645716,60.09908,0,14539.2,-1.440960,59.87294,0,78.9411,2.591004,59.94405,0,97.7165,0.457594,59.84147,0,54.9657,4.601779,59.75525,0,PMU
126,1.058333,14477.1,2.480559,59.94292,0,14392.2,0.386630,59.91491,0,14528.4,4.591891,60.11540,0,78.929,2.341106,60.01282,0,97.8906,0.217201,60.03613,0,54.5867,4.367792,60.06878,0,PMU,14491,2.664653,59.96270,0,14386.4,0.569259,59.89392,0,14515.9,-1.506625,60.11073,0,78.7647,2.522165,60.00000,0,98.3013,0.398532,60.09558,0,54.6474,4.547475,60.18297,0,PMU,14402.2,-0.486583,60.01865,0,14445.6,3.704632,60.08509,0,14538.1,1.617451,59.87061,0,78.6217,-0.630701,59.96969,0,97.7128,3.523950,59.89159,0,54.6853,1.387574,59.83331,0,PMU,14493.5,2.679482,59.96386,0,14385.9,0.583846,59.89043,0,14515.7,-1.491738,60.10946,0,78.7375,2.536936,59.97552,0,98.4772,0.412445,60.07922,0,54.7215,4.562978,60.17601,0,PMU,14497.9,2.735615,59.97202,0,14383.8,0.639796,59.88693,0,14513.2,-1.435101,60.11191,0,78.9762,2.592774,60.03380,0,98.5106,0.465101,60.14337,0,54.5731,4.614350,60.24009,0,PMU
127,1.066667,14393.6,2.482754,60.04192,0,14464,0.390231,60.06877,0,14536.6,4.584994,59.86828,0,78.7969,2.339641,59.97203,0,97.7041,0.214516,59.94872,0,54.5556,4.362667,59.90212,0,PMU,14403.1,2.665630,60.01865,0,14444.5,0.573776,60.08626,0,14538.9,-1.513461,59.86945,0,78.801,2.521616,59.98951,0,97.9372,0.392795,59.89043,0,54.8767,4.537468,59.80887,0,PMU,14490.6,-0.488658,59.96037,0,14387,3.699139,59.89509,0,14516.2,1.623127,60.10841,0,78.7438,-0.630213,60.00933,0,98.3096,3.528589,60.08859,0,54.6254,1.395936,60.15970,0,PMU,14404.5,2.680276,60.01515,0,14443.2,0.588424,60.08743,0,14539.6,-1.498630,59.86839,0,78.728,2.536997,60.00117,0,97.9077,0.407076,59.89746,0,54.9385,4.552602,59.80184,0,PMU,14407.7,2.736286,60.01282,0,14433.5,0.644861,60.09675,0,14540,-1.441815,59.87178,0,78.8671,2.590333,59.95337,0,97.6861,0.457045,59.84613,0,54.9269,4.601412,59.75292,0,PMU
128,1.075000,14476.8,2.479766,59.94292,0,14392.3,0.385837,59.91607,0,14528.1,4.591097,60.11656,0,78.9137,2.340007,60.00699,0,98.0483,0.216591,60.03963,0,54.6161,4.368708,60.11536,0,PMU,14491.6,2.663677,59.96270,0,14387,0.568222,59.89392,0,14516.6,-1.507602,60.11190,0,78.793,2.521433,59.99650,0,98.4315,0.397250,60.08509,0,54.6859,4.546560,60.17365,0,PMU,14402.5,-0.487621,60.01982,0,14444.8,3.703533,60.08393,0,14538.3,1.616415,59.87182,0,78.6633,-0.631495,59.97552,0,97.9572,3.522485,59.88343,0,54.7887,1.386842,59.82631,0,PMU,14493.2,2.678262,59.96153,0,14385.9,0.582687,59.89043,0,14515.7,-1.492959,60.10830,0,78.7658,2.535898,59.97902,0,98.4334,0.411044,60.07577,0,54.6965,4.561208,60.16436,0,PMU,14498.6,2.734699,59.96969,0,14384.2,0.638819,59.88460,0,14513.8,-1.436016,60.11074,0,79.0161,2.592042,60.03264,0,98.6079,0.464674,60.14571,0,54.566,4.614350,60.24708,0,PMU
129,1.083333,14393.2,2.481961,60.04192,0,14463.6,0.389438,60.06877,0,14536.7,4.584201,59.86828,0,78.765,2.338542,59.97203,0,97.5952,0.212990,59.93122,0,54.7102,4.362240,59.87648,0,PMU,14403.7,2.664714,60.01982,0,14445.4,0.572799,60.08743,0,14539.3,-1.514376,59.87061,0,78.8036,2.520334,59.97902,0,97.7969,0.391452,59.88927,0,54.8012,4.536796,59.81353,0,PMU,14490.6,-0.489696,59.96037,0,14386.2,3.698040,59.89509,0,14515.8,1.622150,60.10953,0,78.7606,-0.631434,60.00117,0,98.4844,3.527124,60.08859,0,54.6298,1.394532,60.14688,0,PMU,14404.8,2.679116,60.01632,0,14443.1,0.587264,60.08743,0,14539.2,-1.499789,59.86955,0,78.7566,2.536020,60.00233,0,97.9227,0.406039,59.90441,0,54.9266,4.551443,59.81350,0,PMU,14408.1,2.735371,60.01282,0,14434.3,0.643885,60.09675,0,14539.8,-1.442791,59.87061,0,78.9653,2.589845,59.95804,0,97.8454,0.456312,59.84031,0,54.9526,4.601473,59.75408,0,PMU
130,1.091667,14476.8,2.478911,59.94176,0,14391.7,0.385043,59.91607,0,14528.4,4.590304,60.11656,0,78.8935,2.338786,60.00466,0,97.7481,0.215492,60.04779,0,54.5304,4.366571,60.08272,0,PMU,14492.4,2.662761,59.96270,0,14387.2,0.567306,59.89509,0,14517.1,-1.508517,60.11190,0,78.8003,2.520273,59.99883,0,98.2742,0.396212,60.09092,0,54.6305,4.546682,60.18880,0,PMU,14402.2,-0.488597,60.02098,0,14444.8,3.702557,60.08626,0,14537.7,1.615378,59.87065,0,78.6665,-0.632349,59.98251,0,97.9756,3.521631,59.89509,0,54.783,1.386415,59.84496,0,PMU,14493.4,2.677163,59.96270,0,14386.1,0.581588,59.89160,0,14515.8,-1.494052,60.10957,0,78.7457,2.535043,59.98135,0,98.5282,0.409884,60.07344,0,54.7197,4.559072,60.14571,0,PMU,14498.8,2.733723,59.96853,0,14384.7,0.637842,59.88460,0,14514.2,-1.436993,60.11074,0,79.0697,2.591187,60.02564,0,98.5774,0.463880,60.14454,0,54.6002,4.614044,60.24009,0,PMU
131,1.100000,14393.4,2.481048,60.04080,0,14463.3,0.388583,60.06761,0,14536.3,4.583346,59.86712,0,78.7622,2.337871,59.98251,0,97.6142,0.212074,59.93472,0,54.5981,4.362240,59.91728,0,PMU,14403.7,2.663738,60.01865,0,14445.2,0.571823,60.08626,0,14539.1,-1.515353,59.86945,0,78.7947,2.519053,59.97669,0,97.7909,0.390231,59.88577,0,54.7741,4.535698,59.79022,0,PMU,14490.1,-0.490733,59.95921,0,14385.8,3.697003,59.89392,0,14515.3,1.621113,60.10953,0,78.7957,-0.632471,59.99767,0,98.4511,3.525598,60.07577,0,54.6735,1.393739,60.13988,0,PMU,14404.6,2.678018,60.01632,0,14443.6,0.586166,60.08742,0,14538.9,-1.500888,59.86944,0,78.7009,2.534372,59.98718,0,97.8502,0.404818,59.90325,0,54.8644,4.549367,59.81466,0,PMU,14408.2,2.734394,60.01282,0,14434.9,0.642908,60.09675,0,14539.9,-1.443829,59.86944,0,78.9289,2.588685,59.95221,0,97.8095,0.455702,59.84380,0,54.9768,4.600802,59.74709,0,PMU
132,1.108333,14476.4,2.477996,59.94172,0,14391.8,0.384128,59.91491,0,14528.2,4.589388,60.11540,0,78.9237,2.338115,60.00466,0,97.8161,0.214760,60.05129,0,54.6161,4.365595,60.06407,0,PMU,14492.4,2.661662,59.96037,0,14387.5,0.566274,59.89403,0,14517.2,-1.509555,60.11074,0,78.7685,2.519297,60.00466,0,98.23,0.395053,60.09209,0,54.5678,4.545339,60.18414,0,PMU,14401.9,-0.489635,60.02098,0,14444.3,3.701519,60.08626,0,14537.2,1.614340,59.87065,0,78.6682,-0.633204,59.98601,0,97.7508,3.520061,59.89426,0,54.7532,1.385316,59.83914,0,PMU,14492.6,2.676003,59.96153,0,14385.9,0.580490,59.89160,0,14515.3,-1.495273,60.10724,0,78.6977,2.533579,59.98485,0,98.4038,0.408724,60.07460,0,54.6913,4.558034,60.16553,0,PMU,14499.1,2.732746,59.96853,0,14384.8,0.636805,59.88343,0,14514.8,-1.438030,60.11074,0,79.0493,2.589784,60.02098,0,98.6226,0.462904,60.13755,0,54.6449,4.613434,60.24125,0,PMU
133,1.116667,14393.3,2.480132,60.04080,0,14463.3,0.387668,60.06761,0,14536.3,4.582492,59.86828,0,78.7525,2.337383,59.98601,0,97.5688,0.211586,59.93938,0,54.5605,4.360714,59.90679,0,PMU,14404.1,2.662700,60.01982,0,14446.1,0.570785,60.08615,0,14539.7,-1.516391,59.86944,0,78.7921,2.518015,59.97552,0,97.7702,0.389499,59.89392,0,54.7713,4.535881,59.81936,0,PMU,14490,-0.491771,59.95920,0,14385.2,3.695965,59.89392,0,14514.9,1.620075,60.10953,0,78.7541,-0.633570,59.99301,0,98.4241,3.524561,60.08593,0,54.6437,1.393129,60.14921,0,PMU,14403.6,2.676797,60.01515,0,14443.4,0.584945,60.08509,0,14538.5,-1.502170,59.86828,0,78.7088,2.533151,59.99184,0,97.9133,0.403964,59.90908,0,54.9521,4.548147,59.81116,0,PMU,14408.4,2.733418,60.01282,0,14435.1,0.641932,60.09792,0,14539.7,-1.444805,59.87061,0,78.9282,2.587586,59.95804,0,97.788,0.454908,59.84730,0,54.9727,4.600070,59.74476,0,PMU
134,1.125000,14475.8,2.477141,59.94288,0,14391.6,0.383273,59.91607,0,14527.9,4.588534,60.11540,0,78.8701,2.336833,59.98951,0,97.9892,0.214393,60.05362,0,54.6101,4.366144,60.10370,0,PMU,14492.9,2.660686,59.96153,0,14387.9,0.565298,59.89520,0,14517.4,-1.510592,60.11074,0,78.7958,2.518564,60.01049,0,98.2531,0.394381,60.09325,0,54.631,4.545034,60.17481,0,PMU,14401.4,-0.490733,60.01982,0,14444.2,3.700360,60.08393,0,14536.9,1.613241,59.86948,0,78.6735,-0.634058,59.99067,0,97.9346,3.519268,59.89892,0,54.7758,1.384035,59.82632,0,PMU,14492.4,2.674722,59.96037,0,14385.7,0.579208,59.89043,0,14515.4,-1.496493,60.10841,0,78.734,2.532663,59.99067,0,98.4652,0.407931,60.07577,0,54.7327,4.556753,60.16436,0,PMU,14499.1,2.731831,59.96969,0,14385.1,0.635889,59.88460,0,14514.6,-1.438946,60.11191,0,79.0949,2.589051,60.02798,0,98.5938,0.462171,60.13871,0,54.6106,4.612580,60.23892,0,PMU
135,1.133333,14392.7,2.479278,60.04080,0,14462.9,0.386813,60.06761,0,14536,4.581576,59.86711,0,78.8003,2.336589,59.99534,0,97.5846,0.210670,59.92889,0,54.691,4.360409,59.89047,0,PMU,14403.9,2.661662,60.01865,0,14446,0.569748,60.08499,0,14538.7,-1.517428,59.86944,0,78.753,2.516672,59.96386,0,97.6425,0.388766,59.89276,0,54.7436,4.534843,59.80537,0,PMU,14489,-0.492930,59.95804,0,14384.6,3.694867,59.89509,0,14514.2,1.618976,60.10953,0,78.7547,-0.634974,59.98251,0,98.461,3.524072,60.09176,0,54.5974,1.391420,60.14104,0,PMU,14403.6,2.675637,60.01749,0,14443.7,0.583785,60.08742,0,14538.9,-1.503329,59.86944,0,78.7143,2.531931,59.98601,0,98.0151,0.403353,59.91257,0,54.9624,4.547720,59.82748,0,PMU,14408,2.732502,60.01282,0,14435.9,0.641016,60.09792,0,14539.1,-1.445782,59.86944,0,78.9586,2.587037,59.96153,0,97.8082,0.454115,59.84613,0,54.9675,4.599459,59.74942,0,PMU
136,1.141667,14475.2,2.476165,59.94055,0,14391.3,0.382419,59.91607,0,14528.1,4.587619,60.11540,0,79.0025,2.336101,59.99067,0,97.8323,0.213356,60.05129,0,54.5526,4.364069,60.06990,0,PMU,14492.2,2.659587,59.96037,0,14387.7,0.564138,59.89287,0,14516.8,-1.511752,60.10841,0,78.7803,2.517344,60.01282,0,98.2893,0.393954,60.09908,0,54.6729,4.544546,60.18530,0,PMU,14400.6,-0.491832,60.02098,0,14443.8,3.699261,60.08393,0,14536.4,1.612143,59.86948,0,78.7005,-0.635157,59.99650,0,97.9968,3.518536,59.89426,0,54.7601,1.383607,59.85080,0,PMU,14491.7,2.673623,59.96153,0,14385.2,0.578109,59.89160,0,14514.7,-1.497653,60.10841,0,78.7211,2.531381,59.98951,0,98.4856,0.406649,60.06295,0,54.7228,4.555532,60.14921,0,PMU,14498.4,2.730915,59.96969,0,14385.1,0.634974,59.88460,0,14514.6,-1.439923,60.11191,0,79.0639,2.587892,60.01632,0,98.4889,0.461134,60.13405,0,54.6281,4.611664,60.23310,0,PMU
137,1.150000,14392.5,2.478362,60.04196,0,14462.7,0.385898,60.06644,0,14536.2,4.580661,59.86711,0,78.8792,2.336040,59.99883,0,97.6857,0.208778,59.91257,0,54.6112,4.360104,59.92427,0,PMU,14403.5,2.660503,60.01748,0,14445.6,0.568527,60.08382,0,14538.7,-1.518649,59.86828,0,78.7717,2.515635,59.96736,0,97.8773,0.388278,59.89159,0,54.8363,4.533989,59.79838,0,PMU,14488.6,-0.493968,59.95920,0,14384.4,3.693768,59.89509,0,14513.7,1.617878,60.10953,0,78.7727,-0.635950,59.98485,0,98.4341,3.522730,60.08010,0,54.6375,1.390443,60.13055,0,PMU,14402.4,2.674478,60.01632,0,14442.7,0.582626,60.08626,0,14537.2,-1.504489,59.86944,0,78.7332,2.530588,59.98485,0,97.7451,0.401583,59.90325,0,54.9069,4.546560,59.82864,0,PMU,14408.1,2.731587,60.01282,0,14436,0.640101,60.09792,0,14539,-1.446697,59.87061,0,78.9299,2.585999,59.96386,0,97.6546,0.453138,59.84730,0,54.9363,4.598361,59.74592,0,PMU
138,1.158333,14475.3,2.475310,59.94172,0,14391.3,0.381503,59.91607,0,14528.5,4.586703,60.11540,0,79.0466,2.335124,59.98251,0,97.8673,0.211830,60.05828,0,54.6615,4.363217,60.05945,0,PMU,14491.6,2.658367,59.95920,0,14387.5,0.562917,59.89287,0,14516.8,-1.512912,60.10957,0,78.8026,2.516428,60.01515,0,98.5197,0.393222,60.09442,0,54.6558,4.542898,60.17015,0,PMU,14400.4,-0.492930,60.01982,0,14443.9,3.698223,60.08509,0,14536.2,1.611044,59.86948,0,78.7141,-0.636195,59.99534,0,97.8911,3.517559,59.90125,0,54.7547,1.382204,59.84264,0,PMU,14490.2,2.672402,59.96037,0,14384.3,0.576950,59.89160,0,14513.1,-1.498935,60.10608,0,78.7968,2.530222,59.99301,0,98.2544,0.405245,60.06994,0,54.7333,4.555471,60.17019,0,PMU,14498,2.729941,59.96857,0,14384.4,0.634058,59.88460,0,14514.9,-1.440899,60.11074,0,79.0461,2.586793,60.01515,0,98.4891,0.460279,60.13638,0,54.6059,4.610687,60.23543,0,PMU
139,1.166667,14392.5,2.477569,60.04313,0,14463.2,0.385104,60.06878,0,14536.4,4.579867,59.86944,0,78.8706,2.335430,60.00583,0,97.6648,0.209083,59.94754,0,54.6162,4.358578,59.91141,0,PMU,14403.2,2.659343,60.01865,0,14445.5,0.567306,60.08382,0,14538.4,-1.519748,59.86944,0,78.7735,2.514719,59.96736,0,98.0219,0.387424,59.88926,0,54.7795,4.533501,59.82053,0,PMU,14488.3,-0.495006,59.96037,0,14384.2,3.692670,59.89393,0,14513.8,1.616781,60.10957,0,78.7332,-0.637476,59.97552,0,98.5012,3.521631,60.07777,0,54.6416,1.389711,60.14337,0,PMU,14401.6,2.673196,60.01515,0,14441.8,0.581344,60.08393,0,14536.4,-1.505771,59.86944,0,78.7676,2.529367,59.98368,0,97.7633,0.400363,59.90675,0,54.9924,4.545827,59.81582,0,PMU,14407.9,2.730549,60.01162,0,14435.8,0.639063,60.09559,0,14539.1,-1.447613,59.87177,0,78.859,2.585084,59.96736,0,97.7122,0.452955,59.86012,0,54.9379,4.597567,59.74942,0,PMU
140,1.175000,14475.2,2.474517,59.94172,0,14391.6,0.380710,59.91607,0,14528,4.585910,60.11540,0,79.0324,2.334209,59.97669,0,98.0654,0.212013,60.05595,0,54.688,4.363583,60.09559,0,PMU,14491.6,2.657268,59.96037,0,14387.3,0.561819,59.89520,0,14516.7,-1.514071,60.10841,0,78.836,2.515696,60.01865,0,98.4997,0.391940,60.08626,0,54.6595,4.541740,60.15737,0,PMU,14400.3,-0.493968,60.01982,0,14444.3,3.697125,60.08509,0,14536.4,1.609945,59.86944,0,78.7325,-0.637537,59.99883,0,97.8457,3.516155,59.89542,0,54.789,1.380678,59.82748,0,PMU,14489.1,2.671121,59.96037,0,14383.1,0.575607,59.89043,0,14512.1,-1.500217,60.10608,0,78.7978,2.529123,59.99534,0,98.2868,0.404391,60.07693,0,54.7567,4.554311,60.16203,0,PMU,14497.9,2.728964,59.96973,0,14384.2,0.633021,59.88460,0,14514.7,-1.441876,60.10957,0,79.0547,2.586244,60.02215,0,98.6237,0.459791,60.13055,0,54.6265,4.609833,60.23426,0,PMU
141,1.183333,14391.9,2.476714,60.04196,0,14463.1,0.384250,60.06761,0,14536.1,4.579013,59.86828,0,78.9689,2.335124,60.01749,0,97.7608,0.208473,59.93239,0,54.7335,4.357540,59.88460,0,PMU,14403.3,2.658305,60.01982,0,14446,0.566274,60.08509,0,14538.3,-1.520846,59.87061,0,78.7455,2.513865,59.96503,0,97.8253,0.385959,59.88576,0,54.7322,4.532158,59.81699,0,PMU,14488.9,-0.496104,59.95920,0,14385.3,3.691693,59.89626,0,14515.2,1.615744,60.11074,0,78.7747,-0.638392,59.98368,0,98.4233,3.520916,60.09092,0,54.6134,1.387819,60.13638,0,PMU,14400.7,2.671914,60.01515,0,14441.1,0.580001,60.08393,0,14535.2,-1.507114,59.86828,0,78.7484,2.528086,59.98019,0,97.8668,0.399630,59.90908,0,55.0279,4.545034,59.82282,0,PMU,14407.4,2.729697,60.01399,0,14435.8,0.638087,60.09675,0,14537.7,-1.448589,59.87178,0,78.8939,2.585023,59.97669,0,97.8232,0.452040,59.85196,0,54.9699,4.596896,59.75292,0,PMU
142,1.191667,14474.5,2.473601,59.94055,0,14391.1,0.379812,59.91524,0,14527.5,4.585055,60.11540,0,79.0664,2.333049,59.96037,0,97.9582,0.210792,60.04430,0,54.5412,4.360836,60.06295,0,PMU,14491.2,2.656169,59.95920,0,14387.2,0.560781,59.89509,0,14516.3,-1.515170,60.10841,0,78.7762,2.514536,60.01282,0,98.3115,0.390658,60.08976,0,54.6404,4.541069,60.17019,0,PMU,14401.2,-0.494945,60.02215,0,14445.3,3.696148,60.08509,0,14537.5,1.608969,59.87061,0,78.8148,-0.638331,60.00117,0,98.0551,3.515545,59.89742,0,54.7784,1.379762,59.84613,0,PMU,14488.7,2.669839,59.96037,0,14383.2,0.574386,59.89276,0,14512.1,-1.501498,60.10724,0,78.8096,2.527720,59.99301,0,98.3966,0.403231,60.06878,0,54.7916,4.552846,60.14921,0,PMU,14496.8,2.727988,59.96736,0,14383.4,0.632044,59.88460,0,14513.5,-1.442913,60.10840,0,79.039,2.585145,60.00233,0,98.5038,0.458448,60.12239,0,54.6379,4.608673,60.22493,0,PMU
143,1.200000,14391.8,2.475860,60.04313,0,14463.2,0.383395,60.06844,0,14535.2,4.578158,59.86828,0,78.914,2.334148,60.02098,0,97.6033,0.207558,59.93822,0,54.5806,4.357418,59.93472,0,PMU,14402.9,2.657207,60.01982,0,14445.5,0.565237,60.08509,0,14538.4,-1.521945,59.87061,0,78.68,2.512844,59.96769,0,97.8114,0.384555,59.88343,0,54.7666,4.531303,59.81349,0,PMU,14490.1,-0.497020,59.96037,0,14385.9,3.690716,59.89626,0,14516.1,1.614828,60.11191,0,78.7934,-0.639429,59.97902,0,98.5166,3.519512,60.07577,0,54.6469,1.386659,60.13172,0,PMU,14400.8,2.670693,60.01632,0,14441.7,0.578842,60.08509,0,14535.4,-1.508334,59.86944,0,78.7691,2.526926,59.98485,0,97.8206,0.398165,59.90325,0,54.9826,4.543264,59.81699,0,PMU,14406.4,2.728598,60.01166,0,14435.5,0.637049,60.09559,0,14537.3,-1.449688,59.87061,0,78.8163,2.583924,59.97669,0,97.6748,0.450941,59.85663,0,54.9392,4.595309,59.74476,0,PMU
144,1.208333,14474.2,2.472808,59.94172,0,14391,0.378957,59.91524,0,14526.7,4.584140,60.11424,0,78.9807,2.332317,59.96503,0,97.9358,0.209816,60.04313,0,54.6058,4.359982,60.04896,0,PMU,14491.2,2.655071,59.95920,0,14386.9,0.559683,59.89392,0,14516.3,-1.516208,60.10957,0,78.7504,2.513315,60.00899,0,98.2579,0.389377,60.09209,0,54.6107,4.539543,60.15737,0,PMU,14401.9,-0.495860,60.02215,0,14446.3,3.695294,60.08742,0,14538.3,1.608053,59.87061,0,78.7251,-0.639918,59.99067,0,97.9146,3.514690,59.90791,0,54.7429,1.378480,59.84380,0,PMU,14488.8,2.668740,59.96270,0,14383.6,0.573288,59.89392,0,14512.3,-1.502658,60.10841,0,78.8046,2.526499,59.99184,0,98.2939,0.401950,60.07227,0,54.7727,4.552297,60.17252,0,PMU,14495.9,2.726889,59.96736,0,14382.7,0.631007,59.88460,0,14513.1,-1.444012,60.10840,0,78.9806,2.583985,60.00117,0,98.4611,0.457167,60.11890,0,54.6041,4.607086,60.22493,0,PMU
145,1.216667,14391.4,2.475005,60.04196,0,14463,0.382541,60.06844,0,14534.7,4.577304,59.86944,0,78.8934,2.333476,60.02215,0,97.6136,0.206947,59.94521,0,54.5624,4.355709,59.91840,0,PMU,14402.7,2.656108,60.01982,0,14445.5,0.564138,60.08509,0,14538,-1.523043,59.86944,0,78.6576,2.511746,59.97003,0,97.8077,0.383822,59.89392,0,54.7398,4.530632,59.82981,0,PMU,14490.5,-0.497874,59.96153,0,14386.7,3.689862,59.89626,0,14516.6,1.613913,60.11191,0,78.6593,-0.640528,59.98834,0,98.4833,3.518536,60.07344,0,54.6229,1.386232,60.14804,0,PMU,14400.9,2.669595,60.01632,0,14442.2,0.577743,60.08509,0,14536.2,-1.509494,59.86945,0,78.7703,2.525888,59.98834,0,97.8245,0.396639,59.89859,0,54.9719,4.541557,59.79488,0,PMU,14405.8,2.727560,60.01282,0,14435,0.636011,60.09559,0,14536.9,-1.450664,59.87295,0,78.8363,2.583619,59.99301,0,97.6288,0.450148,59.86595,0,54.9258,4.594576,59.76108,0,PMU
146,1.225000,14473.3,2.472014,59.94288,0,14390.8,0.378103,59.91524,0,14525.4,4.583285,60.11424,0,78.9153,2.331279,59.95804,0,98.0644,0.209083,60.04080,0,54.5904,4.360165,60.08509,0,PMU,14490.7,2.654033,59.96037,0,14387,0.558584,59.89392,0,14515.9,-1.517367,60.10841,0,78.7355,2.512478,60.01399,0,98.3579,0.388034,60.08043,0,54.6071,4.537895,60.13872,0,PMU,14401.8,-0.496776,60.02098,0,14446.7,3.694378,60.08626,0,14538.8,1.607138,59.87061,0,78.6519,-0.641138,59.98834,0,97.8059,3.513470,59.90325,0,54.7598,1.377565,59.83448,0,PMU,14489.5,2.667644,59.96274,0,14384.1,0.572189,59.89392,0,14513.6,-1.503696,60.11073,0,78.7853,2.525034,59.98368,0,98.2801,0.400912,60.08160,0,54.6722,4.550527,60.17131,0,PMU,14494.9,2.725912,59.96853,0,14382.1,0.630030,59.88576,0,14512.3,-1.444988,60.10840,0,78.9639,2.583192,59.99184,0,98.4585,0.456617,60.12356,0,54.5978,4.606476,60.22727,0,PMU
147,1.233333,14390.7,2.474212,60.04196,0,14463.2,0.381747,60.06961,0,14534.2,4.576388,59.86828,0,78.9092,2.332927,60.03147,0,97.5605,0.205849,59.93822,0,54.6744,4.355221,59.90558,0,PMU,14402.2,2.655010,60.01865,0,14445.6,0.563039,60.08509,0,14538.1,-1.524142,59.87061,0,78.6217,2.510891,59.96969,0,97.7128,0.382358,59.89159,0,54.6853,4.529167,59.83331,0,PMU,14490.2,-0.498912,59.95920,0,14386.4,3.688946,59.89626,0,14516.9,1.612936,60.11074,0,78.6704,-0.641321,59.99650,0,98.3722,3.517559,60.07810,0,54.5957,1.384950,60.14105,0,PMU,14401.3,2.668618,60.01861,0,14442.9,0.576706,60.08626,0,14536.9,-1.510470,59.87061,0,78.7688,2.524729,59.99417,0,97.8821,0.396090,59.90791,0,54.9055,4.540703,59.81237,0,PMU,14404.3,2.726584,60.01282,0,14433.8,0.635035,60.09559,0,14535.9,-1.451641,59.87295,0,78.7946,2.582642,59.98951,0,97.6785,0.449659,59.86711,0,54.9397,4.593783,59.75758,0,PMU
148,1.241667,14472.8,2.471160,59.94172,0,14391,0.377370,59.91640,0,14526.4,4.582492,60.11657,0,78.9281,2.330669,59.95687,0,97.8444,0.208229,60.04546,0,54.5451,4.358517,60.06295,0,PMU,14490.6,2.652934,59.96037,0,14387,0.557546,59.89509,0,14516.2,-1.518466,60.10841,0,78.7438,2.511380,60.00933,0,98.3096,0.386996,60.08859,0,54.6254,4.537529,60.15970,0,PMU,14401.9,-0.497752,60.02215,0,14446.9,3.693341,60.08392,0,14538.9,1.606161,59.87061,0,78.6858,-0.641993,59.98718,0,97.913,3.512920,59.91141,0,54.7795,1.377199,59.85196,0,PMU,14489.9,2.666667,59.96274,0,14385,0.571212,59.89509,0,14514.1,-1.504611,60.11190,0,78.7865,2.524057,59.98718,0,98.375,0.400118,60.07694,0,54.6508,4.549062,60.15966,0,PMU,14493.2,2.724875,59.96736,0,14380.7,0.629053,59.88576,0,14511.1,-1.446087,60.10607,0,78.8878,2.581666,59.98135,0,98.4001,0.455763,60.11657,0,54.6631,4.605499,60.22377,0,PMU
149,1.250000,14391,2.473418,60.04313,0,14463.1,0.380954,60.06844,0,14534.8,4.575656,59.86944,0,78.9099,2.331890,60.02331,0,97.6029,0.205299,59.94405,0,54.6024,4.355404,59.94055,0,PMU,14402.5,2.653972,60.01982,0,14444.8,0.561941,60.08393,0,14538.3,-1.525177,59.87182,0,78.6633,2.510098,59.97552,0,97.9572,0.380893,59.88343,0,54.7887,4.528435,59.82631,0,PMU,14490.3,-0.499888,59.95920,0,14387.1,3.687970,59.89742,0,14516.9,1.611899,60.10957,0,78.6656,-0.642115,59.99767,0,98.3193,3.516582,60.06994,0,54.6383,1.383607,60.12240,0,PMU,14401.6,2.667644,60.01865,0,14443.4,0.575790,60.08743,0,14537.2,-1.511447,59.86945,0,78.7635,2.523386,59.98718,0,97.8131,0.394687,59.89626,0,54.8381,4.539116,59.81003,0,PMU,14403.5,2.725485,60.01166,0,14432.9,0.633997,60.09442,0,14535.4,-1.452740,59.87295,0,78.7493,2.581788,60.00233,0,97.6419,0.448866,59.86828,0,54.9876,4.592867,59.75875,0,PMU
150,1.258333,14473,2.470367,59.94172,0,14390.5,0.376577,59.91640,0,14526.5,4.581759,60.11657,0,78.8875,2.329631,59.95687,0,97.8263,0.206947,60.03147,0,54.5836,4.357479,60.03963,0,PMU,14490.6,2.651897,59.96037,0,14386.2,0.556448,59.89509,0,14515.8,-1.519442,60.10953,0,78.7606,2.510159,60.00117,0,98.4844,0.385531,60.08859,0,54.6298,4.536125,60.14688,0,PMU,14401.9,-0.498729,60.02215,0,14447.5,3.692364,60.08393,0,14539,1.605124,59.87061,0,78.6527,-0.643275,59.97785,0,97.7604,3.512493,59.92190,0,54.7709,1.375612,59.84730,0,PMU,14490.3,2.665691,59.96270,0,14385.7,0.570297,59.89509,0,14514.8,-1.505588,60.11190,0,78.7543,2.522593,59.98485,0,98.31,0.399020,60.08276,0,54.6747,4.548879,60.18647,0,PMU,14491.8,2.723776,59.96736,0,14379.9,0.628033,59.88610,0,14510.4,-1.447247,60.10491,0,78.8134,2.580689,59.97902,0,98.4335,0.454847,60.11424,0,54.6335,4.603671,60.20633,0,PMU
151,1.266667,14391.4,2.472686,60.04430,0,14463.7,0.380221,60.06961,0,14535.4,4.574984,59.87061,0,78.9292,2.330791,60.02215,0,97.5572,0.204811,59.95920,0,54.5527,4.353756,59.92889,0,PMU,14402.2,2.652995,60.02098,0,14444.8,0.560964,60.08626,0,14537.7,-1.526215,59.87065,0,78.6665,2.509243,59.98251,0,97.9756,0.380038,59.89509,0,54.783,4.528007,59.84496,0,PMU,14489.7,-0.500865,59.95920,0,14387.2,3.686932,59.89625,0,14516.7,1.610861,60.10957,0,78.6939,-0.643152,60.00233,0,98.4369,3.515789,60.06295,0,54.7152,1.383852,60.15737,0,PMU,14402.2,2.666606,60.01749,0,14444,0.574813,60.08626,0,14538.5,-1.512423,59.86945,0,78.7742,2.522165,59.99184,0,97.8303,0.393527,59.89509,0,54.8848,4.537895,59.79022,0,PMU,14402.9,2.724448,60.01282,0,14432.6,0.632899,60.09292,0,14535.3,-1.453777,59.87528,0,78.785,2.581117,60.00816,0,97.6813,0.448378,59.87644,0,54.9453,4.591586,59.76920,0,PMU
152,1.275000,14473.9,2.469695,59.94288,0,14391.5,0.375844,59.91640,0,14526.9,4.581027,60.11540,0,78.927,2.328777,59.96153,0,98.0914,0.206581,60.03380,0,54.628,4.358090,60.08276,0,PMU,14490.1,2.650859,59.95921,0,14385.8,0.555410,59.89392,0,14515.3,-1.520480,60.10953,0,78.7957,2.509121,59.99767,0,98.4511,0.384006,60.07577,0,54.6735,4.535332,60.13988,0,PMU,14401.5,-0.499766,60.02098,0,14447.7,3.691327,60.08393,0,14539.1,1.604025,59.86944,0,78.7119,-0.644312,59.97786,0,97.8374,3.511394,59.91607,0,54.873,1.375307,59.83680,0,PMU,14491,2.664653,59.96270,0,14386.4,0.569259,59.89392,0,14515.9,-1.506625,60.11073,0,78.7647,2.522165,60.00000,0,98.3013,0.398532,60.09558,0,54.6474,4.547475,60.18297,0,PMU,14492.4,2.722800,59.96853,0,14380.2,0.626996,59.88726,0,14510.8,-1.448162,60.10724,0,78.8999,2.579957,59.97785,0,98.5741,0.454420,60.11540,0,54.6201,4.602999,60.21798,0,PMU
153,1.283333,14393.1,2.471953,60.04313,0,14465.2,0.379445,60.06878,0,14537.1,4.574191,59.86944,0,79.0139,2.329509,60.01399,0,97.7011,0.204018,59.95104,0,54.7223,4.352658,59.89625,0,PMU,14401.9,2.651958,60.02098,0,14444.3,0.559927,60.08626,0,14537.2,-1.527253,59.87065,0,78.6682,2.508389,59.98601,0,97.7508,0.378469,59.89426,0,54.7532,4.526909,59.83914,0,PMU,14489.5,-0.501964,59.95804,0,14387,3.685895,59.89625,0,14517.1,1.609823,60.11074,0,78.7372,-0.644068,60.00466,0,98.4472,3.515179,60.07227,0,54.6618,1.382509,60.13755,0,PMU,14403.1,2.665630,60.01865,0,14444.5,0.573776,60.08626,0,14538.9,-1.513461,59.86945,0,78.801,2.521616,59.98951,0,97.9372,0.392795,59.89043,0,54.8767,4.537468,59.80887,0,PMU,14403.8,2.723532,60.01399,0,14433.8,0.631983,60.09525,0,14536,-1.454693,59.87527,0,78.8735,2.580262,60.00583,0,97.868,0.447340,59.86478,0,54.9546,4.590487,59.76104,0,PMU
154,1.291667,14476,2.468963,59.94288,0,14393.1,0.375173,59.91840,0,14529.5,4.580417,60.11890,0,78.9307,2.327495,59.96153,0,98.0421,0.205604,60.03031,0,54.4913,4.355221,60.04896,0,PMU,14490,2.649822,59.95920,0,14385.2,0.554373,59.89392,0,14514.9,-1.521518,60.10953,0,78.7541,2.508023,59.99301,0,98.4241,0.382968,60.08593,0,54.6437,4.534721,60.14921,0,PMU,14401.5,-0.500804,60.02215,0,14447.8,3.690228,60.08276,0,14538.4,1.602988,59.86944,0,78.6725,-0.645411,59.97436,0,98.0166,3.510845,59.91724,0,54.8376,1.375185,59.86012,0,PMU,14491.6,2.663677,59.96270,0,14387,0.568222,59.89392,0,14516.6,-1.507602,60.11190,0,78.793,2.521433,59.99650,0,98.4315,0.397250,60.08509,0,54.6859,4.546560,60.17365,0,PMU,14492.5,2.721945,59.96969,0,14380.8,0.626141,59.88843,0,14510.9,-1.449078,60.10724,0,78.8661,2.578553,59.96736,0,98.5603,0.453077,60.10957,0,54.6211,4.602267,60.22498,0,PMU
155,1.300000,14394.5,2.471282,60.04430,0,14466.3,0.378835,60.06994,0,14538.4,4.573598,59.86978,0,78.9628,2.328227,60.01399,0,97.6885,0.203163,59.95337,0,54.5126,4.352108,59.94055,0,PMU,14401.4,2.650859,60.01982,0,14444.2,0.558767,60.08393,0,14536.9,-1.528351,59.86948,0,78.6735,2.507534,59.99067,0,97.9346,0.377675,59.89892,0,54.7758,4.525627,59.82632,0,PMU,14489.4,-0.503001,59.95804,0,14387.5,3.684796,59.89625,0,14517,1.608725,60.10957,0,78.7156,-0.645105,60.00583,0,98.4943,3.514019,60.06061,0,54.71,1.381288,60.11657,0,PMU,14403.7,2.664714,60.01982,0,14445.4,0.572799,60.08743,0,14539.3,-1.514376,59.87061,0,78.8036,2.520334,59.97902,0,97.7969,0.391452,59.88927,0,54.8012,4.536796,59.81353,0,PMU,14404,2.722617,60.01282,0,14434.5,0.631068,60.09409,0,14537.1,-1.455669,59.87411,0,78.8538,2.578797,60.00466,0,97.869,0.446547,59.87527,0,54.9588,4.589694,59.75987,0,PMU
156,1.308333,14475.8,2.468291,59.94288,0,14393.5,0.374440,59.91607,0,14529.1,4.579684,60.11624,0,78.8836,2.326946,59.97552,0,97.8795,0.204262,60.02098,0,54.472,4.354061,60.03730,0,PMU,14489,2.648662,59.95804,0,14384.6,0.553274,59.89509,0,14514.2,-1.522616,60.10953,0,78.7547,2.506619,59.98251,0,98.461,0.382480,60.09176,0,54.5974,4.533012,60.14104,0,PMU,14401.6,-0.501781,60.02331,0,14448.4,3.689191,60.08393,0,14538.8,1.601889,59.86944,0,78.5479,-0.646509,59.97319,0,98.013,3.510235,59.92773,0,54.7829,1.373476,59.85079,0,PMU,14492.4,2.662761,59.96270,0,14387.2,0.567306,59.89509,0,14517.1,-1.508517,60.11190,0,78.8003,2.520273,59.99883,0,98.2742,0.396212,60.09092,0,54.6305,4.546682,60.18880,0,PMU,14493.4,2.721030,59.96969,0,14381.5,0.625226,59.88843,0,14511.9,-1.449993,60.10841,0,78.8615,2.577577,59.97669,0,98.6166,0.452162,60.10724,0,54.6397,4.601717,60.22964,0,PMU
157,1.316667,14394.2,2.470489,60.04196,0,14466.6,0.377980,60.06761,0,14537.5,4.572744,59.86744,0,78.9847,2.327495,60.01049,0,97.5519,0.202553,59.96736,0,54.477,4.351010,59.94172,0,PMU,14400.6,2.649761,60.02098,0,14443.8,0.557668,60.08393,0,14536.4,-1.529450,59.86948,0,78.7005,2.506436,59.99650,0,97.9968,0.376943,59.89426,0,54.7601,4.525200,59.85080,0,PMU,14489.4,-0.503978,59.95804,0,14387.3,3.683819,59.89742,0,14516.7,1.607687,60.11074,0,78.5572,-0.646082,60.00816,0,98.5856,3.513103,60.05479,0,54.6863,1.381471,60.15270,0,PMU,14403.7,2.663738,60.01865,0,14445.2,0.571823,60.08626,0,14539.1,-1.515353,59.86945,0,78.7947,2.519053,59.97669,0,97.7909,0.390231,59.88577,0,54.7741,4.535698,59.79022,0,PMU,14404.6,2.721762,60.01399,0,14435.3,0.630213,60.09525,0,14538,-1.456524,59.87527,0,78.8836,2.577821,60.00466,0,97.8199,0.445692,59.87644,0,54.9779,4.589206,59.76104,0,PMU
158,1.325000,14475.9,2.467437,59.94172,0,14393.7,0.373525,59.91491,0,14528.7,4.578708,60.11390,0,78.8939,2.326457,59.98018,0,98.082,0.203956,60.02681,0,54.5368,4.354855,60.07344,0,PMU,14488.6,2.647625,59.95920,0,14384.4,0.552175,59.89509,0,14513.7,-1.523715,60.10953,0,78.7727,2.505642,59.98485,0,98.4341,0.381137,60.08010,0,54.6375,4.532036,60.13055,0,PMU,14401.2,-0.502818,60.02215,0,14446,3.688031,60.08043,0,14538.7,1.600791,59.86828,0,78.4668,-0.647547,59.97202,0,97.8611,3.509014,59.92190,0,54.8451,1.372438,59.82748,0,PMU,14492.4,2.661662,59.96037,0,14387.5,0.566274,59.89403,0,14517.2,-1.509555,60.11074,0,78.7685,2.519297,60.00466,0,98.23,0.395053,60.09209,0,54.5678,4.545339,60.18414,0,PMU,14494.3,2.720236,59.97086,0,14382.4,0.624432,59.88959,0,14512.4,-1.450786,60.10957,0,78.8765,2.576783,59.98018,0,98.5651,0.451490,60.11074,0,54.6425,4.601351,60.23197,0,PMU
159,1.333333,14394.1,2.469512,60.03963,0,14466.8,0.377004,60.06644,0,14537.8,4.571706,59.86628,0,78.9733,2.326213,59.99534,0,97.6621,0.201820,59.95920,0,54.6037,4.349667,59.90092,0,PMU,14400.4,2.648662,60.01982,0,14443.9,0.556631,60.08509,0,14536.2,-1.530549,59.86948,0,78.7141,2.505398,59.99534,0,97.8911,0.375966,59.90125,0,54.7547,4.523796,59.84264,0,PMU,14488.7,-0.505120,59.95604,0,14385.3,3.682416,59.89276,0,14516.4,1.606650,60.11190,0,78.4954,-0.647608,59.99883,0,98.3489,3.511822,60.05362,0,54.6151,1.379701,60.13872,0,PMU,14404.1,2.662700,60.01982,0,14446.1,0.570785,60.08615,0,14539.7,-1.516391,59.86944,0,78.7921,2.518015,59.97552,0,97.7702,0.389499,59.89392,0,54.7713,4.535881,59.81936,0,PMU,14405,2.720969,60.01399,0,14435.7,0.629420,60.09525,0,14538.1,-1.457317,59.87527,0,78.9049,2.576661,59.99767,0,97.8328,0.444777,59.87178,0,54.9547,4.588534,59.75521,0,PMU
160,1.341667,14475.6,2.466399,59.94055,0,14392.8,0.372609,59.91607,0,14528.9,4.577853,60.11740,0,78.8904,2.325542,59.98718,0,97.9683,0.203224,60.02681,0,54.4286,4.352841,60.06062,0,PMU,14488.3,2.646587,59.96037,0,14384.2,0.551077,59.89393,0,14513.8,-1.524811,60.10957,0,78.7332,2.504116,59.97552,0,98.5012,0.380038,60.07777,0,54.6416,4.531303,60.14337,0,PMU,14400.6,-0.504039,60.02065,0,14445.6,3.686627,60.08043,0,14537.4,1.599631,59.86595,0,78.4686,-0.648523,59.98251,0,98.0517,3.508038,59.92773,0,54.809,1.372377,59.86012,0,PMU,14492.9,2.660686,59.96153,0,14387.9,0.565298,59.89520,0,14517.4,-1.510592,60.11074,0,78.7958,2.518564,60.01049,0,98.2531,0.394381,60.09325,0,54.631,4.545034,60.17481,0,PMU,14494.6,2.719382,59.96969,0,14383,0.623639,59.88959,0,14512.9,-1.451580,60.10957,0,78.8747,2.575807,59.98368,0,98.5009,0.450453,60.10841,0,54.6427,4.600558,60.22963,0,PMU
161,1.350000,14394.1,2.468597,60.04196,0,14466.3,0.376027,60.06528,0,14537,4.570851,59.86628,0,78.9757,2.325359,59.99650,0,97.7126,0.201210,59.96153,0,54.5001,4.349179,59.93006,0,PMU,14400.3,2.647625,60.01982,0,14444.3,0.555532,60.08509,0,14536.4,-1.531647,59.86944,0,78.7325,2.504055,59.99883,0,97.8457,0.374563,59.89542,0,54.789,4.522270,59.82748,0,PMU,14488.2,-0.506341,59.95604,0,14385,3.681134,59.89509,0,14515.6,1.605368,60.10957,0,78.5432,-0.648279,60.00466,0,98.5162,3.510723,60.05129,0,54.669,1.378603,60.11890,0,PMU,14403.9,2.661662,60.01865,0,14446,0.569748,60.08499,0,14538.7,-1.517428,59.86944,0,78.753,2.516672,59.96386,0,97.6425,0.388766,59.89276,0,54.7436,4.534843,59.80537,0,PMU,14405.9,2.720053,60.01282,0,14436,0.628583,60.09442,0,14539.4,-1.458172,59.87411,0,78.9148,2.575379,59.99184,0,97.7568,0.443678,59.87061,0,54.969,4.587741,59.75521,0,PMU
162,1.358333,14475.5,2.465484,59.94056,0,14392.7,0.371633,59.91607,0,14528.4,4.576877,60.11507,0,78.8831,2.325176,59.99650,0,97.9072,0.201881,60.01282,0,54.448,4.351559,60.04546,0,PMU,14488.9,2.645488,59.95920,0,14385.3,0.550100,59.89626,0,14515.2,-1.525849,60.11074,0,78.7747,2.503201,59.98368,0,98.4233,0.379323,60.09092,0,54.6134,4.529411,60.13638,0,PMU,14400.7,-0.505120,60.02331,0,14445.4,3.685467,60.08276,0,14536.9,1.598532,59.86945,0,78.4629,-0.649500,59.97669,0,98.005,3.507000,59.92889,0,54.7539,1.370912,59.85312,0,PMU,14492.2,2.659587,59.96037,0,14387.7,0.564138,59.89287,0,14516.8,-1.511752,60.10841,0,78.7803,2.517344,60.01282,0,98.2893,0.393954,60.09908,0,54.6729,4.544546,60.18530,0,PMU,14495.3,2.718527,59.97086,0,14382.6,0.622784,59.88926,0,14513.6,-1.452434,60.10957,0,78.8352,2.574836,59.98962,0,98.398,0.449354,60.10841,0,54.6295,4.599947,60.23313,0,PMU
163,1.366667,14393.4,2.467681,60.04196,0,14466.2,0.375112,60.06644,0,14536.6,4.569936,59.86744,0,78.957,2.324565,59.98834,0,97.6215,0.200189,59.96769,0,54.4823,4.347958,59.93123,0,PMU,14401.2,2.646648,60.02215,0,14445.3,0.554556,60.08509,0,14537.5,-1.532624,59.87061,0,78.8148,2.503262,60.00117,0,98.0551,0.373952,59.89742,0,54.7784,4.521355,59.84613,0,PMU,14487.8,-0.507439,59.95570,0,14384,3.680096,59.89742,0,14515.1,1.604330,60.11073,0,78.5056,-0.649622,59.99767,0,98.5305,3.509380,60.04546,0,54.6618,1.378786,60.15037,0,PMU,14403.5,2.660503,60.01748,0,14445.6,0.568527,60.08382,0,14538.7,-1.518649,59.86828,0,78.7717,2.515635,59.96736,0,97.8773,0.388278,59.89159,0,54.8363,4.533989,59.79838,0,PMU,14405.7,2.719138,60.01166,0,14435.8,0.627667,60.09325,0,14539.1,-1.459026,59.87411,0,78.9172,2.574286,59.98951,0,97.6233,0.442701,59.87294,0,54.8889,4.586764,59.74822,0,PMU
164,1.375000,14475.2,2.464629,59.94172,0,14392,0.370778,59.91724,0,14527.6,4.576022,60.11624,0,78.9098,2.324565,60.00000,0,98.0634,0.201149,60.01832,0,54.5149,4.352047,60.07810,0,PMU,14490.1,2.644573,59.96037,0,14385.9,0.549124,59.89626,0,14516.1,-1.526764,60.11191,0,78.7934,2.502163,59.97902,0,98.5166,0.377919,60.07577,0,54.6469,4.528252,60.13172,0,PMU,14400.4,-0.506280,60.02215,0,14444.7,3.684369,60.08160,0,14536.4,1.597434,59.86828,0,78.4788,-0.650599,59.98135,0,97.9782,3.505352,59.92307,0,54.8404,1.369752,59.82748,0,PMU,14491.6,2.658367,59.95920,0,14387.5,0.562917,59.89287,0,14516.8,-1.512912,60.10957,0,78.8026,2.516428,60.01515,0,98.5197,0.393222,60.09442,0,54.6558,4.542898,60.17015,0,PMU,14495.3,2.717551,59.96969,0,14382.6,0.621808,59.88809,0,14513.4,-1.453411,60.10724,0,78.9115,2.574348,60.00117,0,98.3901,0.448683,60.11424,0,54.5952,4.598910,60.23197,0,PMU
165,1.383333,14392.6,2.466765,60.04079,0,14465.7,0.374196,60.06528,0,14535.8,4.568959,59.86511,0,78.9659,2.323423,59.97818,0,97.6569,0.199030,59.95953,0,54.5744,4.346615,59.89626,0,PMU,14401.9,2.645733,60.02215,0,14446.3,0.553701,60.08742,0,14538.3,-1.533539,59.87061,0,78.7251,2.501675,59.99067,0,97.9146,0.373098,59.90791,0,54.7429,4.520073,59.84380,0,PMU,14487.6,-0.508477,59.95804,0,14384.1,3.678998,59.89742,0,14515.3,1.603293,60.11190,0,78.558,-0.650476,60.00233,0,98.4587,3.508343,60.05711,0,54.6112,1.376771,60.13405,0,PMU,14403.2,2.659343,60.01865,0,14445.5,0.567306,60.08382,0,14538.4,-1.519748,59.86944,0,78.7735,2.514719,59.96736,0,98.0219,0.387424,59.88926,0,54.7795,4.533501,59.82053,0,PMU,14405.5,2.718161,60.01166,0,14436.2,0.626629,60.09209,0,14538.9,-1.460064,59.87294,0,79.0006,2.573493,59.98368,0,97.7007,0.441803,59.86860,0,54.8814,4.586032,59.75405,0,PMU
166,1.391667,14474.7,2.463653,59.94056,0,14392.2,0.369863,59.91724,0,14528.1,4.575045,60.11624,0,78.9333,2.323606,60.00350,0,97.8981,0.200006,60.01865,0,54.419,4.349606,60.05711,0,PMU,14490.5,2.643718,59.96153,0,14386.7,0.548269,59.89626,0,14516.6,-1.527680,60.11191,0,78.6593,2.501065,59.98834,0,98.4833,0.376943,60.07344,0,54.6229,4.527824,60.14804,0,PMU,14400.6,-0.507256,60.02331,0,14445.6,3.683331,60.08276,0,14536,1.596396,59.86828,0,78.5344,-0.651514,59.98018,0,98.1185,3.504193,59.92074,0,54.8334,1.369647,59.86394,0,PMU,14491.6,2.657268,59.96037,0,14387.3,0.561819,59.89520,0,14516.7,-1.514071,60.10841,0,78.836,2.515696,60.01865,0,98.4997,0.391940,60.08626,0,54.6595,4.541740,60.15737,0,PMU,14495.5,2.716513,59.96853,0,14383,0.620831,59.88926,0,14513.6,-1.454449,60.10724,0,78.9657,2.573676,60.00350,0,98.4022,0.447645,60.11158,0,54.6352,4.598422,60.23663,0,PMU
167,1.400000,14392.3,2.465789,60.04080,0,14465.3,0.373220,60.06411,0,14535.7,4.568044,59.86628,0,78.9612,2.322263,59.97435,0,97.7133,0.198053,59.96270,0,54.5017,4.345883,59.92890,0,PMU,14401.8,2.644817,60.02098,0,14446.7,0.552786,60.08626,0,14538.8,-1.534455,59.87061,0,78.6519,2.500454,59.98834,0,97.8059,0.371877,59.90325,0,54.7598,4.519158,59.83448,0,PMU,14487.7,-0.509454,59.95804,0,14384.9,3.678082,59.89975,0,14515.2,1.602255,60.11190,0,78.5606,-0.651514,60.00000,0,98.42,3.506817,60.05012,0,54.7017,1.375917,60.11974,0,PMU,14403.3,2.658305,60.01982,0,14446,0.566274,60.08509,0,14538.3,-1.520846,59.87061,0,78.7455,2.513865,59.96503,0,97.8253,0.385959,59.88576,0,54.7322,4.532158,59.81699,0,PMU,14405.7,2.717184,60.01282,0,14436.2,0.625653,60.09209,0,14539.6,-1.461040,59.87411,0,79.0121,2.572700,59.98135,0,97.7714,0.441193,59.87676,0,54.9282,4.585727,59.75754,0,PMU
168,1.408333,14474.5,2.462676,59.94055,0,14392.1,0.368947,59.91840,0,14528.2,4.574130,60.11624,0,78.9769,2.323179,60.01749,0,97.9466,0.198847,60.01515,0,54.476,4.348812,60.05595,0,PMU,14490.2,2.642681,59.95920,0,14386.4,0.547354,59.89626,0,14516.9,-1.528656,60.11074,0,78.6704,2.500271,59.99650,0,98.3722,0.375966,60.07810,0,54.5957,4.526543,60.14105,0,PMU,14400.5,-0.508233,60.02331,0,14446.6,3.682477,60.08393,0,14536.4,1.595419,59.86945,0,78.4626,-0.652735,59.97669,0,97.9646,3.502972,59.92657,0,54.7853,1.367572,59.84063,0,PMU,14491.2,2.656169,59.95920,0,14387.2,0.560781,59.89509,0,14516.3,-1.515170,60.10841,0,78.7762,2.514536,60.01282,0,98.3115,0.390658,60.08976,0,54.6404,4.541069,60.17019,0,PMU,14495.6,2.715536,59.96853,0,14382.3,0.619794,59.88809,0,14513.3,-1.455364,60.10841,0,78.9753,2.572944,60.00466,0,98.512,0.446974,60.11041,0,54.6905,4.597872,60.23197,0,PMU
169,1.416667,14392.1,2.464874,60.04196,0,14465.1,0.372365,60.06528,0,14535.3,4.567128,59.86628,0,78.9984,2.321958,59.97669,0,97.6727,0.197077,59.96620,0,54.4791,4.344845,59.92424,0,PMU,14401.9,2.643840,60.02215,0,14446.9,0.551748,60.08392,0,14538.9,-1.535431,59.87061,0,78.6858,2.499600,59.98718,0,97.913,0.371328,59.91141,0,54.7795,4.518791,59.85196,0,PMU,14488,-0.510430,59.95804,0,14385.8,3.677230,59.89979,0,14515.8,1.601340,60.11307,0,78.5115,-0.652674,60.00117,0,98.4831,3.506023,60.05828,0,54.6773,1.375612,60.15354,0,PMU,14402.9,2.657207,60.01982,0,14445.5,0.565237,60.08509,0,14538.4,-1.521945,59.87061,0,78.68,2.512844,59.96769,0,97.8114,0.384555,59.88343,0,54.7666,4.531303,59.81349,0,PMU,14405.4,2.716208,60.01282,0,14436.2,0.624676,60.09325,0,14539.1,-1.462078,59.87178,0,78.9738,2.571296,59.96853,0,97.758,0.440277,59.87210,0,54.9586,4.584994,59.75405,0,PMU
170,1.425000,14474.1,2.461822,59.94172,0,14391.4,0.368032,59.91724,0,14527.5,4.573171,60.11540,0,78.9896,2.322508,60.01049,0,97.9056,0.197809,60.01399,0,54.4626,4.349179,60.08276,0,PMU,14490.3,2.641704,59.95920,0,14387.1,0.546377,59.89742,0,14516.9,-1.529694,60.10957,0,78.6656,2.499478,59.99767,0,98.3193,0.374990,60.06994,0,54.6383,4.525200,60.12240,0,PMU,14400.5,-0.509209,60.02331,0,14446.9,3.681622,60.08389,0,14536.6,1.594443,59.86828,0,78.4954,-0.653528,59.98368,0,97.978,3.501751,59.91841,0,54.8384,1.365985,59.81615,0,PMU,14491.2,2.655071,59.95920,0,14386.9,0.559683,59.89392,0,14516.3,-1.516208,60.10957,0,78.7504,2.513315,60.00899,0,98.2579,0.389377,60.09209,0,54.6107,4.539543,60.15737,0,PMU,14495.5,2.714560,59.96853,0,14382.9,0.618817,59.88809,0,14513.1,-1.456402,60.10841,0,78.9444,2.571906,60.01166,0,98.4794,0.445997,60.10925,0,54.7242,4.596896,60.22730,0,PMU
171,1.433333,14390.8,2.463958,60.04080,0,14464.3,0.371450,60.06528,0,14534,4.566091,59.86478,0,78.9286,2.320738,59.96620,0,97.5128,0.195490,59.95570,0,54.5021,4.343259,59.88693,0,PMU,14401.9,2.642864,60.02215,0,14447.5,0.550772,60.08393,0,14539,-1.536469,59.87061,0,78.6527,2.498318,59.97785,0,97.7604,0.370900,59.92190,0,54.7709,4.517204,59.84730,0,PMU,14488,-0.511407,59.95804,0,14385.7,3.676314,59.89863,0,14516.3,1.600363,60.11307,0,78.6083,-0.653162,60.00699,0,98.4072,3.505291,60.06761,0,54.6032,1.373842,60.15005,0,PMU,14402.7,2.656108,60.01982,0,14445.5,0.564138,60.08509,0,14538,-1.523043,59.86944,0,78.6576,2.511746,59.97003,0,97.8077,0.383822,59.89392,0,54.7398,4.530632,59.82981,0,PMU,14405,2.715231,60.01282,0,14436.1,0.623700,60.09325,0,14538.8,-1.463055,59.87294,0,78.9516,2.570197,59.96736,0,97.7106,0.439423,59.87443,0,54.9292,4.584201,59.75754,0,PMU
172,1.441667,14472.5,2.460723,59.93822,0,14390.7,0.367116,59.91724,0,14527.3,4.572133,60.11540,0,78.9843,2.321592,60.01632,0,97.698,0.196527,60.01982,0,54.3741,4.347287,60.07694,0,PMU,14489.7,2.640728,59.95920,0,14387.2,0.545340,59.89625,0,14516.7,-1.530732,60.10957,0,78.6939,2.498440,60.00233,0,98.4369,0.374196,60.06295,0,54.7152,4.525444,60.15737,0,PMU,14401.2,-0.510186,60.02331,0,14447.5,3.680707,60.08389,0,14536.9,1.593466,59.86828,0,78.6036,-0.654200,59.98018,0,98.122,3.500897,59.91607,0,54.8395,1.366229,59.85462,0,PMU,14490.7,2.654033,59.96037,0,14387,0.558584,59.89392,0,14515.9,-1.517367,60.10841,0,78.7355,2.512478,60.01399,0,98.3579,0.388034,60.08043,0,54.6071,4.537895,60.13872,0,PMU,14495,2.713584,59.96853,0,14382.3,0.617840,59.88809,0,14512.8,-1.457378,60.10841,0,78.9145,2.570991,60.01515,0,98.4087,0.445265,60.11158,0,54.6608,4.595492,60.21565,0,PMU
173,1.450000,14390.1,2.462859,60.04080,0,14463.4,0.370473,60.06411,0,14534,4.565114,59.86595,0,78.9988,2.320554,59.98018,0,97.4556,0.194696,59.96503,0,54.5079,4.343503,59.92773,0,PMU,14401.5,2.641826,60.02098,0,14447.7,0.549734,60.08393,0,14539.1,-1.537568,59.86944,0,78.7119,2.497281,59.97786,0,97.8374,0.369802,59.91607,0,54.873,4.516899,59.83680,0,PMU,14488.9,-0.512261,59.96037,0,14386.3,3.675460,59.89979,0,14517.1,1.599509,60.11540,0,78.6707,-0.653955,60.00466,0,98.4056,3.504437,60.06761,0,54.6817,1.372865,60.12673,0,PMU,14402.2,2.655010,60.01865,0,14445.6,0.563039,60.08509,0,14538.1,-1.524142,59.87061,0,78.6217,2.510891,59.96969,0,97.7128,0.382358,59.89159,0,54.6853,4.529167,59.83331,0,PMU,14404.3,2.714255,60.01282,0,14435.1,0.622601,60.09092,0,14537.6,-1.464090,59.87182,0,78.8795,2.569282,59.96736,0,97.768,0.438629,59.87327,0,54.8595,4.583102,59.76337,0,PMU
174,1.458333,14472.7,2.459686,59.93938,0,14390.1,0.366140,59.91724,0,14527.1,4.571157,60.11540,0,79.0559,2.321470,60.01749,0,97.7108,0.195673,60.01865,0,54.4787,4.346554,60.05828,0,PMU,14489.5,2.639629,59.95804,0,14387,0.544302,59.89625,0,14517.1,-1.531769,60.11074,0,78.7372,2.497525,60.00466,0,98.4472,0.373586,60.07227,0,54.6618,4.524101,60.13755,0,PMU,14401.9,-0.510979,60.02448,0,14448.2,3.679913,60.08505,0,14537.1,1.592673,59.86944,0,78.5661,-0.655359,59.97319,0,97.9771,3.499920,59.91374,0,54.7501,1.364154,59.83363,0,PMU,14490.6,2.652934,59.96037,0,14387,0.557546,59.89509,0,14516.2,-1.518466,60.10841,0,78.7438,2.511380,60.00933,0,98.3096,0.386996,60.08859,0,54.6254,4.537529,60.15970,0,PMU,14494.2,2.712485,59.96620,0,14382.1,0.616742,59.88809,0,14512,-1.458477,60.10720,0,78.9153,2.570441,60.02215,0,98.5067,0.444227,60.10692,0,54.6391,4.594027,60.20865,0,PMU
175,1.466667,14389.9,2.461883,60.04196,0,14463.6,0.369497,60.06411,0,14533.4,4.564138,59.86595,0,78.9636,2.319761,59.96736,0,97.4029,0.193903,59.96620,0,54.4767,4.341794,59.90908,0,PMU,14401.5,2.640789,60.02215,0,14447.8,0.548635,60.08276,0,14538.4,-1.538605,59.86944,0,78.6725,2.496182,59.97436,0,98.0166,0.369252,59.91724,0,54.8376,4.516777,59.86012,0,PMU,14489,-0.513116,59.95920,0,14387.2,3.674666,59.89979,0,14517.4,1.598532,60.11191,0,78.6771,-0.655176,60.00350,0,98.3894,3.503582,60.06994,0,54.6848,1.372804,60.16520,0,PMU,14402.5,2.653972,60.01982,0,14444.8,0.561941,60.08393,0,14538.3,-1.525177,59.87182,0,78.6633,2.510098,59.97552,0,97.9572,0.380893,59.88343,0,54.7887,4.528435,59.82631,0,PMU,14403.9,2.713217,60.01399,0,14435.6,0.621502,60.09092,0,14537.2,-1.465250,59.87065,0,78.8905,2.568671,59.96620,0,97.7816,0.437653,59.87443,0,54.8418,4.581942,59.76920,0,PMU
176,1.475000,14472.4,2.458770,59.94055,0,14390.2,0.365163,59.91724,0,14526.5,4.570180,60.11540,0,79.0406,2.320127,60.00699,0,97.8096,0.195184,60.02448,0,54.4908,4.346615,60.09209,0,PMU,14489.4,2.638591,59.95804,0,14387.5,0.543203,59.89625,0,14517,-1.532868,60.10957,0,78.7156,2.496487,60.00583,0,98.4943,0.372426,60.06061,0,54.71,4.522881,60.11657,0,PMU,14402,-0.511895,60.02331,0,14448.9,3.679059,60.08389,0,14537.7,1.591696,59.86944,0,78.584,-0.656275,59.97902,0,97.9033,3.498822,59.90908,0,54.8962,1.363300,59.81848,0,PMU,14490.6,2.651897,59.96037,0,14386.2,0.556448,59.89509,0,14515.8,-1.519442,60.10953,0,78.7606,2.510159,60.00117,0,98.4844,0.385531,60.08859,0,54.6298,4.536125,60.14688,0,PMU,14493.6,2.711447,59.96620,0,14382.5,0.615704,59.88926,0,14511.7,-1.459576,60.10837,0,78.991,2.570075,60.02681,0,98.545,0.443678,60.11508,0,54.6553,4.593173,60.21448,0,PMU
177,1.483333,14389.5,2.460967,60.04196,0,14463.1,0.368459,60.06295,0,14532.8,4.563100,59.86478,0,78.9644,2.318845,59.97552,0,97.5562,0.193170,59.96153,0,54.5473,4.340695,59.88693,0,PMU,14401.6,2.639812,60.02331,0,14448.4,0.547598,60.08393,0,14538.8,-1.539704,59.86944,0,78.5479,2.495084,59.97319,0,98.013,0.368642,59.92773,0,54.7829,4.515068,59.85079,0,PMU,14488.1,-0.514092,59.95804,0,14387.5,3.673812,59.89979,0,14518.6,1.597739,60.11540,0,79.0242,-0.657251,59.98135,0,98.2831,3.503033,60.08043,0,54.6768,1.371339,60.15354,0,PMU,14402.2,2.652995,60.02098,0,14444.8,0.560964,60.08626,0,14537.7,-1.526215,59.87065,0,78.6665,2.509243,59.98251,0,97.9756,0.380038,59.89509,0,54.783,4.528007,59.84496,0,PMU,14403.6,2.712241,60.01515,0,14436.2,0.620526,60.09209,0,14537,-1.466287,59.87182,0,78.9448,2.567939,59.95920,0,97.9107,0.436554,59.86394,0,54.9046,4.581393,59.77503,0,PMU
178,1.491667,14472.1,2.457794,59.93939,0,14390.1,0.364126,59.91724,0,14526.5,4.569143,60.11540,0,79.016,2.319151,60.00583,0,97.862,0.194574,60.02681,0,54.3893,4.344968,60.08160,0,PMU,14489.4,2.637615,59.95804,0,14387.3,0.542227,59.89742,0,14516.7,-1.533905,60.11074,0,78.5572,2.495511,60.00816,0,98.5856,0.371511,60.05479,0,54.6863,4.523064,60.15270,0,PMU,14401.4,-0.512871,60.02331,0,14449.5,3.678143,60.08272,0,14538.1,1.590903,59.86944,0,79.2097,-0.658411,59.97785,0,98.0592,3.498577,59.91491,0,54.9033,1.363422,59.84879,0,PMU,14490.1,2.650859,59.95921,0,14385.8,0.555410,59.89392,0,14515.3,-1.520480,60.10953,0,78.7957,2.509121,59.99767,0,98.4511,0.384006,60.07577,0,54.6735,4.535332,60.13988,0,PMU,14493.7,2.710471,59.96620,0,14382.9,0.614728,59.88926,0,14512.1,-1.460613,60.10837,0,78.9961,2.568732,60.01515,0,98.4822,0.442230,60.10841,0,54.6913,4.591891,60.20049,0,PMU
179,1.500000,14389.8,2.460052,60.04313,0,14463.2,0.367482,60.06411,0,14533.1,4.562185,59.86711,0,78.954,2.317991,59.97785,0,97.6649,0.192377,59.95804,0,54.4608,4.340268,59.91024,0,PMU,14401.2,2.638775,60.02215,0,14446,0.546438,60.08043,0,14538.7,-1.540802,59.86828,0,78.4668,2.494046,59.97202,0,97.8611,0.367421,59.92190,0,54.8451,4.514031,59.82748,0,PMU,14489.1,-0.515008,59.95920,0,14388,3.672957,59.90096,0,14519.2,1.596884,60.11424,0,79.3819,-0.658411,60.00000,0,98.5187,3.502606,60.07694,0,54.7787,1.370180,60.12906,0,PMU,14401.9,2.651958,60.02098,0,14444.3,0.559927,60.08626,0,14537.2,-1.527253,59.87065,0,78.6682,2.508389,59.98601,0,97.7508,0.378469,59.89426,0,54.7532,4.526909,59.83914,0,PMU,14403.8,2.711203,60.01399,0,14436.6,0.619488,60.09092,0,14537.7,-1.467325,59.87182,0,78.928,2.566474,59.95687,0,97.8268,0.435577,59.87294,0,54.8873,4.580111,59.77503,0,PMU
180,1.508333,14472.3,2.456878,59.93939,0,14390.4,0.363210,59.91841,0,14527.1,4.568288,60.11657,0,79.0509,2.318052,60.00117,0,97.8421,0.193659,60.02448,0,54.4282,4.344296,60.07694,0,PMU,14488.7,2.636473,59.95604,0,14385.3,0.540823,59.89276,0,14516.4,-1.534943,60.11190,0,78.4954,2.493985,59.99883,0,98.3489,0.370229,60.05362,0,54.6151,4.521294,60.13872,0,PMU,14401.4,-0.513665,60.02565,0,14449.8,3.677352,60.08393,0,14537.9,1.590109,59.87061,0,79.2206,-0.659082,59.98718,0,97.9962,3.497601,59.90441,0,54.8235,1.361286,59.83014,0,PMU,14490,2.649822,59.95920,0,14385.2,0.554373,59.89392,0,14514.9,-1.521518,60.10953,0,78.7541,2.508023,59.99301,0,98.4241,0.382968,60.08593,0,54.6437,4.534721,60.14921,0,PMU,14493.2,2.709372,59.96503,0,14382.6,0.613690,59.88926,0,14512.1,-1.461651,60.10837,0,78.9903,2.567512,60.01982,0,98.5585,0.441071,60.10491,0,54.6905,4.590609,60.20049,0,PMU
181,1.516667,14390,2.459136,60.04313,0,14463.4,0.366628,60.06527,0,14533.2,4.561330,59.86711,0,78.9688,2.316892,59.97785,0,97.6166,0.191522,59.95920,0,54.4755,4.339535,59.90908,0,PMU,14400.6,2.637554,60.02065,0,14445.6,0.545034,60.08043,0,14537.4,-1.541962,59.86595,0,78.4686,2.493069,59.98251,0,98.0517,0.366445,59.92773,0,54.809,4.513970,59.86012,0,PMU,14488,-0.515862,59.95804,0,14387.3,3.672042,59.89859,0,14518.1,1.595969,60.11191,0,79.2628,-0.660057,59.98139,0,98.3976,3.501629,60.07693,0,54.718,1.369691,60.16054,0,PMU,14401.4,2.650859,60.01982,0,14444.2,0.558767,60.08393,0,14536.9,-1.528351,59.86948,0,78.6735,2.507534,59.99067,0,97.9346,0.377675,59.89892,0,54.7758,4.525627,59.82632,0,PMU,14403.6,2.710105,60.01399,0,14436.2,0.618390,60.08976,0,14537.8,-1.468423,59.87065,0,78.9042,2.565436,59.96037,0,97.8439,0.434662,59.87760,0,54.8831,4.579440,59.78669,0,PMU
182,1.525000,14472.9,2.456024,59.94055,0,14391.1,0.362356,59.91841,0,14528.1,4.567372,60.11540,0,79.0559,2.316892,60.00000,0,97.9706,0.192743,60.02331,0,54.4599,4.343747,60.08043,0,PMU,14488.2,2.635252,59.95604,0,14385,0.539541,59.89509,0,14515.6,-1.536225,60.10957,0,78.5432,2.493313,60.00466,0,98.5162,0.369130,60.05129,0,54.669,4.520195,60.11890,0,PMU,14400.5,-0.514641,60.02331,0,14448.7,3.676314,60.08160,0,14537.1,1.589072,59.86828,0,79.1384,-0.660484,59.99184,0,98.0141,3.496563,59.90325,0,54.8693,1.360431,59.82314,0,PMU,14489,2.648662,59.95804,0,14384.6,0.553274,59.89509,0,14514.2,-1.522616,60.10953,0,78.7547,2.506619,59.98251,0,98.461,0.382480,60.09176,0,54.5974,4.533012,60.14104,0,PMU,14493.7,2.708335,59.96620,0,14383.2,0.612592,59.88927,0,14512.9,-1.462688,60.10953,0,79.0204,2.566535,60.02098,0,98.575,0.440033,60.10258,0,54.6666,4.589633,60.19466,0,PMU
183,1.533333,14391,2.458343,60.04430,0,14464.1,0.365835,60.06644,0,14534.7,4.560537,59.86944,0,78.9738,2.315916,59.98135,0,97.549,0.189997,59.94754,0,54.4734,4.338193,59.89392,0,PMU,14400.7,2.636473,60.02331,0,14445.4,0.543875,60.08276,0,14536.9,-1.543060,59.86945,0,78.4629,2.492093,59.97669,0,98.005,0.365407,59.92889,0,54.7539,4.512505,59.85312,0,PMU,14487.2,-0.516900,59.95687,0,14386.9,3.671065,59.89975,0,14518.3,1.594931,60.11191,0,79.2224,-0.661094,59.98834,0,98.4276,3.500958,60.08393,0,54.6623,1.368488,60.15387,0,PMU,14400.6,2.649761,60.02098,0,14443.8,0.557668,60.08393,0,14536.4,-1.529450,59.86948,0,78.7005,2.506436,59.99650,0,97.9968,0.376943,59.89426,0,54.7601,4.525200,59.85080,0,PMU,14404.4,2.709128,60.01515,0,14436.7,0.617413,60.09208,0,14538.2,-1.469400,59.87182,0,78.8953,2.564399,59.95920,0,97.8416,0.433319,59.87178,0,54.8607,4.578463,59.78669,0,PMU
184,1.541667,14473.2,2.455230,59.94055,0,14391.1,0.361684,59.92074,0,14528.8,4.566701,60.11773,0,79.0164,2.315733,59.99650,0,97.6928,0.191828,60.03497,0,54.3713,4.342404,60.08043,0,PMU,14487.8,2.634153,59.95570,0,14384,0.538504,59.89742,0,14515.1,-1.537262,60.11073,0,78.5056,2.491971,59.99767,0,98.5305,0.367788,60.04546,0,54.6618,4.520378,60.15037,0,PMU,14399.9,-0.515740,60.02215,0,14448.2,3.675338,60.08160,0,14536.4,1.588095,59.86944,0,79.1379,-0.660972,60.00233,0,98.0011,3.495892,59.90325,0,54.827,1.360309,59.84380,0,PMU,14488.6,2.647625,59.95920,0,14384.4,0.552175,59.89509,0,14513.7,-1.523715,60.10953,0,78.7727,2.505642,59.98485,0,98.4341,0.381137,60.08010,0,54.6375,4.532036,60.13055,0,PMU,14493.5,2.707358,59.96620,0,14383.7,0.611615,59.88927,0,14513.2,-1.463724,60.10841,0,78.9703,2.564887,60.00933,0,98.4436,0.438812,60.10491,0,54.6244,4.588229,60.18651,0,PMU
185,1.550000,14390.3,2.457549,60.04430,0,14463.6,0.365041,60.06411,0,14534.4,4.559804,59.86828,0,78.9315,2.315061,59.98718,0,97.5288,0.189447,59.95454,0,54.397,4.337399,59.90441,0,PMU,14400.4,2.635313,60.02215,0,14444.7,0.542776,60.08160,0,14536.4,-1.544159,59.86828,0,78.4788,2.490994,59.98135,0,97.9782,0.363760,59.92307,0,54.8404,4.511345,59.82748,0,PMU,14486.2,-0.517937,59.95804,0,14386.6,3.670089,59.89975,0,14517.4,1.593894,60.11074,0,79.2062,-0.661827,59.98368,0,98.4195,3.499798,60.07460,0,54.6963,1.367389,60.13522,0,PMU,14400.4,2.648662,60.01982,0,14443.9,0.556631,60.08509,0,14536.2,-1.530549,59.86948,0,78.7141,2.505398,59.99534,0,97.8911,0.375966,59.90125,0,54.7547,4.523796,59.84264,0,PMU,14404.4,2.708090,60.01399,0,14437.2,0.616437,60.09208,0,14538.8,-1.470438,59.87177,0,78.8278,2.563178,59.96736,0,97.7639,0.432281,59.87527,0,54.8203,4.577487,59.79484,0,PMU
186,1.558333,14472.7,2.454315,59.93822,0,14390.9,0.360769,59.91841,0,14528.4,4.565786,60.11424,0,79.0251,2.315122,60.00117,0,97.7648,0.191095,60.03147,0,54.363,4.341611,60.08043,0,PMU,14487.6,2.633116,59.95804,0,14384.1,0.537405,59.89742,0,14515.3,-1.538300,60.11190,0,78.558,2.491116,60.00233,0,98.4587,0.366750,60.05711,0,54.6112,4.518364,60.13405,0,PMU,14399.2,-0.516717,60.02331,0,14447.9,3.674361,60.08160,0,14535.7,1.587058,59.86944,0,79.1511,-0.661522,60.00583,0,97.8852,3.494549,59.89975,0,54.7334,1.358539,59.83098,0,PMU,14488.3,2.646587,59.96037,0,14384.2,0.551077,59.89393,0,14513.8,-1.524811,60.10957,0,78.7332,2.504116,59.97552,0,98.5012,0.380038,60.07777,0,54.6416,4.531303,60.14337,0,PMU,14493.7,2.706320,59.96620,0,14383.8,0.610639,59.88927,0,14514.2,-1.464700,60.10957,0,78.9324,2.563666,60.00933,0,98.4727,0.437897,60.10724,0,54.6144,4.587558,60.19234,0,PMU
187,1.566667,14390.1,2.456695,60.04546,0,14464.1,0.364187,60.06528,0,14533.9,4.558828,59.86711,0,78.9596,2.314146,59.98135,0,97.5786,0.188593,59.95221,0,54.4283,4.337094,59.91374,0,PMU,14400.6,2.634336,60.02331,0,14445.6,0.541739,60.08276,0,14536,-1.545197,59.86828,0,78.5344,2.490079,59.98018,0,98.1185,0.362600,59.92074,0,54.8334,4.511240,59.86394,0,PMU,14485.1,-0.518914,59.95804,0,14385.9,3.669112,59.89975,0,14516.8,1.592795,60.10957,0,79.1686,-0.662986,59.97202,0,98.3486,3.498577,60.07693,0,54.706,1.367694,60.17485,0,PMU,14400.3,2.647625,60.01982,0,14444.3,0.555532,60.08509,0,14536.4,-1.531647,59.86944,0,78.7325,2.504055,59.99883,0,97.8457,0.374563,59.89542,0,54.789,4.522270,59.82748,0,PMU,14404.4,2.707114,60.01515,0,14437.5,0.615399,60.09092,0,14538.8,-1.471475,59.87061,0,78.8431,2.562385,59.97552,0,97.7656,0.431427,59.87644,0,54.8615,4.577182,59.80183,0,PMU
188,1.575000,14472.1,2.453460,59.93822,0,14391,0.359914,59.91840,0,14527.8,4.564870,60.11540,0,79.0713,2.313963,59.99650,0,97.8268,0.190363,60.03380,0,54.4592,4.341733,60.08859,0,PMU,14487.7,2.632139,59.95804,0,14384.9,0.536490,59.89975,0,14515.2,-1.539338,60.11190,0,78.5606,2.490079,60.00000,0,98.42,0.365224,60.05012,0,54.7017,4.517510,60.11974,0,PMU,14398,-0.517815,60.02098,0,14446.9,3.673263,60.07927,0,14535.3,1.585959,59.86944,0,79.1402,-0.662864,60.00233,0,97.8628,3.493389,59.90092,0,54.9091,1.357929,59.81349,0,PMU,14488.9,2.645488,59.95920,0,14385.3,0.550100,59.89626,0,14515.2,-1.525849,60.11074,0,78.7747,2.503201,59.98368,0,98.4233,0.379323,60.09092,0,54.6134,4.529411,60.13638,0,PMU,14493.9,2.705283,59.96503,0,14384.3,0.609601,59.88927,0,14514.6,-1.465738,60.10957,0,78.9989,2.562812,60.00816,0,98.4972,0.437164,60.10957,0,54.6838,4.586947,60.18651,0,PMU
189,1.583333,14389.3,2.455779,60.04430,0,14463.7,0.363332,60.06528,0,14533.8,4.557912,59.86712,0,78.9999,2.313047,59.98251,0,97.5359,0.187616,59.94754,0,54.4882,4.336240,59.89509,0,PMU,14400.5,2.633360,60.02331,0,14446.6,0.540884,60.08393,0,14536.4,-1.546173,59.86945,0,78.4626,2.488858,59.97669,0,97.9646,0.361379,59.92657,0,54.7853,4.509165,59.84063,0,PMU,14484.8,-0.520074,59.95687,0,14385.5,3.667953,59.89859,0,14516.7,1.591696,60.10957,0,79.204,-0.663963,59.97902,0,98.3758,3.497601,60.08043,0,54.7342,1.365680,60.14804,0,PMU,14401.2,2.646648,60.02215,0,14445.3,0.554556,60.08509,0,14537.5,-1.532624,59.87061,0,78.8148,2.503262,60.00117,0,98.0551,0.373952,59.89742,0,54.7784,4.521355,59.84613,0,PMU,14404.5,2.706076,60.01515,0,14438.2,0.614422,60.09208,0,14539.2,-1.472452,59.87178,0,78.9185,2.562018,59.98485,0,97.8625,0.430450,59.87178,0,54.8823,4.576266,59.79601,0,PMU
190,1.591667,14471.6,2.452545,59.93822,0,14390.3,0.358999,59.91724,0,14526.1,4.563894,60.11423,0,79.0396,2.312742,59.99417,0,97.7137,0.189447,60.03497,0,54.3835,4.340329,60.07810,0,PMU,14488,2.631163,59.95804,0,14385.8,0.535637,59.89979,0,14515.8,-1.540253,60.11307,0,78.5115,2.488919,60.00117,0,98.4831,0.364431,60.05828,0,54.6773,4.517204,60.15354,0,PMU,14398.1,-0.518853,60.02331,0,14447.3,3.672225,60.08160,0,14535.4,1.584878,59.86978,0,79.175,-0.663658,60.00583,0,97.9968,3.492718,59.90675,0,54.9255,1.357929,59.85196,0,PMU,14490.1,2.644573,59.96037,0,14385.9,0.549124,59.89626,0,14516.1,-1.526764,60.11191,0,78.7934,2.502163,59.97902,0,98.5166,0.377919,60.07577,0,54.6469,4.528252,60.13172,0,PMU,14493.5,2.704306,59.96620,0,14384.8,0.608624,59.88927,0,14514.6,-1.466775,60.10841,0,78.9841,2.561652,59.99301,0,98.4516,0.436249,60.11074,0,54.696,4.586642,60.19817,0,PMU
191,1.600000,14389,2.454864,60.04430,0,14462.9,0.362417,60.06528,0,14532,4.556753,59.86362,0,78.925,2.311704,59.98018,0,97.4758,0.186640,59.94638,0,54.4059,4.335202,59.90208,0,PMU,14400.5,2.632383,60.02331,0,14446.9,0.540030,60.08389,0,14536.6,-1.547150,59.86828,0,78.4954,2.488064,59.98368,0,97.978,0.360159,59.91841,0,54.8384,4.507578,59.81615,0,PMU,14485,-0.521050,59.95804,0,14386.1,3.666976,59.89975,0,14516.9,1.590659,60.11041,0,79.1669,-0.665001,59.97435,0,98.4944,3.496746,60.07694,0,54.8543,1.364459,60.12473,0,PMU,14401.9,2.645733,60.02215,0,14446.3,0.553701,60.08742,0,14538.3,-1.533539,59.87061,0,78.7251,2.501675,59.99067,0,97.9146,0.373098,59.90791,0,54.7429,4.520073,59.84380,0,PMU,14404.3,2.705100,60.01515,0,14438.4,0.613507,60.09325,0,14539.6,-1.473428,59.87294,0,78.8999,2.560981,59.98718,0,97.8004,0.429962,59.87994,0,54.9247,4.575656,59.79018,0,PMU
192,1.608333,14471.3,2.451568,59.93705,0,14390,0.358022,59.91607,0,14526,4.562673,60.11307,0,79.0471,2.311887,60.00350,0,97.7567,0.188593,60.03730,0,54.4341,4.339413,60.08043,0,PMU,14488,2.630186,59.95804,0,14385.7,0.534722,59.89863,0,14516.3,-1.541229,60.11307,0,78.6083,2.488431,60.00699,0,98.4072,0.363699,60.06761,0,54.6032,4.515434,60.15005,0,PMU,14398.1,-0.519768,60.02447,0,14447.6,3.671309,60.08276,0,14536.1,1.583962,59.87211,0,79.1121,-0.665001,60.00000,0,97.9792,3.491803,59.90558,0,54.8733,1.356525,59.84846,0,PMU,14490.5,2.643718,59.96153,0,14386.7,0.548269,59.89626,0,14516.6,-1.527680,60.11191,0,78.6593,2.501065,59.98834,0,98.4833,0.376943,60.07344,0,54.6229,4.527824,60.14804,0,PMU,14493.6,2.703391,59.96736,0,14384.7,0.607770,59.89043,0,14514.8,-1.467630,60.11074,0,78.9856,2.560676,59.99417,0,98.5921,0.436005,60.11540,0,54.6763,4.585543,60.18884,0,PMU
193,1.616667,14389.1,2.453948,60.04546,0,14463.3,0.361379,60.06411,0,14532.1,4.555776,59.86828,0,78.9233,2.310728,59.97785,0,97.4614,0.185907,59.94871,0,54.4716,4.334714,59.91024,0,PMU,14401.2,2.631407,60.02331,0,14447.5,0.539114,60.08389,0,14536.9,-1.548126,59.86828,0,78.6036,2.487393,59.98018,0,98.122,0.359304,59.91607,0,54.8395,4.507822,59.85462,0,PMU,14485.1,-0.521904,59.95921,0,14386.3,3.666060,59.89975,0,14516.7,1.589743,60.11041,0,79.0813,-0.666343,59.97435,0,98.3974,3.495526,60.07111,0,54.7826,1.364765,60.15737,0,PMU,14401.8,2.644817,60.02098,0,14446.7,0.552786,60.08626,0,14538.8,-1.534455,59.87061,0,78.6519,2.500454,59.98834,0,97.8059,0.371877,59.90325,0,54.7598,4.519158,59.83448,0,PMU,14404.7,2.704245,60.01632,0,14439,0.612592,60.09209,0,14539.8,-1.474344,59.87178,0,78.8908,2.560187,59.99067,0,98.0109,0.429413,59.87411,0,54.9067,4.574923,59.79717,0,PMU
194,1.625000,14471.4,2.450652,59.93705,0,14390.2,0.357046,59.91724,0,14526,4.561757,60.11423,0,79.0427,2.310911,60.00350,0,97.8519,0.188043,60.04080,0,54.4848,4.338681,60.07577,0,PMU,14488.9,2.629332,59.96037,0,14386.3,0.533867,59.89979,0,14517.1,-1.542084,60.11540,0,78.6707,2.487637,60.00466,0,98.4056,0.362844,60.06761,0,54.6817,4.514458,60.12673,0,PMU,14398.1,-0.520623,60.02448,0,14447.7,3.670394,60.08276,0,14536.4,1.583047,59.87211,0,79.012,-0.666099,60.00466,0,97.9054,3.490704,59.90791,0,54.8795,1.355670,59.82631,0,PMU,14490.2,2.642681,59.95920,0,14386.4,0.547354,59.89626,0,14516.9,-1.528656,60.11074,0,78.6704,2.500271,59.99650,0,98.3722,0.375966,60.07810,0,54.5957,4.526543,60.14105,0,PMU,14493.7,2.702536,59.96736,0,14385.7,0.606854,59.89043,0,14515.2,-1.468545,60.11074,0,78.875,2.559577,59.98835,0,98.6802,0.435211,60.11074,0,54.6562,4.584201,60.17718,0,PMU
195,1.633333,14389.5,2.453033,60.04546,0,14463.9,0.360464,60.06528,0,14532.6,4.554861,59.86828,0,78.9237,2.309995,59.98251,0,97.5677,0.184748,59.93706,0,54.4628,4.333005,59.89159,0,PMU,14401.9,2.630613,60.02448,0,14448.2,0.538321,60.08505,0,14537.1,-1.548920,59.86944,0,78.5661,2.486233,59.97319,0,97.9771,0.358327,59.91374,0,54.7501,4.505747,59.83363,0,PMU,14485.3,-0.522820,59.95804,0,14386.7,3.665145,59.89975,0,14516.9,1.588828,60.11041,0,78.9667,-0.667015,59.98251,0,98.3479,3.494732,60.07694,0,54.6825,1.362750,60.13522,0,PMU,14401.9,2.643840,60.02215,0,14446.9,0.551748,60.08392,0,14538.9,-1.535431,59.87061,0,78.6858,2.499600,59.98718,0,97.913,0.371328,59.91141,0,54.7795,4.518791,59.85196,0,PMU,14405.2,2.703391,60.01632,0,14439.8,0.611737,60.09325,0,14540,-1.475198,59.87294,0,78.7449,2.559699,60.00233,0,98.0189,0.428497,59.87178,0,54.8599,4.573764,59.80067,0,PMU
196,1.641667,14471.1,2.449754,59.93738,0,14390.4,0.356191,59.91840,0,14525.9,4.560964,60.11656,0,79.0262,2.309873,59.99767,0,97.6547,0.186579,60.03497,0,54.3933,4.336972,60.07577,0,PMU,14489,2.628477,59.95920,0,14387.2,0.533074,59.89979,0,14517.4,-1.543060,60.11191,0,78.6771,2.486417,60.00350,0,98.3894,0.361990,60.06994,0,54.6848,4.514397,60.16520,0,PMU,14398.2,-0.521599,60.02331,0,14448.3,3.669478,60.08276,0,14536.7,1.582070,59.87094,0,78.9351,-0.666954,60.00117,0,97.9993,3.490460,59.91840,0,54.8623,1.355731,59.86595,0,PMU,14490.3,2.641704,59.95920,0,14387.1,0.546377,59.89742,0,14516.9,-1.529694,60.10957,0,78.6656,2.499478,59.99767,0,98.3193,0.374990,60.06994,0,54.6383,4.525200,60.12240,0,PMU,14493.9,2.701743,59.96853,0,14385.6,0.606000,59.89043,0,14515.1,-1.469461,60.10957,0,78.7715,2.559516,59.99650,0,98.6494,0.434235,60.10957,0,54.7033,4.584445,60.20399,0,PMU
197,1.650000,14389.2,2.452056,60.04397,0,14463.6,0.359548,60.06411,0,14531.5,4.553884,59.86479,0,78.8858,2.309080,59.98485,0,97.374,0.183710,59.94522,0,54.4253,4.332412,59.91291,0,PMU,14402,2.629698,60.02331,0,14448.9,0.537466,60.08389,0,14537.7,-1.549896,59.86944,0,78.584,2.485318,59.97902,0,97.9033,0.357229,59.90908,0,54.8962,4.504892,59.81848,0,PMU,14485.9,-0.523674,59.96037,0,14387.7,3.664290,59.90092,0,14517.4,1.587851,60.11041,0,78.8993,-0.667503,59.98951,0,98.5711,3.494244,60.07227,0,54.7897,1.362140,60.12240,0,PMU,14401.9,2.642864,60.02215,0,14447.5,0.550772,60.08393,0,14539,-1.536469,59.87061,0,78.6527,2.498318,59.97785,0,97.7604,0.370900,59.92190,0,54.7709,4.517204,59.84730,0,PMU,14404.9,2.702475,60.01399,0,14439.3,0.610822,60.09209,0,14540,-1.476114,59.87294,0,78.7511,2.559272,59.99534,0,97.86,0.427338,59.86828,0,54.9265,4.573171,59.78468,0,PMU
198,1.658333,14470.6,2.448716,59.93621,0,14390.1,0.355154,59.91607,0,14526.4,4.559865,60.11423,0,79.0319,2.309019,59.99883,0,97.6822,0.185724,60.03846,0,54.4648,4.335995,60.06844,0,PMU,14488.1,2.627501,59.95804,0,14387.5,0.532219,59.89979,0,14518.6,-1.543854,60.11540,0,79.0242,2.484341,59.98135,0,98.2831,0.361440,60.08043,0,54.6768,4.512932,60.15354,0,PMU,14398.5,-0.522332,60.02565,0,14448.7,3.668685,60.08393,0,14537.2,1.581277,59.87444,0,78.8397,-0.667320,60.00350,0,97.9711,3.489791,59.91495,0,54.8065,1.354450,59.85312,0,PMU,14489.7,2.640728,59.95920,0,14387.2,0.545340,59.89625,0,14516.7,-1.530732,60.10957,0,78.6939,2.498440,60.00233,0,98.4369,0.374196,60.06295,0,54.7152,4.525444,60.15737,0,PMU,14493.5,2.700705,59.96620,0,14385,0.605084,59.89043,0,14515.2,-1.470377,60.10957,0,78.7118,2.558479,59.98485,0,98.3703,0.433014,60.10841,0,54.6346,4.582980,60.18734,0,PMU
199,1.666667,14388.6,2.451019,60.04397,0,14463.6,0.358511,60.06411,0,14532.8,4.552969,59.86828,0,78.8866,2.308287,59.98602,0,97.3764,0.182917,59.94638,0,54.4869,4.331801,59.91990,0,PMU,14401.4,2.628721,60.02331,0,14449.5,0.536551,60.08272,0,14538.1,-1.550690,59.86944,0,79.2097,2.483182,59.97785,0,98.0592,0.356985,59.91491,0,54.9033,4.505015,59.84879,0,PMU,14486,-0.524529,59.95804,0,14387.3,3.663436,59.89975,0,14516.4,1.586997,60.10924,0,78.7709,-0.668480,59.97785,0,98.443,3.493328,60.06757,0,54.7499,1.362018,60.14454,0,PMU,14401.5,2.641826,60.02098,0,14447.7,0.549734,60.08393,0,14539.1,-1.537568,59.86944,0,78.7119,2.497281,59.97786,0,97.8374,0.369802,59.91607,0,54.873,4.516899,59.83680,0,PMU,14404.5,2.701438,60.01399,0,14439.4,0.609845,60.09092,0,14539.8,-1.477151,59.87061,0,78.6949,2.558112,59.99301,0,97.6892,0.426056,59.86712,0,54.8676,4.572438,59.79867,0,PMU
200,1.675000,14469.8,2.447679,59.93621,0,14389.9,0.354177,59.91724,0,14526.6,4.558950,60.11423,0,79.0858,2.307920,59.99301,0,97.7554,0.185114,60.04196,0,54.5098,4.335202,60.06495,0,PMU,14489.1,2.626585,59.95920,0,14388,0.531365,59.90096,0,14519.2,-1.544708,60.11424,0,79.3819,2.483182,60.00000,0,98.5187,0.361013,60.07694,0,54.7787,4.511772,60.12906,0,PMU,14397.9,-0.523247,60.02448,0,14448.7,3.667769,60.08276,0,14536.5,1.580239,59.87094,0,78.7709,-0.668663,59.99650,0,97.9982,3.488692,59.91145,0,54.889,1.353351,59.83448,0,PMU,14489.5,2.639629,59.95804,0,14387,0.544302,59.89625,0,14517.1,-1.531769,60.11074,0,78.7372,2.497525,60.00466,0,98.4472,0.373586,60.07227,0,54.6618,4.524101,60.13755,0,PMU,14493.6,2.699668,59.96620,0,14385.1,0.604047,59.88926,0,14515.1,-1.471475,60.10841,0,78.7228,2.557868,59.99534,0,98.4421,0.431854,60.11073,0,54.6639,4.581820,60.17918,0,PMU
201,1.683333,14388.3,2.449998,60.04430,0,14463.6,0.357473,60.06295,0,14532.6,4.551992,59.86712,0,78.9596,2.307432,59.99067,0,97.4794,0.182062,59.94172,0,54.467,4.330276,59.90591,0,PMU,14401.4,2.627928,60.02565,0,14449.8,0.535759,60.08393,0,14537.9,-1.551483,59.87061,0,79.2206,2.482510,59.98718,0,97.9962,0.356008,59.90441,0,54.8235,4.502878,59.83014,0,PMU,14485.6,-0.525566,59.95570,0,14387,3.662398,59.89742,0,14516,1.585959,60.10924,0,78.7955,-0.669090,59.99184,0,98.4781,3.492108,60.06524,0,54.7304,1.360431,60.13521,0,PMU,14401.5,2.640789,60.02215,0,14447.8,0.548635,60.08276,0,14538.4,-1.538605,59.86944,0,78.6725,2.496182,59.97436,0,98.0166,0.369252,59.91724,0,54.8376,4.516777,59.86012,0,PMU,14404.3,2.700400,60.01399,0,14439.5,0.608746,60.08976,0,14539.5,-1.478189,59.87177,0,78.7617,2.557319,59.98951,0,97.7865,0.425263,59.87411,0,54.8438,4.571218,59.79750,0,PMU
202,1.691667,14468.8,2.446641,59.93589,0,14389.6,0.353140,59.91724,0,14526.2,4.557912,60.11307,0,79.0683,2.306456,59.98135,0,97.6684,0.183832,60.03380,0,54.4001,4.333310,60.05795,0,PMU,14488,2.625730,59.95804,0,14387.3,0.530449,59.89859,0,14518.1,-1.545624,60.11191,0,79.2628,2.481536,59.98139,0,98.3976,0.360036,60.07693,0,54.718,4.511284,60.16054,0,PMU,14397.8,-0.524285,60.02448,0,14448.6,3.666732,60.08276,0,14536.3,1.579202,59.87094,0,78.8324,-0.668968,60.00233,0,98.0633,3.487715,59.91611,0,54.8872,1.353657,59.87061,0,PMU,14489.4,2.638591,59.95804,0,14387.5,0.543203,59.89625,0,14517,-1.532868,60.10957,0,78.7156,2.496487,60.00583,0,98.4943,0.372426,60.06061,0,54.71,4.522881,60.11657,0,PMU,14493.5,2.698586,59.96536,0,14384.9,0.602948,59.88926,0,14514.8,-1.472513,60.10841,0,78.7663,2.557075,59.99534,0,98.4485,0.431061,60.11073,0,54.6644,4.581271,60.19201,0,PMU
203,1.700000,14387.9,2.448900,60.04313,0,14463.2,0.356435,60.06295,0,14532.5,4.550954,59.86711,0,78.9318,2.306211,59.99534,0,97.3837,0.181086,59.94754,0,54.4115,4.329360,59.92456,0,PMU,14400.5,2.626951,60.02331,0,14448.7,0.534722,60.08160,0,14537.1,-1.552521,59.86828,0,79.1384,2.481109,59.99184,0,98.0141,0.354971,59.90325,0,54.8693,4.502024,59.82314,0,PMU,14485.9,-0.526543,59.95687,0,14386.8,3.661422,59.89859,0,14516,1.585000,60.11074,0,78.8035,-0.669700,59.98601,0,98.6169,3.491009,60.06291,0,54.8344,1.359638,60.11423,0,PMU,14401.6,2.639812,60.02331,0,14448.4,0.547598,60.08393,0,14538.8,-1.539704,59.86944,0,78.5479,2.495084,59.97319,0,98.013,0.368642,59.92773,0,54.7829,4.515068,59.85079,0,PMU,14404.1,2.699362,60.01483,0,14439.4,0.607709,60.09092,0,14539.6,-1.479226,59.87178,0,78.786,2.556159,59.98251,0,97.7975,0.424286,59.87061,0,54.8886,4.569997,59.78468,0,PMU
204,1.708333,14468.9,2.445604,59.93705,0,14389.3,0.352102,59.91724,0,14526.9,4.556936,60.11424,0,79.1022,2.305357,59.98368,0,97.7731,0.182856,60.03380,0,54.4242,4.332168,60.05362,0,PMU,14487.2,2.624693,59.95687,0,14386.9,0.529473,59.89975,0,14518.3,-1.546662,60.11191,0,79.2224,2.480498,59.98834,0,98.4276,0.359365,60.08393,0,54.6623,4.510080,60.15387,0,PMU,14397.7,-0.525200,60.02565,0,14448.8,3.665755,60.08276,0,14536.3,1.578286,59.87177,0,78.795,-0.670250,59.98951,0,98.0208,3.486678,59.91728,0,54.8473,1.351948,59.85313,0,PMU,14489.4,2.637615,59.95804,0,14387.3,0.542227,59.89742,0,14516.7,-1.533905,60.11074,0,78.5572,2.495511,60.00816,0,98.5856,0.371511,60.05479,0,54.6863,4.523064,60.15270,0,PMU,14493.2,2.697548,59.96536,0,14385.1,0.601911,59.88926,0,14515,-1.473611,60.10724,0,78.7802,2.556159,60.00000,0,98.4126,0.430084,60.11073,0,54.6437,4.579745,60.18618,0,PMU
205,1.716667,14387.8,2.447923,60.04430,0,14463.3,0.355459,60.06411,0,14532.5,4.549978,59.86711,0,78.9868,2.305723,60.00699,0,97.4164,0.180170,59.94871,0,54.4306,4.328628,59.93239,0,PMU,14399.9,2.625853,60.02215,0,14448.2,0.533745,60.08160,0,14536.4,-1.553497,59.86944,0,79.1379,2.480620,60.00233,0,98.0011,0.354299,59.90325,0,54.827,4.501902,59.84380,0,PMU,14485,-0.527520,59.95570,0,14386.6,3.660446,59.89859,0,14515.5,1.584023,60.10957,0,78.7733,-0.670982,59.98601,0,98.5326,3.489974,60.06295,0,54.7609,1.358966,60.13405,0,PMU,14401.2,2.638775,60.02215,0,14446,0.546438,60.08043,0,14538.7,-1.540802,59.86828,0,78.4668,2.494046,59.97202,0,97.8611,0.367421,59.92190,0,54.8451,4.514031,59.82748,0,PMU,14404.4,2.698281,60.01399,0,14439.6,0.606671,60.09092,0,14539.9,-1.480325,59.87178,0,78.8078,2.554878,59.97552,0,97.7632,0.423676,59.87761,0,54.8909,4.569509,59.80450,0,PMU
206,1.725000,14468,2.444627,59.93705,0,14388.9,0.351125,59.91724,0,14526,4.555898,60.11307,0,79.0747,2.304380,59.97435,0,97.7308,0.181879,60.03264,0,54.4206,4.331191,60.04896,0,PMU,14486.2,2.623655,59.95804,0,14386.6,0.528496,59.89975,0,14517.4,-1.547699,60.11074,0,79.2062,2.479766,59.98368,0,98.4195,0.358205,60.07460,0,54.6963,4.508982,60.13522,0,PMU,14397.7,-0.526177,60.02565,0,14448.6,3.664779,60.08276,0,14536.7,1.577309,59.87178,0,78.7932,-0.671531,59.98951,0,98.0973,3.485640,59.91724,0,54.8232,1.350849,59.84497,0,PMU,14488.7,2.636473,59.95604,0,14385.3,0.540823,59.89276,0,14516.4,-1.534943,60.11190,0,78.4954,2.493985,59.99883,0,98.3489,0.370229,60.05362,0,54.6151,4.521294,60.13872,0,PMU,14493.5,2.696511,59.96620,0,14385,0.600812,59.88809,0,14514.6,-1.474649,60.10840,0,78.753,2.555061,60.00350,0,98.5138,0.429108,60.10374,0,54.6673,4.578586,60.17335,0,PMU
207,1.733333,14387.1,2.446946,60.04430,0,14463.1,0.354482,60.06411,0,14532.4,4.548940,59.86711,0,78.9762,2.304991,60.01166,0,97.4122,0.178949,59.94405,0,54.4213,4.327346,59.92656,0,PMU,14399.2,2.624876,60.02331,0,14447.9,0.532769,60.08160,0,14535.7,-1.554535,59.86944,0,79.1511,2.480071,60.00583,0,97.8852,0.352956,59.89975,0,54.7334,4.500132,59.83098,0,PMU,14485.2,-0.528374,59.95804,0,14386.4,3.659530,59.89976,0,14515.4,1.583169,60.11191,0,78.7937,-0.671470,60.00117,0,98.5611,3.489363,60.07111,0,54.6518,1.357746,60.13172,0,PMU,14400.6,2.637554,60.02065,0,14445.6,0.545034,60.08043,0,14537.4,-1.541962,59.86595,0,78.4686,2.493069,59.98251,0,98.0517,0.366445,59.92773,0,54.809,4.513970,59.86012,0,PMU,14404.2,2.697243,60.01399,0,14440,0.605573,60.09092,0,14539.6,-1.481363,59.87178,0,78.7218,2.553352,59.96736,0,97.7903,0.422760,59.87877,0,54.8423,4.568349,59.80450,0,PMU
208,1.741667,14467.5,2.443528,59.93472,0,14388.4,0.350149,59.91724,0,14525.8,4.554922,60.11424,0,79.1012,2.303587,59.97319,0,97.5737,0.180414,60.02798,0,54.3879,4.330153,60.05362,0,PMU,14485.1,2.622679,59.95804,0,14385.9,0.527520,59.89975,0,14516.8,-1.548798,60.10957,0,79.1686,2.478606,59.97202,0,98.3486,0.356985,60.07693,0,54.706,4.509287,60.17485,0,PMU,14398.2,-0.526970,60.02681,0,14448.9,3.663863,60.08276,0,14535.7,1.576516,59.87294,0,78.8534,-0.671898,59.99184,0,98.1662,3.485274,59.92190,0,54.7873,1.351093,59.87295,0,PMU,14488.2,2.635252,59.95604,0,14385,0.539541,59.89509,0,14515.6,-1.536225,60.10957,0,78.5432,2.493313,60.00466,0,98.5162,0.369130,60.05129,0,54.669,4.520195,60.11890,0,PMU,14493.4,2.695473,59.96620,0,14385.1,0.599774,59.88926,0,14514.5,-1.475687,60.10840,0,78.7243,2.553840,60.00933,0,98.4692,0.428436,60.10840,0,54.6673,4.578402,60.19201,0,PMU
209,1.750000,14386.6,2.445848,60.04430,0,14462.7,0.353445,60.06295,0,14531.6,4.547842,59.86478,0,79.0026,2.304197,60.01166,0,97.3062,0.177790,59.94988,0,54.4553,4.326980,59.93938,0,PMU,14398,2.623777,60.02098,0,14446.9,0.531670,60.07927,0,14535.3,-1.555634,59.86944,0,79.1402,2.478728,60.00233,0,97.8628,0.351797,59.90092,0,54.9091,4.499521,59.81349,0,PMU,14484.7,-0.529229,59.95687,0,14385.4,3.658614,59.89976,0,14514.4,1.582375,60.11191,0,78.7941,-0.672142,59.99534,0,98.5992,3.488326,60.05828,0,54.6909,1.356586,60.10491,0,PMU,14400.7,2.636473,60.02331,0,14445.4,0.543875,60.08276,0,14536.9,-1.543060,59.86945,0,78.4629,2.492093,59.97669,0,98.005,0.365407,59.92889,0,54.7539,4.512505,59.85312,0,PMU,14403.7,2.696206,60.01399,0,14440,0.604474,60.08976,0,14539.7,-1.482461,59.87061,0,78.7294,2.552192,59.96853,0,97.8284,0.421845,59.87411,0,54.873,4.567128,59.78468,0,PMU
210,1.758333,14467.2,2.442491,59.93589,0,14387.9,0.349111,59.91724,0,14525.3,4.553823,60.11424,0,79.1054,2.302610,59.96969,0,97.5808,0.179133,60.02565,0,54.4293,4.329238,60.04313,0,PMU,14484.8,2.621519,59.95687,0,14385.5,0.526360,59.89859,0,14516.7,-1.549896,60.10957,0,79.204,2.477630,59.97902,0,98.3758,0.356008,60.08043,0,54.7342,4.507273,60.14804,0,PMU,14397.2,-0.527886,60.02564,0,14448.3,3.662948,60.08276,0,14534.4,1.575539,59.86944,0,78.7843,-0.673118,59.98135,0,98.0702,3.484297,59.92306,0,54.6798,1.349262,59.86012,0,PMU,14487.8,2.634153,59.95570,0,14384,0.538504,59.89742,0,14515.1,-1.537262,60.11073,0,78.5056,2.491971,59.99767,0,98.5305,0.367788,60.04546,0,54.6618,4.520378,60.15037,0,PMU,14492.9,2.694314,59.96386,0,14384.9,0.598676,59.88926,0,14514.5,-1.476846,60.10724,0,78.7494,2.552925,60.01399,0,98.3791,0.427032,60.09908,0,54.6,4.576693,60.18268,0,PMU
211,1.766667,14386.3,2.444810,60.04430,0,14462.3,0.352346,60.06178,0,14531.1,4.546804,59.86595,0,78.9546,2.303038,60.00816,0,97.2911,0.176813,59.95570,0,54.4451,4.325881,59.93589,0,PMU,14398.1,2.622740,60.02331,0,14447.3,0.530632,60.08160,0,14535.4,-1.556715,59.86978,0,79.175,2.477935,60.00583,0,97.9968,0.351125,59.90675,0,54.9255,4.499521,59.85196,0,PMU,14483.8,-0.530205,59.95570,0,14385.4,3.657699,59.89976,0,14513.6,1.581399,60.11191,0,78.7719,-0.673179,59.99883,0,98.5191,3.487593,60.06295,0,54.6683,1.356769,60.14337,0,PMU,14400.4,2.635313,60.02215,0,14444.7,0.542776,60.08160,0,14536.4,-1.544159,59.86828,0,78.4788,2.490994,59.98135,0,97.9782,0.363760,59.92307,0,54.8404,4.511345,59.82748,0,PMU,14403.7,2.695046,60.01399,0,14440.3,0.603375,60.08976,0,14539.9,-1.483621,59.87061,0,78.7391,2.551277,59.96853,0,97.7481,0.420929,59.88344,0,54.8555,4.567006,59.81499,0,PMU
212,1.775000,14466.8,2.441453,59.93589,0,14387.8,0.348015,59.91728,0,14524.6,4.552724,60.11307,0,79.02,2.301207,59.96503,0,97.6493,0.178278,60.02798,0,54.4255,4.328261,60.04546,0,PMU,14485,2.620543,59.95804,0,14386.1,0.525383,59.89975,0,14516.9,-1.550934,60.11041,0,79.1669,2.476592,59.97435,0,98.4944,0.355154,60.07694,0,54.8543,4.506052,60.12473,0,PMU,14397.2,-0.528862,60.02565,0,14448.7,3.662032,60.08276,0,14534.8,1.574563,59.86944,0,78.8152,-0.674095,59.98251,0,98.1059,3.483443,59.92073,0,54.8229,1.348957,59.85080,0,PMU,14487.6,2.633116,59.95804,0,14384.1,0.537405,59.89742,0,14515.3,-1.538300,60.11190,0,78.558,2.491116,60.00233,0,98.4587,0.366750,60.05711,0,54.6112,4.518364,60.13405,0,PMU,14493.9,2.693276,59.96620,0,14385.1,0.597638,59.89043,0,14515.1,-1.477884,60.10957,0,78.8082,2.552253,60.01865,0,98.5311,0.426300,60.10258,0,54.6614,4.576083,60.17335,0,PMU
213,1.783333,14386.5,2.443773,60.04430,0,14462.4,0.351308,60.06291,0,14531.3,4.545705,59.86595,0,78.9438,2.302244,60.01982,0,97.3606,0.175654,59.94988,0,54.476,4.324782,59.93356,0,PMU,14398.1,2.621824,60.02447,0,14447.6,0.529717,60.08276,0,14536.1,-1.557630,59.87211,0,79.1121,2.476592,60.00000,0,97.9792,0.350210,59.90558,0,54.8733,4.498118,59.84846,0,PMU,14484.7,-0.531060,59.95804,0,14385.6,3.656844,59.90092,0,14514.9,1.580544,60.11424,0,78.8352,-0.673851,60.00466,0,98.5241,3.486922,60.06644,0,54.7141,1.355487,60.12472,0,PMU,14400.6,2.634336,60.02331,0,14445.6,0.541739,60.08276,0,14536,-1.545197,59.86828,0,78.5344,2.490079,59.98018,0,98.1185,0.362600,59.92074,0,54.8334,4.511240,59.86394,0,PMU,14404,2.694070,60.01515,0,14440.7,0.602338,60.08976,0,14540,-1.484597,59.87178,0,78.7628,2.550178,59.96037,0,97.8188,0.420075,59.88110,0,54.813,4.565480,59.79750,0,PMU
214,1.791667,14466.7,2.440416,59.93589,0,14387.8,0.347038,59.91844,0,14525.2,4.551687,60.11424,0,78.9763,2.300169,59.96037,0,97.5221,0.177118,60.02798,0,54.3827,4.327041,60.04313,0,PMU,14485.1,2.619688,59.95921,0,14386.3,0.524468,59.89975,0,14516.7,-1.551849,60.11041,0,79.0813,2.475249,59.97435,0,98.3974,0.353933,60.07111,0,54.7826,4.506357,60.15737,0,PMU,14398.2,-0.529595,60.02798,0,14449.8,3.661178,60.08276,0,14535.4,1.573708,59.86944,0,78.838,-0.675010,59.97785,0,98.1805,3.483016,59.92540,0,54.8603,1.349018,59.87644,0,PMU,14487.7,2.632139,59.95804,0,14384.9,0.536490,59.89975,0,14515.2,-1.539338,60.11190,0,78.5606,2.490079,60.00000,0,98.42,0.365224,60.05012,0,54.7017,4.517510,60.11974,0,PMU,14493.8,2.692238,59.96503,0,14385.5,0.596603,59.89047,0,14514.8,-1.478921,60.10840,0,78.7724,2.550605,60.00816,0,98.4557,0.425324,60.10025,0,54.6147,4.575168,60.18501,0,PMU
215,1.800000,14386.6,2.442735,60.04430,0,14462.4,0.350332,60.06291,0,14531.6,4.544729,59.86711,0,78.9064,2.301146,60.01865,0,97.2178,0.174616,59.95221,0,54.4559,4.323806,59.93822,0,PMU,14398.1,2.620970,60.02448,0,14447.7,0.528801,60.08276,0,14536.4,-1.558546,59.87211,0,79.012,2.475493,60.00466,0,97.9054,0.349111,59.90791,0,54.8795,4.497263,59.82631,0,PMU,14485.9,-0.531731,59.95920,0,14386.9,3.656051,59.90208,0,14516,1.579751,60.11540,0,78.8021,-0.674766,60.00466,0,98.6636,3.485945,60.05595,0,54.7714,1.353962,60.09442,0,PMU,14400.5,2.633360,60.02331,0,14446.6,0.540884,60.08393,0,14536.4,-1.546173,59.86945,0,78.4626,2.488858,59.97669,0,97.9646,0.361379,59.92657,0,54.7853,4.509165,59.84063,0,PMU,14403.4,2.693032,60.01515,0,14440.6,0.601300,60.08972,0,14539.6,-1.485696,59.87061,0,78.7044,2.548652,59.96270,0,97.7796,0.418732,59.87411,0,54.8304,4.564504,59.79634,0,PMU
216,1.808333,14466.9,2.439500,59.93822,0,14388,0.346123,59.91961,0,14525.8,4.550771,60.11540,0,78.9608,2.299376,59.96620,0,97.5224,0.176203,60.03031,0,54.4136,4.326003,60.04196,0,PMU,14485.3,2.618773,59.95804,0,14386.7,0.523552,59.89975,0,14516.9,-1.552765,60.11041,0,78.9667,2.474578,59.98251,0,98.3479,0.353140,60.07694,0,54.6825,4.504343,60.13522,0,PMU,14399.3,-0.530327,60.02681,0,14451.3,3.660446,60.08393,0,14536.3,1.572976,59.87061,0,78.775,-0.675987,59.97669,0,98.1543,3.481734,59.91957,0,54.7717,1.346882,59.86478,0,PMU,14488,2.631163,59.95804,0,14385.8,0.535637,59.89979,0,14515.8,-1.540253,60.11307,0,78.5115,2.488919,60.00117,0,98.4831,0.364431,60.05828,0,54.6773,4.517204,60.15354,0,PMU,14493.3,2.691140,59.96386,0,14385.1,0.595504,59.88930,0,14514.4,-1.480020,60.10841,0,78.7807,2.549384,60.01399,0,98.3603,0.423859,60.09792,0,54.6122,4.574191,60.18501,0,PMU
217,1.816667,14387.2,2.441881,60.04546,0,14463.2,0.349477,60.06407,0,14532,4.543874,59.86828,0,78.9325,2.300535,60.02215,0,97.344,0.174067,59.95920,0,54.5239,4.323257,59.94754,0,PMU,14398.2,2.619993,60.02331,0,14448.3,0.527886,60.08276,0,14536.7,-1.559522,59.87094,0,78.9351,2.474639,60.00117,0,97.9993,0.348867,59.91840,0,54.8623,4.497324,59.86595,0,PMU,14487,-0.532524,59.95804,0,14388,3.655319,59.90208,0,14516.9,1.578957,60.11424,0,78.7818,-0.675620,60.00699,0,98.5508,3.485091,60.06411,0,54.7697,1.353779,60.13172,0,PMU,14400.5,2.632383,60.02331,0,14446.9,0.540030,60.08389,0,14536.6,-1.547150,59.86828,0,78.4954,2.488064,59.98368,0,97.978,0.360159,59.91841,0,54.8384,4.507578,59.81615,0,PMU,14403.5,2.691933,60.01515,0,14440.5,0.600202,60.08972,0,14539.3,-1.486795,59.87061,0,78.7377,2.547309,59.96037,0,97.8008,0.418122,59.89043,0,54.9247,4.564504,59.81499,0,PMU
218,1.825000,14467.5,2.438707,59.93938,0,14388.6,0.345329,59.92078,0,14526,4.549978,60.11657,0,78.9421,2.298582,59.96270,0,97.6088,0.175837,60.03380,0,54.4677,4.325881,60.05012,0,PMU,14485.9,2.617918,59.96037,0,14387.7,0.522698,59.90092,0,14517.4,-1.553742,60.11041,0,78.8993,2.474090,59.98951,0,98.5711,0.352651,60.07227,0,54.7897,4.503733,60.12240,0,PMU,14400.5,-0.531121,60.02681,0,14451.9,3.659652,60.08276,0,14537.4,1.572183,59.87061,0,78.7419,-0.676780,59.97785,0,98.104,3.481002,59.92190,0,54.8662,1.346271,59.85662,0,PMU,14488,2.630186,59.95804,0,14385.7,0.534722,59.89863,0,14516.3,-1.541229,60.11307,0,78.6083,2.488431,60.00699,0,98.4072,0.363699,60.06761,0,54.6032,4.515434,60.15005,0,PMU,14493.4,2.690041,59.96386,0,14385.1,0.594405,59.88930,0,14514.1,-1.481118,60.10841,0,78.7963,2.548347,60.01982,0,98.5683,0.423065,60.09442,0,54.7011,4.573232,60.16669,0,PMU
219,1.833333,14386.9,2.441087,60.04546,0,14463.4,0.348625,60.06295,0,14532.1,4.543020,59.86711,0,78.8753,2.299620,60.01982,0,97.3602,0.173517,59.95570,0,54.5087,4.321670,59.91957,0,PMU,14398.5,2.619261,60.02565,0,14448.7,0.527092,60.08393,0,14537.2,-1.560316,59.87444,0,78.8397,2.474273,60.00350,0,97.9711,0.348198,59.91495,0,54.8065,4.496042,59.85312,0,PMU,14488.2,-0.533379,59.95687,0,14388.3,3.654525,59.90208,0,14518.5,1.578225,60.11540,0,78.7435,-0.676353,60.00816,0,98.599,3.484419,60.06528,0,54.711,1.352070,60.11074,0,PMU,14401.2,2.631407,60.02331,0,14447.5,0.539114,60.08389,0,14536.9,-1.548126,59.86828,0,78.6036,2.487393,59.98018,0,98.122,0.359304,59.91607,0,54.8395,4.507822,59.85462,0,PMU,14403.1,2.690957,60.01749,0,14440.5,0.599164,60.09088,0,14538.1,-1.487893,59.87061,0,78.6435,2.546089,59.95687,0,97.7733,0.416840,59.88110,0,54.8448,4.562856,59.80183,0,PMU
220,1.841667,14467.5,2.437852,59.93822,0,14388.4,0.344414,59.91957,0,14526.2,4.549123,60.11657,0,78.8956,2.297789,59.96503,0,97.6477,0.175043,60.02914,0,54.372,4.324416,60.05246,0,PMU,14486,2.617064,59.95804,0,14387.3,0.521843,59.89975,0,14516.4,-1.554596,60.10924,0,78.7709,2.473113,59.97785,0,98.443,0.351736,60.06757,0,54.7499,4.503611,60.14454,0,PMU,14402,-0.531975,60.02681,0,14453.1,3.658859,60.08276,0,14538.7,1.571389,59.86944,0,78.7662,-0.677451,59.97902,0,98.1851,3.480330,59.92190,0,54.8607,1.346027,59.88460,0,PMU,14488.9,2.629332,59.96037,0,14386.3,0.533867,59.89979,0,14517.1,-1.542084,60.11540,0,78.6707,2.487637,60.00466,0,98.4056,0.362844,60.06761,0,54.6817,4.514458,60.12673,0,PMU,14492.1,2.689004,59.96270,0,14384.6,0.593368,59.88930,0,14513.1,-1.482217,60.10841,0,78.7161,2.547065,60.01865,0,98.4182,0.421967,60.09792,0,54.6474,4.572438,60.18301,0,PMU
221,1.850000,14387.2,2.440233,60.04546,0,14463.1,0.347710,60.06295,0,14531.7,4.542168,59.86715,0,78.9202,2.299009,60.02331,0,97.3278,0.172480,59.95104,0,54.4723,4.320815,59.93122,0,PMU,14397.9,2.618346,60.02448,0,14448.7,0.526177,60.08276,0,14536.5,-1.561354,59.87094,0,78.7709,2.472930,59.99650,0,97.9982,0.347099,59.91145,0,54.889,4.494944,59.83448,0,PMU,14489.6,-0.534111,59.95920,0,14390,3.653793,59.90325,0,14520.1,1.577493,60.11657,0,78.783,-0.676902,60.01049,0,98.6012,3.483565,60.06178,0,54.777,1.350910,60.09325,0,PMU,14401.9,2.630613,60.02448,0,14448.2,0.538321,60.08505,0,14537.1,-1.548920,59.86944,0,78.5661,2.486233,59.97319,0,97.9771,0.358327,59.91374,0,54.7501,4.505747,59.83363,0,PMU,14402.3,2.689858,60.01632,0,14440,0.598065,60.08972,0,14538.1,-1.488992,59.87061,0,78.6283,2.545173,59.96386,0,97.8557,0.415863,59.88343,0,54.8776,4.561940,59.79950,0,PMU
222,1.858333,14467.4,2.436998,59.93822,0,14388.4,0.343559,59.92073,0,14525.9,4.548269,60.11653,0,78.9018,2.297117,59.96386,0,97.6273,0.174189,60.03264,0,54.3838,4.323623,60.05362,0,PMU,14485.6,2.616026,59.95570,0,14387,0.520806,59.89742,0,14516,-1.555634,60.10924,0,78.7955,2.472503,59.99184,0,98.4781,0.350515,60.06524,0,54.7304,4.502024,60.13521,0,PMU,14402.6,-0.532647,60.02798,0,14453.9,3.658126,60.08276,0,14539.2,1.570692,59.87012,0,78.7245,-0.678184,59.97552,0,98.0558,3.479354,59.91957,0,54.7522,1.344257,59.87294,0,PMU,14489,2.628477,59.95920,0,14387.2,0.533074,59.89979,0,14517.4,-1.543060,60.11191,0,78.6771,2.486417,60.00350,0,98.3894,0.361990,60.06994,0,54.6848,4.514397,60.16520,0,PMU,14491.4,2.687844,59.96153,0,14383.6,0.592330,59.89047,0,14513.1,-1.483255,60.10957,0,78.7119,2.545783,60.01166,0,98.4145,0.420929,60.09675,0,54.6169,4.570974,60.17252,0,PMU
223,1.866667,14386.6,2.439317,60.04430,0,14462.4,0.346794,60.06178,0,14530.8,4.541252,59.86599,0,78.9353,2.298094,60.01865,0,97.3696,0.171747,59.95337,0,54.4902,4.319961,59.93006,0,PMU,14397.8,2.617308,60.02448,0,14448.6,0.525139,60.08276,0,14536.3,-1.562391,59.87094,0,78.8324,2.472625,60.00233,0,98.0633,0.346123,59.91611,0,54.8872,4.495249,59.87061,0,PMU,14490.2,-0.534844,59.95804,0,14390.6,3.653060,59.90325,0,14520.8,1.576760,60.11590,0,78.7393,-0.677757,60.00816,0,98.5355,3.482833,60.06644,0,54.702,1.350788,60.12473,0,PMU,14402,2.629698,60.02331,0,14448.9,0.537466,60.08389,0,14537.7,-1.549896,59.86944,0,78.584,2.485318,59.97902,0,97.9033,0.357229,59.90908,0,54.8962,4.504892,59.81848,0,PMU,14401.8,2.688698,60.01632,0,14439.7,0.596969,60.08859,0,14537.3,-1.490152,59.86828,0,78.5779,2.544016,59.96624,0,97.7793,0.415070,59.88809,0,54.8464,4.561025,59.80999,0,PMU
224,1.875000,14467.1,2.436082,59.93822,0,14388.1,0.342583,59.91957,0,14525.1,4.547292,60.11536,0,78.8913,2.296080,59.96153,0,97.6267,0.173273,60.02914,0,54.4277,4.323195,60.06178,0,PMU,14485.9,2.615050,59.95687,0,14386.8,0.519829,59.89859,0,14516,-1.556593,60.11074,0,78.8035,2.471892,59.98601,0,98.6169,0.349416,60.06291,0,54.8344,4.501230,60.11423,0,PMU,14402.5,-0.533440,60.02681,0,14454.3,3.657333,60.08160,0,14539.5,1.569898,59.86895,0,78.6965,-0.678855,59.97902,0,98.169,3.478682,59.92073,0,54.8216,1.343403,59.85895,0,PMU,14488.1,2.627501,59.95804,0,14387.5,0.532219,59.89979,0,14518.6,-1.543854,60.11540,0,79.0242,2.484341,59.98135,0,98.2831,0.361440,60.08043,0,54.6768,4.512932,60.15354,0,PMU,14491.2,2.686745,59.96270,0,14383.4,0.591171,59.88926,0,14513,-1.484414,60.10957,0,78.7247,2.544807,60.01511,0,98.5412,0.419647,60.08743,0,54.6468,4.569814,60.16786,0,PMU
225,1.883333,14386.5,2.438402,60.04430,0,14462.2,0.345879,60.06295,0,14530.4,4.540275,59.86599,0,78.9139,2.296812,60.01399,0,97.3373,0.170832,59.95337,0,54.5116,4.318435,59.90908,0,PMU,14397.7,2.616392,60.02565,0,14448.8,0.524163,60.08276,0,14536.3,-1.563307,59.87177,0,78.795,2.471343,59.98951,0,98.0208,0.345085,59.91728,0,54.8473,4.493540,59.85313,0,PMU,14489.6,-0.535759,59.95570,0,14390.4,3.652145,59.90092,0,14520.7,1.575845,60.11357,0,78.7149,-0.678611,60.00466,0,98.5807,3.481856,60.06062,0,54.6368,1.348896,60.10491,0,PMU,14401.4,2.628721,60.02331,0,14449.5,0.536551,60.08272,0,14538.1,-1.550690,59.86944,0,79.2097,2.483182,59.97785,0,98.0592,0.356985,59.91491,0,54.9033,4.505015,59.84879,0,PMU,14402.6,2.687661,60.01749,0,14440.5,0.595870,60.08976,0,14537.9,-1.491250,59.86944,0,78.6376,2.543222,59.96973,0,97.8261,0.413544,59.88343,0,54.8525,4.559743,59.80766,0,PMU
226,1.891667,14466.6,2.435106,59.93705,0,14388,0.341667,59.91957,0,14525.4,4.546377,60.11653,0,78.8619,2.294920,59.96386,0,97.6326,0.172297,60.02798,0,54.3567,4.321853,60.06528,0,PMU,14485,2.614073,59.95570,0,14386.6,0.518853,59.89859,0,14515.5,-1.557569,60.10957,0,78.7733,2.470611,59.98601,0,98.5326,0.348381,60.06295,0,54.7609,4.500559,60.13405,0,PMU,14402,-0.534355,60.02681,0,14454,3.656356,60.08043,0,14539.1,1.568922,59.86778,0,78.6881,-0.679893,59.97552,0,98.1213,3.477767,59.92190,0,54.8078,1.343403,59.89509,0,PMU,14489.1,2.626585,59.95920,0,14388,0.531365,59.90096,0,14519.2,-1.544708,60.11424,0,79.3819,2.483182,60.00000,0,98.5187,0.361013,60.07694,0,54.7787,4.511772,60.12906,0,PMU,14491.7,2.685708,59.96270,0,14384.2,0.590133,59.89043,0,14513.6,-1.485513,60.10957,0,78.7803,2.543771,60.01049,0,98.4614,0.418549,60.09559,0,54.7361,4.569692,60.19001,0,PMU
227,1.900000,14386.7,2.437425,60.04430,0,14462.5,0.344902,60.06178,0,14530.6,4.539360,59.86599,0,78.934,2.295469,60.01049,0,97.3079,0.169613,59.94875,0,54.4874,4.317580,59.91840,0,PMU,14397.7,2.615416,60.02565,0,14448.6,0.523186,60.08276,0,14536.7,-1.564283,59.87178,0,78.7932,2.470061,59.98951,0,98.0973,0.344047,59.91724,0,54.8232,4.492442,59.84497,0,PMU,14489.5,-0.536673,59.95575,0,14390.3,3.651229,59.90208,0,14520.7,1.574868,60.11357,0,78.7188,-0.679405,60.00933,0,98.5679,3.480879,60.05945,0,54.7175,1.348224,60.09209,0,PMU,14401.4,2.627928,60.02565,0,14449.8,0.535759,60.08393,0,14537.9,-1.551483,59.87061,0,79.2206,2.482510,59.98718,0,97.9962,0.356008,59.90441,0,54.8235,4.502878,59.83014,0,PMU,14403.1,2.686562,60.01632,0,14440.8,0.594833,60.08976,0,14538.7,-1.492288,59.87061,0,78.6609,2.542368,59.97319,0,97.8404,0.412384,59.88227,0,54.9864,4.558644,59.78901,0,PMU
228,1.908333,14467.6,2.434190,59.93822,0,14389.2,0.340752,59.92073,0,14527,4.545400,60.11536,0,78.8796,2.293943,59.97086,0,97.6292,0.171076,60.02793,0,54.3999,4.320754,60.06062,0,PMU,14485.2,2.613219,59.95804,0,14386.4,0.517937,59.89976,0,14515.4,-1.558424,60.11191,0,78.7937,2.470122,60.00117,0,98.5611,0.347771,60.07111,0,54.6518,4.499338,60.13172,0,PMU,14402.2,-0.535271,60.02677,0,14454.1,3.655441,60.08043,0,14538.8,1.568006,59.86895,0,78.6542,-0.680991,59.96969,0,98.072,3.476668,59.91957,0,54.7649,1.341938,59.87994,0,PMU,14488,2.625730,59.95804,0,14387.3,0.530449,59.89859,0,14518.1,-1.545624,60.11191,0,79.2628,2.481536,59.98139,0,98.3976,0.360036,60.07693,0,54.718,4.511284,60.16054,0,PMU,14492.6,2.684609,59.96270,0,14384.8,0.589095,59.89043,0,14515.2,-1.486490,60.11074,0,78.7859,2.542429,60.00117,0,98.3785,0.416962,60.08743,0,54.6959,4.567495,60.16902,0,PMU
229,1.916667,14388.8,2.436509,60.04429,0,14464.9,0.344047,60.06295,0,14533,4.538444,59.86715,0,78.9839,2.294310,60.00699,0,97.4002,0.168332,59.94759,0,54.5336,4.316238,59.91374,0,PMU,14398.2,2.614622,60.02681,0,14448.9,0.522271,60.08276,0,14535.7,-1.565077,59.87294,0,78.8534,2.469695,59.99184,0,98.1662,0.343681,59.92190,0,54.7873,4.492686,59.87295,0,PMU,14489.3,-0.537588,59.95575,0,14390.4,3.650314,59.90208,0,14520.2,1.573953,60.11357,0,78.6703,-0.680747,60.00466,0,98.4833,3.479964,60.06295,0,54.6907,1.348224,60.12006,0,PMU,14400.5,2.626951,60.02331,0,14448.7,0.534722,60.08160,0,14537.1,-1.552521,59.86828,0,79.1384,2.481109,59.99184,0,98.0141,0.354971,59.90325,0,54.8693,4.502024,59.82314,0,PMU,14404.6,2.685586,60.01865,0,14441.5,0.593795,60.08976,0,14539.1,-1.493264,59.87061,0,78.6447,2.541574,59.98368,0,97.7662,0.411591,59.89742,0,54.9552,4.558278,59.82398,0,PMU
230,1.925000,14469.5,2.433275,59.93822,0,14391,0.339897,59.92073,0,14529,4.544546,60.11653,0,78.9034,2.293030,59.97556,0,97.6097,0.169796,60.02798,0,54.4511,4.320571,60.08276,0,PMU,14484.7,2.612364,59.95687,0,14385.4,0.517022,59.89976,0,14514.4,-1.559217,60.11191,0,78.7941,2.469451,59.99534,0,98.5992,0.346733,60.05828,0,54.6909,4.498179,60.10491,0,PMU,14401.9,-0.536184,60.02681,0,14453.6,3.654525,60.08043,0,14538.4,1.567091,59.86895,0,78.5889,-0.682151,59.97319,0,98.0312,3.475691,59.91840,0,54.8308,1.340900,59.86012,0,PMU,14487.2,2.624693,59.95687,0,14386.9,0.529473,59.89975,0,14518.3,-1.546662,60.11191,0,79.2224,2.480498,59.98834,0,98.4276,0.359365,60.08393,0,54.6623,4.510080,60.15387,0,PMU,14493.2,2.683694,59.96386,0,14385.4,0.588058,59.89043,0,14515.4,-1.487466,60.11074,0,78.7397,2.541391,59.99650,0,98.5238,0.416291,60.08976,0,54.7542,4.566396,60.15504,0,PMU
231,1.933333,14389.7,2.435594,60.04429,0,14466.1,0.343132,60.06178,0,14534,4.537468,59.86482,0,78.9342,2.292908,59.99767,0,97.326,0.167050,59.94754,0,54.5136,4.314651,59.88693,0,PMU,14397.2,2.613707,60.02564,0,14448.3,0.521355,60.08276,0,14534.4,-1.566053,59.86944,0,78.7843,2.468474,59.98135,0,98.0702,0.342705,59.92306,0,54.6798,4.490855,59.86012,0,PMU,14488.6,-0.538565,59.95454,0,14389.7,3.649398,59.90208,0,14519.8,1.572976,60.11240,0,78.6425,-0.681236,60.01749,0,98.3922,3.479048,60.06411,0,54.597,1.346332,60.10375,0,PMU,14399.9,2.625853,60.02215,0,14448.2,0.533745,60.08160,0,14536.4,-1.553497,59.86944,0,79.1379,2.480620,60.00233,0,98.0011,0.354299,59.90325,0,54.827,4.501902,59.84380,0,PMU,14405.3,2.684548,60.01632,0,14442.5,0.592757,60.08976,0,14539.4,-1.494235,59.87072,0,78.6196,2.540720,59.98718,0,97.8597,0.410861,59.89630,0,54.8986,4.556081,59.80301,0,PMU
232,1.941667,14470.4,2.432298,59.93706,0,14391.6,0.338921,59.91957,0,14530.2,4.543569,60.11653,0,78.8364,2.291992,59.98251,0,97.5836,0.168637,60.03031,0,54.367,4.319106,60.08509,0,PMU,14483.8,2.611388,59.95570,0,14385.4,0.516106,59.89976,0,14513.6,-1.560194,60.11191,0,78.7719,2.468413,59.99883,0,98.5191,0.346001,60.06295,0,54.6683,4.498362,60.14337,0,PMU,14401.3,-0.537161,60.02681,0,14452.5,3.653549,60.07927,0,14537.5,1.566114,59.86895,0,78.6073,-0.682761,59.97086,0,98.0293,3.474959,59.92190,0,54.8132,1.340961,59.89742,0,PMU,14486.2,2.623655,59.95804,0,14386.6,0.528496,59.89975,0,14517.4,-1.547699,60.11074,0,79.2062,2.479766,59.98368,0,98.4195,0.358205,60.07460,0,54.6963,4.508982,60.13522,0,PMU,14493.6,2.682656,59.96387,0,14385.8,0.587081,59.89159,0,14515.7,-1.488504,60.10946,0,78.754,2.540292,59.99184,0,98.4981,0.415558,60.08972,0,54.7416,4.566152,60.19233,0,PMU
233,1.950000,14389.7,2.434557,60.04313,0,14466.2,0.342094,60.06061,0,14534.5,4.536491,59.86482,0,78.9204,2.291870,59.99767,0,97.2937,0.166256,59.95454,0,54.4816,4.314040,59.90325,0,PMU,14397.2,2.612730,60.02565,0,14448.7,0.520440,60.08276,0,14534.8,-1.567030,59.86944,0,78.8152,2.467498,59.98251,0,98.1059,0.341850,59.92073,0,54.8229,4.490550,59.85080,0,PMU,14488.2,-0.539541,59.95454,0,14389.2,3.648361,59.90092,0,14519.5,1.571999,60.11240,0,78.6952,-0.682029,60.01399,0,98.5364,3.478255,60.06295,0,54.691,1.345844,60.09325,0,PMU,14399.2,2.624876,60.02331,0,14447.9,0.532769,60.08160,0,14535.7,-1.554535,59.86944,0,79.1511,2.480071,60.00583,0,97.8852,0.352956,59.89975,0,54.7334,4.500132,59.83098,0,PMU,14405.1,2.683511,60.01632,0,14442.6,0.591720,60.08859,0,14539.5,-1.495334,59.86955,0,78.7033,2.540231,59.99883,0,97.8774,0.409945,59.89280,0,54.9591,4.555288,59.79251,0,PMU
234,1.958333,14470.9,2.431261,59.93705,0,14391.6,0.337822,59.91840,0,14530.7,4.542532,60.11536,0,78.8656,2.291260,59.98834,0,97.6522,0.168087,60.03497,0,54.3918,4.318496,60.08509,0,PMU,14484.7,2.610533,59.95804,0,14385.6,0.515252,59.90092,0,14514.9,-1.561048,60.11424,0,78.8352,2.467742,60.00466,0,98.5241,0.345329,60.06644,0,54.7141,4.497080,60.12472,0,PMU,14400.9,-0.538076,60.02798,0,14452.3,3.652572,60.08043,0,14537.2,1.565199,59.87012,0,78.5838,-0.683799,59.96620,0,98.0755,3.474105,59.92074,0,54.7567,1.339130,59.87177,0,PMU,14485.1,2.622679,59.95804,0,14385.9,0.527520,59.89975,0,14516.8,-1.548798,60.10957,0,79.1686,2.478606,59.97202,0,98.3486,0.356985,60.07693,0,54.706,4.509287,60.17485,0,PMU,14493.7,2.681558,59.96270,0,14385.9,0.586044,59.89159,0,14516.3,-1.489541,60.11063,0,78.7731,2.539316,59.98251,0,98.4872,0.414765,60.09205,0,54.677,4.564199,60.17018,0,PMU
235,1.966667,14389.9,2.433519,60.04313,0,14466.7,0.341057,60.06178,0,14534.9,4.535454,59.86482,0,78.9258,2.290711,59.98951,0,97.5191,0.165768,59.95570,0,54.481,4.313186,59.89859,0,PMU,14398.2,2.611998,60.02798,0,14449.8,0.519585,60.08276,0,14535.4,-1.567884,59.86944,0,78.838,2.466582,59.97785,0,98.1805,0.341423,59.92540,0,54.8603,4.490611,59.87644,0,PMU,14487.6,-0.540457,59.95454,0,14388.9,3.647445,59.90208,0,14519,1.571084,60.11240,0,78.6522,-0.683250,60.01049,0,98.5032,3.477461,60.06411,0,54.6414,1.345905,60.12939,0,PMU,14398,2.623777,60.02098,0,14446.9,0.531670,60.07927,0,14535.3,-1.555634,59.86944,0,79.1402,2.478728,60.00233,0,97.8628,0.351797,59.90092,0,54.9091,4.499521,59.81349,0,PMU,14405,2.682473,60.01749,0,14443,0.590682,60.08859,0,14539.5,-1.496371,59.86955,0,78.6717,2.539377,60.00117,0,97.972,0.409457,59.89863,0,54.9087,4.554861,59.82166,0,PMU
236,1.975000,14471.1,2.430284,59.93822,0,14392.8,0.336845,59.91957,0,14531.3,4.541496,60.11540,0,78.8861,2.290467,59.99534,0,97.7964,0.167111,60.02565,0,54.4508,4.318130,60.09442,0,PMU,14485.9,2.609862,59.95920,0,14386.9,0.514458,59.90208,0,14516,-1.561842,60.11540,0,78.8021,2.466826,60.00466,0,98.6636,0.344353,60.05595,0,54.7714,4.495554,60.09442,0,PMU,14400.9,-0.539053,60.02681,0,14452.5,3.651657,60.08043,0,14537.5,1.564222,59.86895,0,78.5854,-0.684959,59.96736,0,98.2034,3.473494,59.92424,0,54.8837,1.338339,59.85550,0,PMU,14484.8,2.621519,59.95687,0,14385.5,0.526360,59.89859,0,14516.7,-1.549896,60.10957,0,79.204,2.477630,59.97902,0,98.3758,0.356008,60.08043,0,54.7342,4.507273,60.14804,0,PMU,14493.4,2.680520,59.96270,0,14385.9,0.584945,59.89043,0,14516,-1.490640,60.10946,0,78.7348,2.538217,59.97785,0,98.5669,0.413544,60.07806,0,54.7275,4.563100,60.15736,0,PMU
237,1.983333,14389.9,2.432542,60.04313,0,14467.6,0.340141,60.06295,0,14535.1,4.534416,59.86478,0,78.9601,2.289856,59.98834,0,97.4547,0.164608,59.95221,0,54.5282,4.312087,59.88460,0,PMU,14399.3,2.611265,60.02681,0,14451.3,0.518853,60.08393,0,14536.3,-1.568617,59.87061,0,78.775,2.465606,59.97669,0,98.1543,0.340141,59.91957,0,54.7717,4.488474,59.86478,0,PMU,14487.4,-0.541372,59.95570,0,14389.3,3.646530,59.90208,0,14519.3,1.570143,60.11307,0,78.7035,-0.684287,60.01282,0,98.709,3.476729,60.06178,0,54.6731,1.344440,60.11653,0,PMU,14398.1,2.622740,60.02331,0,14447.3,0.530632,60.08160,0,14535.4,-1.556715,59.86978,0,79.175,2.477935,60.00583,0,97.9968,0.351125,59.90675,0,54.9255,4.499521,59.85196,0,PMU,14405.1,2.681375,60.01632,0,14443.2,0.589584,60.08859,0,14539.5,-1.497470,59.86955,0,78.6855,2.538217,60.00000,0,97.8878,0.408297,59.89979,0,54.8717,4.553762,59.82166,0,PMU
238,1.991667,14470.7,2.429247,59.93705,0,14392.7,0.335869,59.91840,0,14531.5,4.540459,60.11540,0,78.9161,2.289307,59.98951,0,97.7142,0.165951,60.02565,0,54.3995,4.316787,60.08976,0,PMU,14487,2.609068,59.95804,0,14388,0.513726,59.90208,0,14516.9,-1.562635,60.11424,0,78.7818,2.465972,60.00699,0,98.5508,0.343498,60.06411,0,54.7697,4.495371,60.13172,0,PMU,14400.9,-0.539969,60.02681,0,14453.1,3.650741,60.08043,0,14538,1.563307,59.86944,0,78.6251,-0.685691,59.97319,0,98.2088,3.472640,59.92190,0,54.9421,1.338520,59.88693,0,PMU,14485,2.620543,59.95804,0,14386.1,0.525383,59.89975,0,14516.9,-1.550934,60.11041,0,79.1669,2.476592,59.97435,0,98.4944,0.355154,60.07694,0,54.8543,4.506052,60.12473,0,PMU,14493.5,2.679482,59.96386,0,14385.9,0.583846,59.89043,0,14515.7,-1.491738,60.10946,0,78.7375,2.536936,59.97552,0,98.4772,0.412445,60.07922,0,54.7215,4.562978,60.17601,0,PMU
239,2.000000,14389.5,2.431505,60.04313,0,14466.7,0.339043,60.06062,0,14534.7,4.533440,59.86595,0,78.9862,2.288330,59.98135,0,97.3645,0.163571,59.95454,0,54.4782,4.311477,59.89859,0,PMU,14400.5,2.610472,60.02681,0,14451.9,0.518059,60.08276,0,14537.4,-1.569410,59.87061,0,78.7419,2.464813,59.97785,0,98.104,0.339409,59.92190,0,54.8662,4.487864,59.85662,0,PMU,14487.9,-0.542227,59.95687,0,14390.2,3.645692,59.90358,0,14519.9,1.569227,60.11307,0,78.7362,-0.685081,60.01166,0,98.5698,3.475691,60.05828,0,54.7669,1.343952,60.10375,0,PMU,14398.1,2.621824,60.02447,0,14447.6,0.529717,60.08276,0,14536.1,-1.557630,59.87211,0,79.1121,2.476592,60.00000,0,97.9792,0.350210,59.90558,0,54.8733,4.498118,59.84846,0,PMU,14404.5,2.680276,60.01515,0,14443.2,0.588424,60.08743,0,14539.6,-1.498630,59.86839,0,78.728,2.536997,60.00117,0,97.9077,0.407076,59.89746,0,54.9385,4.552602,59.80184,0,PMU
240,2.008333,14470.8,2.428209,59.93705,0,14392.1,0.334831,59.91957,0,14531.1,4.539421,60.11424,0,78.9883,2.288452,60.00233,0,97.6895,0.165219,60.03147,0,54.4156,4.315688,60.08043,0,PMU,14488.2,2.608214,59.95687,0,14388.3,0.512932,59.90208,0,14518.5,-1.563368,60.11540,0,78.7435,2.465240,60.00816,0,98.599,0.342827,60.06528,0,54.711,4.493662,60.11074,0,PMU,14400.8,-0.540762,60.02798,0,14453.3,3.649948,60.08127,0,14537.8,1.562513,59.87178,0,78.5802,-0.686607,59.97086,0,98.0032,3.471480,59.91957,0,54.8393,1.336325,59.85433,0,PMU,14485.1,2.619688,59.95921,0,14386.3,0.524468,59.89975,0,14516.7,-1.551849,60.11041,0,79.0813,2.475249,59.97435,0,98.3974,0.353933,60.07111,0,54.7826,4.506357,60.15737,0,PMU,14493.2,2.678262,59.96153,0,14385.9,0.582687,59.89043,0,14515.7,-1.492959,60.10830,0,78.7658,2.535898,59.97902,0,98.4334,0.411044,60.07577,0,54.6965,4.561208,60.16436,0,PMU
241,2.016667,14389,2.430467,60.04313,0,14467.1,0.338005,60.06062,0,14534.1,4.532402,59.86595,0,79.0637,2.287476,59.98135,0,97.4687,0.163022,59.95804,0,54.4313,4.310256,59.89625,0,PMU,14402,2.609618,60.02681,0,14453.1,0.517266,60.08276,0,14538.7,-1.570204,59.86944,0,78.7662,2.464141,59.97902,0,98.1851,0.338737,59.92190,0,54.8607,4.487620,59.88460,0,PMU,14487.5,-0.543081,59.95570,0,14390.5,3.644899,59.90358,0,14519.6,1.568373,60.11191,0,78.6865,-0.686363,60.00466,0,98.4309,3.474715,60.06178,0,54.7019,1.343769,60.14217,0,PMU,14398.1,2.620970,60.02448,0,14447.7,0.528801,60.08276,0,14536.4,-1.558546,59.87211,0,79.012,2.475493,60.00466,0,97.9054,0.349111,59.90791,0,54.8795,4.497263,59.82631,0,PMU,14404.8,2.679116,60.01632,0,14443.1,0.587264,60.08743,0,14539.2,-1.499789,59.86955,0,78.7566,2.536020,60.00233,0,97.9227,0.406039,59.90441,0,54.9266,4.551443,59.81350,0,PMU
242,2.025000,14470.9,2.427171,59.93705,0,14392.1,0.333855,59.92073,0,14530.7,4.538383,60.11424,0,79.0605,2.287781,60.00583,0,97.7225,0.164242,60.02331,0,54.4219,4.315200,60.09442,0,PMU,14489.6,2.607481,59.95920,0,14390,0.512200,59.90325,0,14520.1,-1.564100,60.11657,0,78.783,2.464691,60.01049,0,98.6012,0.341972,60.06178,0,54.777,4.492503,60.09325,0,PMU,14401.1,-0.541616,60.02798,0,14453.3,3.649154,60.08127,0,14538.6,1.561659,59.87178,0,78.5697,-0.687339,59.98135,0,98.0364,3.470565,59.92074,0,54.9086,1.335348,59.83918,0,PMU,14485.3,2.618773,59.95804,0,14386.7,0.523552,59.89975,0,14516.9,-1.552765,60.11041,0,78.9667,2.474578,59.98251,0,98.3479,0.353140,60.07694,0,54.6825,4.504343,60.13522,0,PMU,14493.4,2.677163,59.96270,0,14386.1,0.581588,59.89160,0,14515.8,-1.494052,60.10957,0,78.7457,2.535043,59.98135,0,98.5282,0.409884,60.07344,0,54.7197,4.559072,60.14571,0,PMU
243,2.033333,14388.9,2.429552,60.04546,0,14467,0.337090,60.06178,0,14533.9,4.531364,59.86595,0,79.0795,2.286621,59.97785,0,97.4343,0.162045,59.95804,0,54.4543,4.309097,59.88343,0,PMU,14402.6,2.608946,60.02798,0,14453.9,0.516534,60.08276,0,14539.2,4.712285,59.87012,0,78.7245,2.463409,59.97552,0,98.0558,0.337761,59.91957,0,54.7522,4.485850,59.87294,0,PMU,14487.8,-0.543936,59.95570,0,14390.4,3.644106,59.90358,0,14520.6,1.567640,60.11424,0,78.6894,-0.687156,60.00350,0,98.4942,3.474044,60.06644,0,54.6249,1.342182,60.13052,0,PMU,14398.2,2.619993,60.02331,0,14448.3,0.527886,60.08276,0,14536.7,-1.559522,59.87094,0,78.9351,2.474639,60.00117,0,97.9993,0.348867,59.91840,0,54.8623,4.497324,59.86595,0,PMU,14404.6,2.678018,60.01632,0,14443.6,0.586166,60.08742,0,14538.9,-1.500888,59.86944,0,78.7009,2.534372,59.98718,0,97.8502,0.404818,59.90325,0,54.8644,4.549367,59.81466,0,PMU
244,2.041667,14470.8,2.426256,59.93705,0,14391.6,0.332878,59.91957,0,14530.6,4.537407,60.11540,0,78.9748,2.286560,59.99883,0,97.7213,0.163266,60.02331,0,54.3709,4.313552,60.08509,0,PMU,14490.2,2.606749,59.95804,0,14390.6,0.511468,59.90325,0,14520.8,-1.564832,60.11590,0,78.7393,2.463836,60.00816,0,98.5355,0.341240,60.06644,0,54.702,4.492381,60.12473,0,PMU,14401.2,-0.542410,60.02914,0,14453.4,3.648361,60.08127,0,14539.3,1.560865,59.87061,0,78.5721,-0.688072,59.98251,0,98.046,3.470260,59.92773,0,54.8489,1.334982,59.86249,0,PMU,14485.9,2.617918,59.96037,0,14387.7,0.522698,59.90092,0,14517.4,-1.553742,60.11041,0,78.8993,2.474090,59.98951,0,98.5711,0.352651,60.07227,0,54.7897,4.503733,60.12240,0,PMU,14492.6,2.676003,59.96153,0,14385.9,0.580490,59.89160,0,14515.3,-1.495273,60.10724,0,78.6977,2.533579,59.98485,0,98.4038,0.408724,60.07460,0,54.6913,4.558034,60.16553,0,PMU
245,2.050000,14389.1,2.428636,60.04546,0,14467,0.336113,60.06178,0,14534.2,4.530449,59.86711,0,79.0106,2.285523,59.98018,0,97.4414,0.161007,59.95687,0,54.4178,4.308242,59.89859,0,PMU,14402.5,2.608153,60.02681,0,14454.3,0.515740,60.08160,0,14539.5,4.711491,59.86895,0,78.6965,2.462737,59.97902,0,98.169,0.337090,59.92073,0,54.8216,4.484995,59.85895,0,PMU,14488.3,-0.544668,59.95687,0,14390.9,3.643312,59.90358,0,14521.2,1.566847,60.11424,0,78.753,-0.687766,60.00583,0,98.5337,3.473433,60.06062,0,54.6704,1.341144,60.11769,0,PMU,14398.5,2.619261,60.02565,0,14448.7,0.527092,60.08393,0,14537.2,-1.560316,59.87444,0,78.8397,2.474273,60.00350,0,97.9711,0.348198,59.91495,0,54.8065,4.496042,59.85312,0,PMU,14403.6,2.676797,60.01515,0,14443.4,0.584945,60.08509,0,14538.5,-1.502170,59.86828,0,78.7088,2.533151,59.99184,0,97.9133,0.403964,59.90908,0,54.9521,4.548147,59.81116,0,PMU
246,2.058333,14470.9,2.425340,59.93705,0,14391.8,0.331902,59.91957,0,14530.3,4.536491,60.11540,0,78.9895,2.285889,60.00699,0,97.7925,0.162472,60.02798,0,54.4026,4.312820,60.08743,0,PMU,14489.6,2.605833,59.95570,0,14390.4,0.510552,59.90092,0,14520.7,-1.565748,60.11357,0,78.7149,2.462982,60.00466,0,98.5807,0.340263,60.06062,0,54.6368,4.490488,60.10491,0,PMU,14401.7,-0.543142,60.02914,0,14454.6,3.647628,60.08243,0,14539.8,1.560133,59.87178,0,78.6027,-0.688316,59.98951,0,98.0304,3.469039,59.91607,0,54.7107,1.332907,59.84267,0,PMU,14486,2.617064,59.95804,0,14387.3,0.521843,59.89975,0,14516.4,-1.554596,60.10924,0,78.7709,2.473113,59.97785,0,98.443,0.351736,60.06757,0,54.7499,4.503611,60.14454,0,PMU,14492.4,2.674722,59.96037,0,14385.7,0.579208,59.89043,0,14515.4,-1.496493,60.10841,0,78.734,2.532663,59.99067,0,98.4652,0.407931,60.07577,0,54.7327,4.556753,60.16436,0,PMU
247,2.066667,14388.6,2.427660,60.04430,0,14467.1,0.335136,60.06178,0,14533.6,4.529472,59.86595,0,78.9778,2.284241,59.96853,0,97.52,0.160214,59.95687,0,54.4203,4.307510,59.89859,0,PMU,14402,2.607237,60.02681,0,14454,0.514764,60.08043,0,14539.1,4.710514,59.86778,0,78.6881,2.461700,59.97552,0,98.1213,0.336174,59.92190,0,54.8078,4.484995,59.89509,0,PMU,14488.2,-0.545401,59.95687,0,14391.2,3.642641,59.90475,0,14521.2,1.566114,60.11424,0,78.7086,-0.688743,59.99184,0,98.2835,3.472152,60.05945,0,54.5666,1.341572,60.16549,0,PMU,14397.9,2.618346,60.02448,0,14448.7,0.526177,60.08276,0,14536.5,-1.561354,59.87094,0,78.7709,2.472930,59.99650,0,97.9982,0.347099,59.91145,0,54.889,4.494944,59.83448,0,PMU,14403.6,2.675637,60.01749,0,14443.7,0.583785,60.08742,0,14538.9,-1.503329,59.86944,0,78.7143,2.531931,59.98601,0,98.0151,0.403353,59.91257,0,54.9624,4.547720,59.82748,0,PMU
248,2.075000,14470.5,2.424303,59.93589,0,14391.8,0.330986,59.92074,0,14530.1,4.535454,60.11424,0,78.9706,2.285096,60.01632,0,97.7428,0.161252,60.01982,0,54.4167,4.312026,60.08626,0,PMU,14489.5,2.604920,59.95575,0,14390.3,0.509637,59.90208,0,14520.7,-1.566725,60.11357,0,78.7188,2.462188,60.00933,0,98.5679,0.339287,60.05945,0,54.7175,4.489817,60.09209,0,PMU,14401.3,-0.543875,60.02914,0,14454.5,3.646957,60.08243,0,14540.3,1.559400,59.87178,0,78.5895,-0.688987,59.99534,0,97.8585,3.468306,59.92656,0,54.7426,1.332235,59.82169,0,PMU,14485.6,2.616026,59.95570,0,14387,0.520806,59.89742,0,14516,-1.555634,60.10924,0,78.7955,2.472503,59.99184,0,98.4781,0.350515,60.06524,0,54.7304,4.502024,60.13521,0,PMU,14491.7,2.673623,59.96153,0,14385.2,0.578109,59.89160,0,14514.7,-1.497653,60.10841,0,78.7211,2.531381,59.98951,0,98.4856,0.406649,60.06295,0,54.7228,4.555532,60.14921,0,PMU
249,2.083333,14388.7,2.426683,60.04546,0,14466.9,0.334160,60.06061,0,14533.7,4.528557,59.86828,0,78.9786,2.283387,59.96736,0,97.4244,0.158993,59.95687,0,54.4084,4.306411,59.89276,0,PMU,14402.2,2.606322,60.02677,0,14454.1,0.513848,60.08043,0,14538.8,4.709599,59.86895,0,78.6542,2.460601,59.96969,0,98.072,0.335075,59.91957,0,54.7649,4.483531,59.87994,0,PMU,14488.3,-0.546194,59.95570,0,14390.8,3.641847,59.90242,0,14521.3,1.565382,60.11424,0,78.7224,-0.689658,59.98718,0,98.2878,3.471419,60.05945,0,54.5126,1.339863,60.14567,0,PMU,14397.8,2.617308,60.02448,0,14448.6,0.525139,60.08276,0,14536.3,-1.562391,59.87094,0,78.8324,2.472625,60.00233,0,98.0633,0.346123,59.91611,0,54.8872,4.495249,59.87061,0,PMU,14402.4,2.674478,60.01632,0,14442.7,0.582626,60.08626,0,14537.2,-1.504489,59.86944,0,78.7332,2.530588,59.98485,0,97.7451,0.401583,59.90325,0,54.9069,4.546560,59.82864,0,PMU
250,2.091667,14470.5,2.423326,59.93589,0,14391.7,0.330010,59.92074,0,14531,4.534538,60.11424,0,78.984,2.284119,60.01399,0,97.6981,0.160031,60.01982,0,54.3397,4.310562,60.07927,0,PMU,14489.3,2.604004,59.95575,0,14390.4,0.508721,59.90208,0,14520.2,-1.567640,60.11357,0,78.6703,2.460845,60.00466,0,98.4833,0.338371,60.06295,0,54.6907,4.489817,60.12006,0,PMU,14401.4,-0.544729,60.02798,0,14454.5,3.646120,60.08160,0,14540.1,1.558546,59.86944,0,78.631,-0.689780,59.99767,0,97.8897,3.467574,59.92656,0,54.7132,1.331930,59.84850,0,PMU,14485.9,2.615050,59.95687,0,14386.8,0.519829,59.89859,0,14516,-1.556593,60.11074,0,78.8035,2.471892,59.98601,0,98.6169,0.349416,60.06291,0,54.8344,4.501230,60.11423,0,PMU,14490.2,2.672402,59.96037,0,14384.3,0.576950,59.89160,0,14513.1,-1.498935,60.10608,0,78.7968,2.530222,59.99301,0,98.2544,0.405245,60.06994,0,54.7333,4.555471,60.17019,0,PMU
251,2.100000,14389.2,2.425768,60.04663,0,14467.2,0.333244,60.06178,0,14534.8,4.527641,59.86828,0,78.9805,2.282288,59.96503,0,97.4099,0.158017,59.96153,0,54.3652,4.305313,59.89975,0,PMU,14401.9,2.605408,60.02681,0,14453.6,0.512932,60.08043,0,14538.4,4.708683,59.86895,0,78.5889,2.459442,59.97319,0,98.0312,0.334099,59.91840,0,54.8308,4.482493,59.86012,0,PMU,14488.3,-0.547049,59.95570,0,14391.3,3.640993,59.90208,0,14521.6,1.564527,60.11424,0,78.7345,-0.690574,59.98485,0,98.3895,3.470565,60.05712,0,54.6201,1.339130,60.13751,0,PMU,14397.7,2.616392,60.02565,0,14448.8,0.524163,60.08276,0,14536.3,-1.563307,59.87177,0,78.795,2.471343,59.98951,0,98.0208,0.345085,59.91728,0,54.8473,4.493540,59.85313,0,PMU,14401.6,2.673196,60.01515,0,14441.8,0.581344,60.08393,0,14536.4,-1.505771,59.86944,0,78.7676,2.529367,59.98368,0,97.7633,0.400363,59.90675,0,54.9924,4.545827,59.81582,0,PMU
252,2.108333,14471.2,2.422350,59.93472,0,14392,0.329155,59.92190,0,14531.8,4.533684,60.11540,0,79.0317,2.283570,60.02448,0,97.7412,0.159298,60.02448,0,54.3686,4.309463,60.07927,0,PMU,14488.6,2.603028,59.95454,0,14389.7,0.507806,59.90208,0,14519.8,-1.568617,60.11240,0,78.6425,2.460357,60.01749,0,98.3922,0.337456,60.06411,0,54.597,4.487925,60.10375,0,PMU,14401.6,-0.545523,60.02914,0,14455.1,3.645326,60.08276,0,14540.7,1.557752,59.87061,0,78.6379,-0.690452,60.00233,0,97.9262,3.466964,59.93122,0,54.6984,1.330832,59.84151,0,PMU,14485,2.614073,59.95570,0,14386.6,0.518853,59.89859,0,14515.5,-1.557569,60.10957,0,78.7733,2.470611,59.98601,0,98.5326,0.348381,60.06295,0,54.7609,4.500559,60.13405,0,PMU,14489.1,2.671121,59.96037,0,14383.1,0.575607,59.89043,0,14512.1,-1.500217,60.10608,0,78.7978,2.529123,59.99534,0,98.2868,0.404391,60.07693,0,54.7567,4.554311,60.16203,0,PMU
253,2.116667,14389.6,2.424913,60.04896,0,14467.7,0.332390,60.06178,0,14535,4.526787,59.86828,0,78.9499,2.281494,59.96037,0,97.5678,0.157101,59.95804,0,54.3721,4.304702,59.90908,0,PMU,14401.3,2.604432,60.02681,0,14452.5,0.511956,60.07927,0,14537.5,4.707707,59.86895,0,78.6073,2.458831,59.97086,0,98.0293,0.333366,59.92190,0,54.8132,4.482554,59.89742,0,PMU,14488.9,-0.547781,59.95687,0,14391.8,3.640260,59.90325,0,14522.2,1.563734,60.11424,0,78.7012,-0.691228,59.98517,0,98.3617,3.470015,60.05828,0,54.6334,1.339680,60.16898,0,PMU,14397.7,2.615416,60.02565,0,14448.6,0.523186,60.08276,0,14536.7,-1.564283,59.87178,0,78.7932,2.470061,59.98951,0,98.0973,0.344047,59.91724,0,54.8232,4.492442,59.84497,0,PMU,14400.7,2.671914,60.01515,0,14441.1,0.580001,60.08393,0,14535.2,-1.507114,59.86828,0,78.7484,2.528086,59.98019,0,97.8668,0.399630,59.90908,0,55.0279,4.545034,59.82282,0,PMU
254,2.125000,14471.9,2.421556,59.93589,0,14392.6,0.328301,59.92190,0,14531.9,4.532890,60.11656,0,78.9979,2.282471,60.01865,0,97.7323,0.158017,60.01749,0,54.3731,4.308669,60.07577,0,PMU,14488.2,2.602051,59.95454,0,14389.2,0.506768,59.90092,0,14519.5,-1.569593,60.11240,0,78.6952,2.459564,60.01399,0,98.5364,0.336662,60.06295,0,54.691,4.487437,60.09325,0,PMU,14402,-0.546194,60.03031,0,14455.6,3.644594,60.08276,0,14540.9,1.557020,59.87177,0,78.6134,-0.690879,60.00667,0,97.9924,3.466475,59.93239,0,54.7465,1.330099,59.81703,0,PMU,14485.2,2.613219,59.95804,0,14386.4,0.517937,59.89976,0,14515.4,-1.558424,60.11191,0,78.7937,2.470122,60.00117,0,98.5611,0.347771,60.07111,0,54.6518,4.499338,60.13172,0,PMU,14488.7,2.669839,59.96037,0,14383.2,0.574386,59.89276,0,14512.1,-1.501498,60.10724,0,78.8096,2.527720,59.99301,0,98.3966,0.403231,60.06878,0,54.7916,4.552846,60.14921,0,PMU
255,2.133333,14390,2.424120,60.04896,0,14468.3,0.331536,60.06178,0,14535,4.525932,59.86712,0,78.8786,2.280396,59.96037,0,97.3869,0.156064,59.96270,0,54.3408,4.303420,59.89975,0,PMU,14400.9,2.603516,60.02798,0,14452.3,0.510979,60.08043,0,14537.2,4.706791,59.87012,0,78.5838,2.457794,59.96620,0,98.0755,0.332512,59.92074,0,54.7567,4.480723,59.87177,0,PMU,14488.3,-0.548513,59.95570,0,14391.7,3.639589,59.90441,0,14522.3,1.563062,60.11540,0,78.6755,-0.691778,59.98284,0,98.3516,3.469344,60.05479,0,54.5573,1.337973,60.15037,0,PMU,14398.2,2.614622,60.02681,0,14448.9,0.522271,60.08276,0,14535.7,-1.565077,59.87294,0,78.8534,2.469695,59.99184,0,98.1662,0.343681,59.92190,0,54.7873,4.492686,59.87295,0,PMU,14400.8,2.670693,60.01632,0,14441.7,0.578842,60.08509,0,14535.4,-1.508334,59.86944,0,78.7691,2.526926,59.98485,0,97.8206,0.398165,59.90325,0,54.9826,4.543264,59.81699,0,PMU
256,2.141667,14471.1,2.420641,59.93356,0,14392.6,0.327385,59.92073,0,14531.7,4.531914,60.11423,0,78.939,2.281311,60.01749,0,97.6412,0.156918,60.01632,0,54.3098,4.307083,60.06994,0,PMU,14487.6,2.601136,59.95454,0,14388.9,0.505852,59.90208,0,14519,-1.570509,60.11240,0,78.6522,2.458343,60.01049,0,98.5032,0.335869,60.06411,0,54.6414,4.487498,60.12939,0,PMU,14401.6,-0.546927,60.03031,0,14455.7,3.643861,60.08160,0,14540.5,1.556227,59.86944,0,78.6243,-0.691533,60.00466,0,97.9082,3.465865,59.93356,0,54.7036,1.330160,59.85079,0,PMU,14484.7,2.612364,59.95687,0,14385.4,0.517022,59.89976,0,14514.4,-1.559217,60.11191,0,78.7941,2.469451,59.99534,0,98.5992,0.346733,60.05828,0,54.6909,4.498179,60.10491,0,PMU,14488.8,2.668740,59.96270,0,14383.6,0.573288,59.89392,0,14512.3,-1.502658,60.10841,0,78.8046,2.526499,59.99184,0,98.2939,0.401950,60.07227,0,54.7727,4.552297,60.17252,0,PMU
257,2.150000,14389.8,2.423204,60.04896,0,14468.4,0.330620,60.06178,0,14535.3,4.524895,59.86595,0,78.8488,2.279786,59.97086,0,97.3298,0.154965,59.96270,0,54.3275,4.302383,59.91024,0,PMU,14400.9,2.602540,60.02681,0,14452.5,0.510064,60.08043,0,14537.5,4.705815,59.86895,0,78.5854,2.456634,59.96736,0,98.2034,0.331902,59.92424,0,54.8837,4.479932,59.85550,0,PMU,14487.8,-0.549307,59.95454,0,14391,3.638796,59.90325,0,14521.9,1.562208,60.11424,0,78.7218,-0.692266,59.98601,0,98.3559,3.468612,60.05246,0,54.6572,1.337118,60.13289,0,PMU,14397.2,2.613707,60.02564,0,14448.3,0.521355,60.08276,0,14534.4,-1.566053,59.86944,0,78.7843,2.468474,59.98135,0,98.0702,0.342705,59.92306,0,54.6798,4.490855,59.86012,0,PMU,14400.9,2.669595,60.01632,0,14442.2,0.577743,60.08509,0,14536.2,-1.509494,59.86945,0,78.7703,2.525888,59.98834,0,97.8245,0.396639,59.89859,0,54.9719,4.541557,59.79488,0,PMU
258,2.158333,14470.9,2.419725,59.93356,0,14393.1,0.326470,59.92073,0,14532,4.530937,60.11540,0,79.0255,2.281006,60.02331,0,97.7323,0.156552,60.03031,0,54.3419,4.306472,60.07810,0,PMU,14487.4,2.600220,59.95570,0,14389.3,0.504937,59.90208,0,14519.3,4.711735,60.11307,0,78.7035,2.457305,60.01282,0,98.709,0.335136,60.06178,0,54.6731,4.486033,60.11653,0,PMU,14400.9,-0.547781,60.02914,0,14455.2,3.643007,60.08043,0,14539.6,1.555389,59.86978,0,78.788,-0.691594,60.01282,0,97.8973,3.465011,59.93123,0,54.6394,1.328940,59.84380,0,PMU,14483.8,2.611388,59.95570,0,14385.4,0.516106,59.89976,0,14513.6,-1.560194,60.11191,0,78.7719,2.468413,59.99883,0,98.5191,0.346001,60.06295,0,54.6683,4.498362,60.14337,0,PMU,14489.5,2.667644,59.96274,0,14384.1,0.572189,59.89392,0,14513.6,-1.503696,60.11073,0,78.7853,2.525034,59.98368,0,98.2801,0.400912,60.08160,0,54.6722,4.550527,60.17131,0,PMU
259,2.166667,14389.7,2.422289,60.04896,0,14468.5,0.329644,60.06062,0,14535.4,4.524040,59.86828,0,78.835,2.279236,59.96620,0,97.5961,0.154782,59.96620,0,54.4025,4.302383,59.92190,0,PMU,14400.9,2.601624,60.02681,0,14453.1,0.509148,60.08043,0,14538,4.704899,59.86944,0,78.6251,2.455902,59.97319,0,98.2088,0.331047,59.92190,0,54.9421,4.480113,59.88693,0,PMU,14487.4,-0.550161,59.95454,0,14390.4,3.637941,59.90325,0,14521.1,1.561415,60.11507,0,78.7605,-0.693426,59.96503,0,98.2368,3.467696,60.05129,0,54.5919,1.337179,60.15737,0,PMU,14397.2,2.612730,60.02565,0,14448.7,0.520440,60.08276,0,14534.8,-1.567030,59.86944,0,78.8152,2.467498,59.98251,0,98.1059,0.341850,59.92073,0,54.8229,4.490550,59.85080,0,PMU,14401.3,2.668618,60.01861,0,14442.9,0.576706,60.08626,0,14536.9,-1.510470,59.87061,0,78.7688,2.524729,59.99417,0,97.8821,0.396090,59.90791,0,54.9055,4.540703,59.81237,0,PMU
260,2.175000,14470.8,2.418873,59.93476,0,14393.2,0.325615,59.92306,0,14531.7,4.530083,60.11540,0,78.9654,2.279847,60.01166,0,97.7688,0.155819,60.01982,0,54.3944,4.305496,60.05945,0,PMU,14487.9,2.599366,59.95687,0,14390.2,0.504100,59.90358,0,14519.9,4.710820,60.11307,0,78.7362,2.456512,60.01166,0,98.5698,0.334099,60.05828,0,54.7669,4.485545,60.10375,0,PMU,14400.2,-0.548758,60.02681,0,14454.5,3.642091,60.07927,0,14538.7,1.554474,59.86744,0,78.7024,-0.693181,60.00466,0,97.8788,3.464339,59.93589,0,54.6865,1.328085,59.82631,0,PMU,14484.7,2.610533,59.95804,0,14385.6,0.515252,59.90092,0,14514.9,-1.561048,60.11424,0,78.8352,2.467742,60.00466,0,98.5241,0.345329,60.06644,0,54.7141,4.497080,60.12472,0,PMU,14489.9,2.666667,59.96274,0,14385,0.571212,59.89509,0,14514.1,-1.504611,60.11190,0,78.7865,2.524057,59.98718,0,98.375,0.400118,60.07694,0,54.6508,4.549062,60.15966,0,PMU
261,2.183333,14389.2,2.421495,60.05008,0,14468.1,0.328850,60.06178,0,14534.7,4.523186,59.86828,0,78.8175,2.278565,59.97552,0,97.5009,0.153989,59.96503,0,54.3629,4.300859,59.91145,0,PMU,14400.8,2.600831,60.02798,0,14453.3,0.508355,60.08127,0,14537.8,4.704106,59.87178,0,78.5802,2.454986,59.97086,0,98.0032,0.329888,59.91957,0,54.8393,4.477917,59.85433,0,PMU,14486.9,-0.551199,59.95337,0,14389.9,3.636965,59.90208,0,14520.8,1.560438,60.11390,0,78.8899,-0.693487,59.99417,0,98.3806,3.467147,60.05362,0,54.5956,1.335287,60.13755,0,PMU,14398.2,2.611998,60.02798,0,14449.8,0.519585,60.08276,0,14535.4,-1.567884,59.86944,0,78.838,2.466582,59.97785,0,98.1805,0.341423,59.92540,0,54.8603,4.490611,59.87644,0,PMU,14401.6,2.667644,60.01865,0,14443.4,0.575790,60.08743,0,14537.2,-1.511447,59.86945,0,78.7635,2.523386,59.98718,0,97.8131,0.394687,59.89626,0,54.8381,4.539116,59.81003,0,PMU
262,2.191667,14469.3,2.418018,59.93360,0,14392.1,0.324761,59.92190,0,14530.7,4.529228,60.11540,0,79.0221,2.278809,60.00466,0,97.7621,0.154843,60.01631,0,54.3238,4.304275,60.06524,0,PMU,14487.5,2.598511,59.95570,0,14390.5,0.503306,59.90358,0,14519.6,4.709965,60.11191,0,78.6865,2.455230,60.00466,0,98.4309,0.333122,60.06178,0,54.7019,4.485362,60.14217,0,PMU,14400.1,-0.549673,60.02914,0,14454.3,3.641115,60.07927,0,14538.1,1.553497,59.86744,0,78.8018,-0.693914,59.99184,0,98.1249,3.463485,59.93006,0,54.7077,1.328390,59.86828,0,PMU,14485.9,2.609862,59.95920,0,14386.9,0.514458,59.90208,0,14516,-1.561842,60.11540,0,78.8021,2.466826,60.00466,0,98.6636,0.344353,60.05595,0,54.7714,4.495554,60.09442,0,PMU,14490.3,2.665691,59.96270,0,14385.7,0.570297,59.89509,0,14514.8,-1.505588,60.11190,0,78.7543,2.522593,59.98485,0,98.31,0.399020,60.08276,0,54.6747,4.548879,60.18647,0,PMU
263,2.200000,14388.7,2.420580,60.04892,0,14467.4,0.327935,60.06061,0,14534.1,4.522270,59.86712,0,78.8651,2.277893,59.98251,0,97.4516,0.152890,59.96270,0,54.3179,4.299944,59.91728,0,PMU,14401.1,2.599976,60.02798,0,14453.3,0.507561,60.08127,0,14538.6,4.703251,59.87178,0,78.5697,2.454254,59.98135,0,98.0364,0.328972,59.92074,0,54.9086,4.476941,59.83918,0,PMU,14486.7,-0.551992,59.95571,0,14389.4,3.636049,59.90325,0,14520.5,1.559583,60.11624,0,78.78,-0.694890,59.98135,0,98.4314,3.466048,60.04896,0,54.6666,1.334555,60.11773,0,PMU,14399.3,2.611265,60.02681,0,14451.3,0.518853,60.08393,0,14536.3,-1.568617,59.87061,0,78.775,2.465606,59.97669,0,98.1543,0.340141,59.91957,0,54.7717,4.488474,59.86478,0,PMU,14402.2,2.666606,60.01749,0,14444,0.574813,60.08626,0,14538.5,-1.512423,59.86945,0,78.7742,2.522165,59.99184,0,97.8303,0.393527,59.89509,0,54.8848,4.537895,59.79022,0,PMU
264,2.208333,14469.7,2.417103,59.93360,0,14392.1,0.323845,59.92190,0,14530.9,4.528313,60.11540,0,79.0494,2.277771,59.99767,0,97.8019,0.154233,60.02565,0,54.3199,4.303237,60.06291,0,PMU,14487.8,2.597657,59.95570,0,14390.4,0.502513,59.90358,0,14520.6,4.709233,60.11424,0,78.6894,2.454437,60.00350,0,98.4942,0.332451,60.06644,0,54.6249,4.483775,60.13052,0,PMU,14400,-0.550528,60.02797,0,14454.1,3.640260,60.08043,0,14537.8,1.552704,59.86861,0,78.8388,-0.694768,60.00233,0,98.0359,3.462408,59.93048,0,54.6305,1.326864,59.85312,0,PMU,14487,2.609068,59.95804,0,14388,0.513726,59.90208,0,14516.9,-1.562635,60.11424,0,78.7818,2.465972,60.00699,0,98.5508,0.343498,60.06411,0,54.7697,4.495371,60.13172,0,PMU,14491,2.664653,59.96270,0,14386.4,0.569259,59.89392,0,14515.9,-1.506625,60.11073,0,78.7647,2.522165,60.00000,0,98.3013,0.398532,60.09558,0,54.6474,4.547475,60.18297,0,PMU
265,2.216667,14389.1,2.419664,60.04892,0,14467.8,0.327019,60.06061,0,14534.3,4.521416,59.86828,0,78.906,2.277344,59.99185,0,97.6425,0.152280,59.96270,0,54.387,4.299638,59.93127,0,PMU,14401.2,2.599183,60.02914,0,14453.4,0.506768,60.08127,0,14539.3,4.702458,59.87061,0,78.5721,2.453521,59.98251,0,98.046,0.328667,59.92773,0,54.8489,4.476575,59.86249,0,PMU,14487.3,-0.552847,59.95571,0,14390.3,3.635194,59.90325,0,14521.3,1.558668,60.11390,0,78.7621,-0.696416,59.96853,0,98.4426,3.464644,60.04271,0,54.6482,1.333761,60.13172,0,PMU,14400.5,2.610472,60.02681,0,14451.9,0.518059,60.08276,0,14537.4,-1.569410,59.87061,0,78.7419,2.464813,59.97785,0,98.104,0.339409,59.92190,0,54.8662,4.487864,59.85662,0,PMU,14403.1,2.665630,60.01865,0,14444.5,0.573776,60.08626,0,14538.9,-1.513461,59.86945,0,78.801,2.521616,59.98951,0,97.9372,0.392795,59.89043,0,54.8767,4.537468,59.80887,0,PMU
266,2.225000,14470.4,2.416248,59.93476,0,14393.4,0.322991,59.92307,0,14531.8,4.527458,60.11540,0,79.0538,2.276551,59.98485,0,97.7797,0.152951,60.01282,0,54.3602,4.302017,60.04542,0,PMU,14488.3,2.596924,59.95687,0,14390.9,0.501719,59.90358,0,14521.2,4.708439,60.11424,0,78.753,2.453826,60.00583,0,98.5337,0.331841,60.06062,0,54.6704,4.482737,60.11769,0,PMU,14400.2,-0.551382,60.02797,0,14454.6,3.639406,60.08043,0,14538.5,1.551849,59.86978,0,78.732,-0.696355,60.00117,0,97.985,3.460943,59.92932,0,54.6933,1.325461,59.84147,0,PMU,14488.2,2.608214,59.95687,0,14388.3,0.512932,59.90208,0,14518.5,-1.563368,60.11540,0,78.7435,2.465240,60.00816,0,98.599,0.342827,60.06528,0,54.711,4.493662,60.11074,0,PMU,14491.6,2.663677,59.96270,0,14387,0.568222,59.89392,0,14516.6,-1.507602,60.11190,0,78.793,2.521433,59.99650,0,98.4315,0.397250,60.08509,0,54.6859,4.546560,60.17365,0,PMU
267,2.233333,14389.9,2.418873,60.05012,0,14468.8,0.326226,60.06178,0,14535.6,4.520561,59.86828,0,78.8905,2.276185,59.99301,0,97.4763,0.150937,59.96153,0,54.3094,4.297868,59.92078,0,PMU,14401.7,2.598450,60.02914,0,14454.6,0.506036,60.08243,0,14539.8,4.701725,59.87178,0,78.6027,2.453277,59.98951,0,98.0304,0.327446,59.91607,0,54.7107,4.474499,59.84267,0,PMU,14486.8,-0.553823,59.95338,0,14389.8,3.634340,59.90325,0,14521.6,1.557813,60.11390,0,78.8626,-0.696843,59.99067,0,98.3663,3.463851,60.05553,0,54.567,1.331747,60.12006,0,PMU,14402,2.609618,60.02681,0,14453.1,0.517266,60.08276,0,14538.7,-1.570204,59.86944,0,78.7662,2.464141,59.97902,0,98.1851,0.338737,59.92190,0,54.8607,4.487620,59.88460,0,PMU,14403.7,2.664714,60.01982,0,14445.4,0.572799,60.08743,0,14539.3,-1.514376,59.87061,0,78.8036,2.520334,59.97902,0,97.7969,0.391452,59.88927,0,54.8012,4.536796,59.81353,0,PMU
268,2.241667,14470.4,2.415333,59.93239,0,14393.7,0.322136,59.92190,0,14532.2,4.526604,60.11540,0,78.9818,2.274842,59.97435,0,97.7065,0.151669,60.01399,0,54.2803,4.300920,60.05828,0,PMU,14488.2,2.596192,59.95687,0,14391.2,0.501048,59.90475,0,14521.2,4.707707,60.11424,0,78.7086,2.452850,59.99184,0,98.2835,0.330559,60.05945,0,54.5666,4.483164,60.16549,0,PMU,14400.4,-0.552297,60.02914,0,14454.9,3.638490,60.07927,0,14538.4,1.550934,59.86861,0,78.8158,-0.697027,59.99650,0,98.0709,3.460394,59.93398,0,54.6572,1.325461,59.87994,0,PMU,14489.6,2.607481,59.95920,0,14390,0.512200,59.90325,0,14520.1,-1.564100,60.11657,0,78.783,2.464691,60.01049,0,98.6012,0.341972,60.06178,0,54.777,4.492503,60.09325,0,PMU,14492.4,2.662761,59.96270,0,14387.2,0.567306,59.89509,0,14517.1,-1.508517,60.11190,0,78.8003,2.520273,59.99883,0,98.2742,0.396212,60.09092,0,54.6305,4.546682,60.18880,0,PMU
269,2.250000,14390.6,2.417957,60.05012,0,14469.3,0.325371,60.06178,0,14536.5,4.519646,59.86711,0,78.8448,2.275086,60.00466,0,97.3915,0.149716,59.96270,0,54.3176,4.297075,59.92656,0,PMU,14401.3,2.597718,60.02914,0,14454.5,0.505364,60.08243,0,14540.3,4.700993,59.87178,0,78.5895,2.452606,59.99534,0,97.8585,0.326714,59.92656,0,54.7426,4.473828,59.82169,0,PMU,14487.2,-0.554678,59.95454,0,14390,3.633486,59.90441,0,14522.1,1.556959,60.11507,0,78.8889,-0.697271,59.99534,0,98.4137,3.463202,60.05362,0,54.6259,1.330649,60.09908,0,PMU,14402.6,2.608946,60.02798,0,14453.9,0.516534,60.08276,0,14539.2,4.712285,59.87012,0,78.7245,2.463409,59.97552,0,98.0558,0.337761,59.91957,0,54.7522,4.485850,59.87294,0,PMU,14403.7,2.663738,60.01865,0,14445.2,0.571823,60.08626,0,14539.1,-1.515353,59.86945,0,78.7947,2.519053,59.97669,0,97.7909,0.390231,59.88577,0,54.7741,4.535698,59.79022,0,PMU
270,2.258333,14470.7,2.414478,59.93356,0,14394.2,0.321304,59.92232,0,14532.9,4.525749,60.11657,0,78.9727,2.274293,59.98485,0,97.6962,0.151181,60.02798,0,54.294,4.300432,60.06411,0,PMU,14488.3,2.595399,59.95570,0,14390.8,0.500255,59.90242,0,14521.3,4.706974,60.11424,0,78.7224,2.451934,59.98718,0,98.2878,0.329827,60.05945,0,54.5126,4.481455,60.14567,0,PMU,14400.5,-0.553152,60.02914,0,14454.9,3.637636,60.07927,0,14538.4,1.550079,59.86861,0,78.7831,-0.698064,59.98485,0,98.0482,3.459418,59.92773,0,54.5718,1.323752,59.86828,0,PMU,14490.2,2.606749,59.95804,0,14390.6,0.511468,59.90325,0,14520.8,-1.564832,60.11590,0,78.7393,2.463836,60.00816,0,98.5355,0.341240,60.06644,0,54.702,4.492381,60.12473,0,PMU,14492.4,2.661662,59.96037,0,14387.5,0.566274,59.89403,0,14517.2,-1.509555,60.11074,0,78.7685,2.519297,60.00466,0,98.23,0.395053,60.09209,0,54.5678,4.545339,60.18414,0,PMU
271,2.266667,14390.7,2.417103,60.05012,0,14469.5,0.324456,60.06019,0,14536.7,4.518791,59.86711,0,78.835,2.274171,59.99767,0,97.5383,0.149106,59.96037,0,54.3663,4.297136,59.93705,0,PMU,14401.4,2.596863,60.02798,0,14454.5,0.504527,60.08160,0,14540.1,4.700139,59.86944,0,78.631,2.451812,59.99767,0,97.8897,0.325981,59.92656,0,54.7132,4.473523,59.84850,0,PMU,14487.1,-0.555532,59.95454,0,14390.5,3.632631,59.90441,0,14522.2,1.556043,60.11390,0,78.8112,-0.698675,59.98834,0,98.357,3.462103,60.05129,0,54.5721,1.330710,60.13289,0,PMU,14402.5,2.608153,60.02681,0,14454.3,0.515740,60.08160,0,14539.5,4.711491,59.86895,0,78.6965,2.462737,59.97902,0,98.169,0.337090,59.92073,0,54.8216,4.484995,59.85895,0,PMU,14404.1,2.662700,60.01982,0,14446.1,0.570785,60.08615,0,14539.7,-1.516391,59.86944,0,78.7921,2.518015,59.97552,0,97.7702,0.389499,59.89392,0,54.7713,4.535881,59.81936,0,PMU
272,2.275000,14470.4,2.413624,59.93356,0,14393,0.320388,59.92232,0,14532.9,4.524834,60.11540,0,78.9415,2.273133,59.98018,0,97.6273,0.150143,60.01982,0,54.3464,4.299760,60.05012,0,PMU,14488.3,2.594544,59.95570,0,14391.3,0.499400,59.90208,0,14521.6,4.706120,60.11424,0,78.7345,2.451019,59.98485,0,98.3895,0.328972,60.05712,0,54.6201,4.480723,60.13751,0,PMU,14400.5,-0.554006,60.02914,0,14455.3,3.636842,60.08043,0,14538.9,1.549225,59.86978,0,78.7461,-0.699102,59.99184,0,97.904,3.458380,59.92889,0,54.6508,1.323080,59.85429,0,PMU,14489.6,2.605833,59.95570,0,14390.4,0.510552,59.90092,0,14520.7,-1.565748,60.11357,0,78.7149,2.462982,60.00466,0,98.5807,0.340263,60.06062,0,54.6368,4.490488,60.10491,0,PMU,14492.9,2.660686,59.96153,0,14387.9,0.565298,59.89520,0,14517.4,-1.510592,60.11074,0,78.7958,2.518564,60.01049,0,98.2531,0.394381,60.09325,0,54.631,4.545034,60.17481,0,PMU
273,2.283333,14390.7,2.416187,60.04896,0,14464.9,0.323296,60.05553,0,14536.3,4.517815,59.86595,0,78.8676,2.273499,60.00699,0,97.2575,0.148007,59.95920,0,54.335,4.296098,59.93006,0,PMU,14401.6,2.596070,60.02914,0,14455.1,0.503734,60.08276,0,14540.7,4.699345,59.87061,0,78.6379,2.451141,60.00233,0,97.9262,0.325371,59.93122,0,54.6984,4.472424,59.84151,0,PMU,14487,-0.556387,59.95454,0,14390.2,3.631777,59.90325,0,14522.2,1.555206,60.11424,0,78.8536,-0.699468,59.99301,0,98.3437,3.461554,60.06061,0,54.543,1.329245,60.11773,0,PMU,14402,2.607237,60.02681,0,14454,0.514764,60.08043,0,14539.1,4.710514,59.86778,0,78.6881,2.461700,59.97552,0,98.1213,0.336174,59.92190,0,54.8078,4.484995,59.89509,0,PMU,14403.9,2.661662,60.01865,0,14446,0.569748,60.08499,0,14538.7,-1.517428,59.86944,0,78.753,2.516672,59.96386,0,97.6425,0.388766,59.89276,0,54.7436,4.534843,59.80537,0,PMU
274,2.291667,14469.6,2.412647,59.93239,0,14388.4,0.319046,59.91882,0,14532.2,4.523857,60.11540,0,79.0042,2.272401,59.97902,0,97.5974,0.149655,60.03147,0,54.3083,4.299028,60.05595,0,PMU,14488.9,2.593812,59.95687,0,14391.8,0.498668,59.90325,0,14522.2,4.705327,60.11424,0,78.7012,2.450364,59.98517,0,98.3617,0.328423,60.05828,0,54.6334,4.481272,60.16898,0,PMU,14400.5,-0.554861,60.02914,0,14455.4,3.635927,60.07927,0,14538.5,1.548309,59.86828,0,78.8997,-0.699773,59.99417,0,98.0516,3.457648,59.92540,0,54.6866,1.323569,59.89159,0,PMU,14489.5,2.604920,59.95575,0,14390.3,0.509637,59.90208,0,14520.7,-1.566725,60.11357,0,78.7188,2.462188,60.00933,0,98.5679,0.339287,60.05945,0,54.7175,4.489817,60.09209,0,PMU,14492.2,2.659587,59.96037,0,14387.7,0.564138,59.89287,0,14516.8,-1.511752,60.10841,0,78.7803,2.517344,60.01282,0,98.2893,0.393954,60.09908,0,54.6729,4.544546,60.18530,0,PMU
275,2.300000,14390.3,2.415150,60.04779,0,14463.8,0.322075,60.05786,0,14535.7,4.516838,59.86595,0,78.8807,2.272584,60.00350,0,97.4586,0.147641,59.96153,0,54.3475,4.295183,59.92656,0,PMU,14402,2.595399,60.03031,0,14455.6,0.503001,60.08276,0,14540.9,4.698613,59.87177,0,78.6134,2.450714,60.00667,0,97.9924,0.324883,59.93239,0,54.7465,4.471692,59.81703,0,PMU,14486.6,-0.557241,59.95454,0,14391.1,3.630983,59.90558,0,14522.5,1.554291,60.11424,0,78.9556,-0.700567,59.98485,0,98.3303,3.460699,60.05828,0,54.709,1.329367,60.11074,0,PMU,14402.2,2.606322,60.02677,0,14454.1,0.513848,60.08043,0,14538.8,4.709599,59.86895,0,78.6542,2.460601,59.96969,0,98.072,0.335075,59.91957,0,54.7649,4.483531,59.87994,0,PMU,14403.5,2.660503,60.01748,0,14445.6,0.568527,60.08382,0,14538.7,-1.518649,59.86828,0,78.7717,2.515635,59.96736,0,97.8773,0.388278,59.89159,0,54.8363,4.533989,59.79838,0,PMU
276,2.308333,14469.2,2.411610,59.93239,0,14388.3,0.318008,59.92232,0,14531.8,4.522881,60.11540,0,78.9835,2.271607,59.98135,0,97.7681,0.149167,60.02914,0,54.3139,4.297929,60.05246,0,PMU,14488.3,2.593079,59.95570,0,14391.7,0.497996,59.90441,0,14522.3,4.704655,60.11540,0,78.6755,2.449815,59.98284,0,98.3516,0.327751,60.05479,0,54.5573,4.479565,60.15037,0,PMU,14400.5,-0.555654,60.03031,0,14455.7,3.635133,60.07927,0,14538.8,1.547516,59.87061,0,78.8947,-0.700750,59.99650,0,97.937,3.456854,59.92656,0,54.7055,1.322592,59.87061,0,PMU,14489.3,2.604004,59.95575,0,14390.4,0.508721,59.90208,0,14520.2,-1.567640,60.11357,0,78.6703,2.460845,60.00466,0,98.4833,0.338371,60.06295,0,54.6907,4.489817,60.12006,0,PMU,14491.6,2.658367,59.95920,0,14387.5,0.562917,59.89287,0,14516.8,-1.512912,60.10957,0,78.8026,2.516428,60.01515,0,98.5197,0.393222,60.09442,0,54.6558,4.542898,60.17015,0,PMU
277,2.316667,14389.8,2.414173,60.04896,0,14463.6,0.321121,60.05945,0,14535.1,4.515862,59.86595,0,78.8649,2.271790,60.00350,0,97.5789,0.146420,59.94754,0,54.3649,4.294450,59.93356,0,PMU,14401.6,2.594666,60.03031,0,14455.7,0.502269,60.08160,0,14540.5,4.697819,59.86944,0,78.6243,2.450059,60.00466,0,97.9082,0.324272,59.93356,0,54.7036,4.471753,59.85079,0,PMU,14486.7,-0.558096,59.95337,0,14391,3.630068,59.90325,0,14522.2,1.553436,60.11307,0,78.8581,-0.701299,59.98951,0,98.4429,3.460150,60.06295,0,54.6584,1.328451,60.11190,0,PMU,14401.9,2.605408,60.02681,0,14453.6,0.512932,60.08043,0,14538.4,4.708683,59.86895,0,78.5889,2.459442,59.97319,0,98.0312,0.334099,59.91840,0,54.8308,4.482493,59.86012,0,PMU,14403.2,2.659343,60.01865,0,14445.5,0.567306,60.08382,0,14538.4,-1.519748,59.86944,0,78.7735,2.514719,59.96736,0,98.0219,0.387424,59.88926,0,54.7795,4.533501,59.82053,0,PMU
278,2.325000,14468.7,2.410694,59.93356,0,14387.8,0.317092,59.92307,0,14531.6,4.521904,60.11540,0,78.9748,2.270386,59.97319,0,97.6369,0.147458,60.01982,0,54.3337,4.297014,60.04896,0,PMU,14487.8,2.592286,59.95454,0,14391,0.497203,59.90325,0,14521.9,4.703801,60.11424,0,78.7218,2.449327,59.98601,0,98.3559,0.327019,60.05246,0,54.6572,4.478711,60.13289,0,PMU,14400.1,-0.556570,60.02914,0,14455.4,3.634218,60.07926,0,14538.7,1.546600,59.86944,0,78.884,-0.701604,59.99417,0,97.9979,3.456183,59.92423,0,54.7529,1.321982,59.87644,0,PMU,14488.6,2.603028,59.95454,0,14389.7,0.507806,59.90208,0,14519.8,-1.568617,60.11240,0,78.6425,2.460357,60.01749,0,98.3922,0.337456,60.06411,0,54.597,4.487925,60.10375,0,PMU,14491.6,2.657268,59.96037,0,14387.3,0.561819,59.89520,0,14516.7,-1.514071,60.10841,0,78.836,2.515696,60.01865,0,98.4997,0.391940,60.08626,0,54.6595,4.541740,60.15737,0,PMU
279,2.333333,14389.2,2.413197,60.04779,0,14463,0.320205,60.05945,0,14535.1,4.514885,59.86595,0,78.85,2.270508,60.00233,0,97.3612,0.145139,59.95570,0,54.3401,4.293169,59.92656,0,PMU,14400.9,2.593812,60.02914,0,14455.2,0.501414,60.08043,0,14539.6,4.696982,59.86978,0,78.788,2.449998,60.01282,0,97.8973,0.323418,59.93123,0,54.6394,4.470532,59.84380,0,PMU,14486,-0.559011,59.95337,0,14390.5,3.629213,59.90442,0,14522.1,1.552521,60.11307,0,78.8737,-0.702825,59.97669,0,98.3485,3.459479,60.06295,0,54.6136,1.327353,60.10258,0,PMU,14401.3,2.604432,60.02681,0,14452.5,0.511956,60.07927,0,14537.5,4.707707,59.86895,0,78.6073,2.458831,59.97086,0,98.0293,0.333366,59.92190,0,54.8132,4.482554,59.89742,0,PMU,14403.3,2.658305,60.01982,0,14446,0.566274,60.08509,0,14538.3,-1.520846,59.87061,0,78.7455,2.513865,59.96503,0,97.8253,0.385959,59.88576,0,54.7322,4.532158,59.81699,0,PMU
280,2.341667,14468.3,2.409718,59.93356,0,14387.1,0.316055,59.92073,0,14531.6,4.520989,60.11657,0,78.9726,2.269227,59.97552,0,97.6526,0.146786,60.03147,0,54.3031,4.296037,60.05479,0,PMU,14487.4,2.591431,59.95454,0,14390.4,0.496348,59.90325,0,14521.1,4.703007,60.11507,0,78.7605,2.448167,59.96503,0,98.2368,0.326103,60.05129,0,54.5919,4.478772,60.15737,0,PMU,14400.2,-0.557424,60.03031,0,14455.2,3.633363,60.07926,0,14538.6,1.545746,59.87061,0,78.8542,-0.702581,60.00466,0,97.9656,3.455267,59.91957,0,54.7271,1.321738,59.89276,0,PMU,14488.2,2.602051,59.95454,0,14389.2,0.506768,59.90092,0,14519.5,-1.569593,60.11240,0,78.6952,2.459564,60.01399,0,98.5364,0.336662,60.06295,0,54.691,4.487437,60.09325,0,PMU,14491.2,2.656169,59.95920,0,14387.2,0.560781,59.89509,0,14516.3,-1.515170,60.10841,0,78.7762,2.514536,60.01282,0,98.3115,0.390658,60.08976,0,54.6404,4.541069,60.17019,0,PMU
281,2.350000,14389.4,2.412220,60.04779,0,14462.8,0.319168,60.05945,0,14534.7,4.513909,59.86478,0,78.8908,2.270081,60.01632,0,97.4097,0.144467,59.95570,0,54.336,4.292131,59.92540,0,PMU,14400.2,2.592835,60.02681,0,14454.5,0.500499,60.07927,0,14538.7,4.696067,59.86744,0,78.7024,2.448411,60.00466,0,97.8788,0.322747,59.93589,0,54.6865,4.469678,59.82631,0,PMU,14485.8,-0.559866,59.95337,0,14390.7,3.628359,59.90442,0,14522.2,1.551605,60.11191,0,78.8947,-0.703130,59.98951,0,98.3627,3.458868,60.06878,0,54.6906,1.326864,60.09791,0,PMU,14400.9,2.603516,60.02798,0,14452.3,0.510979,60.08043,0,14537.2,4.706791,59.87012,0,78.5838,2.457794,59.96620,0,98.0755,0.332512,59.92074,0,54.7567,4.480723,59.87177,0,PMU,14402.9,2.657207,60.01982,0,14445.5,0.565237,60.08509,0,14538.4,-1.521945,59.87061,0,78.68,2.512844,59.96769,0,97.8114,0.384555,59.88343,0,54.7666,4.531303,59.81349,0,PMU
282,2.358333,14467.9,2.408741,59.93356,0,14387.3,0.315139,59.92307,0,14531.7,4.520012,60.11657,0,78.9856,2.268677,59.97319,0,97.7331,0.146359,60.03614,0,54.2825,4.294878,60.05246,0,PMU,14486.9,2.590394,59.95337,0,14389.9,0.495372,59.90208,0,14520.8,4.702031,60.11390,0,78.8899,2.448106,59.99417,0,98.3806,0.325554,60.05362,0,54.5956,4.476880,60.13755,0,PMU,14399.7,-0.558279,60.03031,0,14455,3.632570,60.08043,0,14538.7,1.544953,59.87294,0,78.8761,-0.703374,59.99534,0,98.0069,3.454535,59.91724,0,54.6745,1.320517,59.87877,0,PMU,14487.6,2.601136,59.95454,0,14388.9,0.505852,59.90208,0,14519,-1.570509,60.11240,0,78.6522,2.458343,60.01049,0,98.5032,0.335869,60.06411,0,54.6414,4.487498,60.12939,0,PMU,14491.2,2.655071,59.95920,0,14386.9,0.559683,59.89392,0,14516.3,-1.516208,60.10957,0,78.7504,2.513315,60.00899,0,98.2579,0.389377,60.09209,0,54.6107,4.539543,60.15737,0,PMU
283,2.366667,14388.8,2.411243,60.04779,0,14462.6,0.318313,60.06061,0,14534.4,4.512993,59.86595,0,78.8849,2.269471,60.01515,0,97.5298,0.143613,59.94754,0,54.3563,4.291643,59.93822,0,PMU,14400.1,2.591920,60.02914,0,14454.3,0.499522,60.07927,0,14538.1,4.695090,59.86744,0,78.8018,2.447679,59.99184,0,98.1249,0.321892,59.93006,0,54.7077,4.469983,59.86828,0,PMU,14485.1,-0.560659,59.95454,0,14389.8,3.627565,59.90442,0,14521.1,1.550812,60.11191,0,78.8041,-0.704046,59.98718,0,98.268,3.457892,60.06411,0,54.5919,1.326132,60.10724,0,PMU,14400.9,2.602540,60.02681,0,14452.5,0.510064,60.08043,0,14537.5,4.705815,59.86895,0,78.5854,2.456634,59.96736,0,98.2034,0.331902,59.92424,0,54.8837,4.479932,59.85550,0,PMU,14402.7,2.656108,60.01982,0,14445.5,0.564138,60.08509,0,14538,-1.523043,59.86944,0,78.6576,2.511746,59.97003,0,97.8077,0.383822,59.89392,0,54.7398,4.530632,59.82981,0,PMU
284,2.375000,14467.7,2.407887,59.93589,0,14387,0.314285,59.92307,0,14531.8,4.519097,60.11657,0,78.9626,2.267518,59.96270,0,97.6121,0.144772,60.02215,0,54.3306,4.294267,60.05012,0,PMU,14486.7,2.589601,59.95571,0,14389.4,0.494456,59.90325,0,14520.5,4.701176,60.11624,0,78.78,2.446702,59.98135,0,98.4314,0.324456,60.04896,0,54.6666,4.476147,60.11773,0,PMU,14399,-0.559133,60.02914,0,14454.5,3.631715,60.07926,0,14538.4,1.544037,59.87061,0,78.8381,-0.704046,60.00000,0,97.8974,3.453619,59.91840,0,54.7244,1.319601,59.87528,0,PMU,14487.4,2.600220,59.95570,0,14389.3,0.504937,59.90208,0,14519.3,4.711735,60.11307,0,78.7035,2.457305,60.01282,0,98.709,0.335136,60.06178,0,54.6731,4.486033,60.11653,0,PMU,14490.7,2.654033,59.96037,0,14387,0.558584,59.89392,0,14515.9,-1.517367,60.10841,0,78.7355,2.512478,60.01399,0,98.3579,0.388034,60.08043,0,54.6071,4.537895,60.13872,0,PMU
285,2.383333,14388.5,2.410389,60.04779,0,14462.9,0.317520,60.06178,0,14534.2,4.512078,59.86595,0,78.8804,2.268433,60.01749,0,97.3466,0.142270,59.95221,0,54.3366,4.290300,59.92423,0,PMU,14400,2.591065,60.02797,0,14454.1,0.498668,60.08043,0,14537.8,4.694297,59.86861,0,78.8388,2.446824,60.00233,0,98.0359,0.320816,59.93048,0,54.6305,4.468457,59.85312,0,PMU,14484.6,-0.561575,59.95337,0,14389.9,3.626650,59.90325,0,14521.3,1.549896,60.11191,0,78.9513,-0.705144,59.97902,0,98.3746,3.457159,60.06761,0,54.6261,1.325094,60.10491,0,PMU,14400.9,2.601624,60.02681,0,14453.1,0.509148,60.08043,0,14538,4.704899,59.86944,0,78.6251,2.455902,59.97319,0,98.2088,0.331047,59.92190,0,54.9421,4.480113,59.88693,0,PMU,14402.2,2.655010,60.01865,0,14445.6,0.563039,60.08509,0,14538.1,-1.524142,59.87061,0,78.6217,2.510891,59.96969,0,97.7128,0.382358,59.89159,0,54.6853,4.529167,59.83331,0,PMU
286,2.391667,14467,2.406971,59.93472,0,14386.7,0.313430,59.92190,0,14532,4.518181,60.11657,0,78.9459,2.266297,59.95920,0,97.7091,0.144345,60.03963,0,54.3143,4.293352,60.05828,0,PMU,14487.3,2.588746,59.95571,0,14390.3,0.493602,59.90325,0,14521.3,4.700261,60.11390,0,78.7621,2.445176,59.96853,0,98.4426,0.323052,60.04271,0,54.6482,4.475354,60.13172,0,PMU,14399.1,-0.559988,60.03031,0,14455.1,3.630861,60.08043,0,14538.8,1.543183,59.87178,0,79.0049,-0.705571,59.99184,0,98.0383,3.453131,59.92306,0,54.7821,1.319052,59.88460,0,PMU,14487.9,2.599366,59.95687,0,14390.2,0.504100,59.90358,0,14519.9,4.710820,60.11307,0,78.7362,2.456512,60.01166,0,98.5698,0.334099,60.05828,0,54.7669,4.485545,60.10375,0,PMU,14490.6,2.652934,59.96037,0,14387,0.557546,59.89509,0,14516.2,-1.518466,60.10841,0,78.7438,2.511380,60.00933,0,98.3096,0.386996,60.08859,0,54.6254,4.537529,60.15970,0,PMU
287,2.400000,14388.7,2.409534,60.04896,0,14463.5,0.316604,60.06062,0,14534.7,4.511240,59.86744,0,78.9255,2.267823,60.02914,0,97.5106,0.141965,59.95454,0,54.3762,4.289262,59.92190,0,PMU,14400.2,2.590211,60.02797,0,14454.6,0.497813,60.08043,0,14538.5,4.693442,59.86978,0,78.732,2.445237,60.00117,0,97.985,0.319351,59.92932,0,54.6933,4.467053,59.84147,0,PMU,14485.1,-0.562368,59.95454,0,14390.8,3.625856,59.90442,0,14522.4,1.549103,60.11307,0,79.0229,-0.706121,59.98951,0,98.4732,3.456427,60.06295,0,54.7237,1.323996,60.09442,0,PMU,14400.8,2.600831,60.02798,0,14453.3,0.508355,60.08127,0,14537.8,4.704106,59.87178,0,78.5802,2.454986,59.97086,0,98.0032,0.329888,59.91957,0,54.8393,4.477917,59.85433,0,PMU,14402.5,2.653972,60.01982,0,14444.8,0.561941,60.08393,0,14538.3,-1.525177,59.87182,0,78.6633,2.510098,59.97552,0,97.9572,0.380893,59.88343,0,54.7887,4.528435,59.82631,0,PMU
288,2.408333,14467.7,2.406178,59.93589,0,14387.3,0.312637,59.92423,0,14532.7,4.517449,60.11857,0,78.9194,2.265748,59.96037,0,97.9123,0.144284,60.04430,0,54.3147,4.292192,60.05595,0,PMU,14486.8,2.587769,59.95338,0,14389.8,0.492747,59.90325,0,14521.6,4.699406,60.11390,0,78.8626,2.444749,59.99067,0,98.3663,0.322258,60.05553,0,54.567,4.473340,60.12006,0,PMU,14399.9,-0.560720,60.03147,0,14456.3,3.630129,60.08160,0,14540.5,1.542450,59.87294,0,79.0151,-0.706731,59.98835,0,98.1386,3.452093,59.91724,0,54.7167,1.317282,59.87178,0,PMU,14487.5,2.598511,59.95570,0,14390.5,0.503306,59.90358,0,14519.6,4.709965,60.11191,0,78.6865,2.455230,60.00466,0,98.4309,0.333122,60.06178,0,54.7019,4.485362,60.14217,0,PMU,14490.6,2.651897,59.96037,0,14386.2,0.556448,59.89509,0,14515.8,-1.519442,60.10953,0,78.7606,2.510159,60.00117,0,98.4844,0.385531,60.08859,0,54.6298,4.536125,60.14688,0,PMU
289,2.416667,14389,2.408802,60.05012,0,14464.2,0.315872,60.06178,0,14534.8,4.510508,59.86744,0,78.8915,2.266724,60.01865,0,97.6837,0.141354,59.94405,0,54.3759,4.288774,59.93472,0,PMU,14400.4,2.589295,60.02914,0,14454.9,0.496898,60.07927,0,14538.4,4.692527,59.86861,0,78.8158,2.444566,59.99650,0,98.0709,0.318801,59.93398,0,54.6572,4.467053,59.87994,0,PMU,14486.3,-0.563039,59.95570,0,14391.6,3.625185,59.90558,0,14523.2,1.548431,60.11424,0,78.9682,-0.707219,59.99067,0,98.4276,3.455023,60.05595,0,54.6322,1.323080,60.11073,0,PMU,14401.1,2.599976,60.02798,0,14453.3,0.507561,60.08127,0,14538.6,4.703251,59.87178,0,78.5697,2.454254,59.98135,0,98.0364,0.328972,59.92074,0,54.9086,4.476941,59.83918,0,PMU,14402.2,2.652995,60.02098,0,14444.8,0.560964,60.08626,0,14537.7,-1.526215,59.87065,0,78.6665,2.509243,59.98251,0,97.9756,0.380038,59.89509,0,54.783,4.528007,59.84496,0,PMU
290,2.425000,14468.8,2.405506,59.93705,0,14388,0.311966,59.92540,0,14533.1,4.516777,60.11974,0,78.9018,2.264588,59.95920,0,97.7058,0.142331,60.01865,0,54.3469,4.291887,60.05945,0,PMU,14487.2,2.586915,59.95454,0,14390,0.491893,59.90441,0,14522.1,4.698552,60.11507,0,78.8889,2.444322,59.99534,0,98.4137,0.321609,60.05362,0,54.6259,4.472241,60.09908,0,PMU,14400.2,-0.561453,60.03031,0,14456.6,3.629396,60.08043,0,14540.8,1.541718,59.87178,0,79.0001,-0.707463,59.99534,0,98.0294,3.451056,59.92424,0,54.7426,1.316245,59.86945,0,PMU,14487.8,2.597657,59.95570,0,14390.4,0.502513,59.90358,0,14520.6,4.709233,60.11424,0,78.6894,2.454437,60.00350,0,98.4942,0.332451,60.06644,0,54.6249,4.483775,60.13052,0,PMU,14490.1,2.650859,59.95921,0,14385.8,0.555410,59.89392,0,14515.3,-1.520480,60.10953,0,78.7957,2.509121,59.99767,0,98.4511,0.384006,60.07577,0,54.6735,4.535332,60.13988,0,PMU
291,2.433333,14389.2,2.408131,60.05012,0,14464.6,0.315261,60.06295,0,14534.8,4.509836,59.86744,0,78.9111,2.265931,60.02565,0,97.3655,0.139829,59.95221,0,54.3435,4.287676,59.91957,0,PMU,14400.5,2.588441,60.02914,0,14454.9,0.496043,60.07927,0,14538.4,4.691672,59.86861,0,78.7831,2.443528,59.98485,0,98.0482,0.317825,59.92773,0,54.5718,4.465344,59.86828,0,PMU,14486.2,-0.563833,59.95454,0,14391.7,3.624392,59.90441,0,14523.3,1.547638,60.11307,0,78.9764,-0.708013,59.98951,0,98.439,3.454230,60.06061,0,54.5847,1.321738,60.10491,0,PMU,14401.2,2.599183,60.02914,0,14453.4,0.506768,60.08127,0,14539.3,4.702458,59.87061,0,78.5721,2.453521,59.98251,0,98.046,0.328667,59.92773,0,54.8489,4.476575,59.86249,0,PMU,14401.9,2.651958,60.02098,0,14444.3,0.559927,60.08626,0,14537.2,-1.527253,59.87065,0,78.6682,2.508389,59.98601,0,97.7508,0.378469,59.89426,0,54.7532,4.526909,59.83914,0,PMU
292,2.441667,14468.5,2.404835,59.93705,0,14388.9,0.311294,59.92423,0,14533.3,4.515984,60.11741,0,78.8436,2.263550,59.95454,0,97.6864,0.141476,60.03147,0,54.2766,4.290971,60.06295,0,PMU,14487.1,2.586060,59.95454,0,14390.5,0.491038,59.90441,0,14522.2,4.697636,60.11390,0,78.8112,2.442918,59.98834,0,98.357,0.320510,60.05129,0,54.5721,4.472302,60.13289,0,PMU,14400.7,-0.562307,60.02914,0,14457.4,3.628542,60.07927,0,14541.1,1.540863,59.87061,0,78.9989,-0.708318,59.99417,0,98.0221,3.450202,59.92307,0,54.7314,1.315939,59.88926,0,PMU,14488.3,2.596924,59.95687,0,14390.9,0.501719,59.90358,0,14521.2,4.708439,60.11424,0,78.753,2.453826,60.00583,0,98.5337,0.331841,60.06062,0,54.6704,4.482737,60.11769,0,PMU,14490,2.649822,59.95920,0,14385.2,0.554373,59.89392,0,14514.9,-1.521518,60.10953,0,78.7541,2.508023,59.99301,0,98.4241,0.382968,60.08593,0,54.6437,4.534721,60.14921,0,PMU
293,2.450000,14389.8,2.407459,60.05012,0,14465.9,0.314529,60.06178,0,14535.3,4.509165,59.86977,0,78.9269,2.265015,60.02798,0,97.3972,0.138913,59.95104,0,54.349,4.287309,59.93006,0,PMU,14400.5,2.587586,60.02914,0,14455.3,0.495250,60.08043,0,14538.9,4.690818,59.86978,0,78.7461,2.442491,59.99184,0,97.904,0.316787,59.92889,0,54.6508,4.464673,59.85429,0,PMU,14486.5,-0.564687,59.95454,0,14392.3,3.623537,59.90441,0,14523.5,1.546784,60.11307,0,78.9941,-0.708379,59.99883,0,98.4232,3.453375,60.06061,0,54.7012,1.321433,60.10491,0,PMU,14401.7,2.598450,60.02914,0,14454.6,0.506036,60.08243,0,14539.8,4.701725,59.87178,0,78.6027,2.453277,59.98951,0,98.0304,0.327446,59.91607,0,54.7107,4.474499,59.84267,0,PMU,14401.4,2.650859,60.01982,0,14444.2,0.558767,60.08393,0,14536.9,-1.528351,59.86948,0,78.6735,2.507534,59.99067,0,97.9346,0.377675,59.89892,0,54.7758,4.525627,59.82632,0,PMU
294,2.458333,14468.9,2.404163,59.93705,0,14390,0.310684,59.92656,0,14533.2,4.515312,60.11741,0,78.8583,2.263550,59.97202,0,97.7978,0.140683,60.03380,0,54.2977,4.290544,60.06178,0,PMU,14487,2.585206,59.95454,0,14390.2,0.490184,59.90325,0,14522.2,4.696799,60.11424,0,78.8536,2.442125,59.99301,0,98.3437,0.319961,60.06061,0,54.543,4.470837,60.11773,0,PMU,14400.6,-0.563101,60.03031,0,14457.9,3.627748,60.08043,0,14541.4,1.540009,59.87061,0,78.9744,-0.709233,59.98368,0,98.0038,3.449530,59.92657,0,54.6951,1.314536,59.86828,0,PMU,14488.2,2.596192,59.95687,0,14391.2,0.501048,59.90475,0,14521.2,4.707707,60.11424,0,78.7086,2.452850,59.99184,0,98.2835,0.330559,60.05945,0,54.5666,4.483164,60.16549,0,PMU,14489,2.648662,59.95804,0,14384.6,0.553274,59.89509,0,14514.2,-1.522616,60.10953,0,78.7547,2.506619,59.98251,0,98.461,0.382480,60.09176,0,54.5974,4.533012,60.14104,0,PMU
295,2.466667,14389.5,2.406727,60.04896,0,14467.5,0.313919,60.06178,0,14534.8,4.508432,59.86860,0,78.8955,2.264161,60.01166,0,97.5808,0.138564,59.95953,0,54.3781,4.286699,59.92656,0,PMU,14400.5,2.586732,60.02914,0,14455.4,0.494334,60.07927,0,14538.5,4.689902,59.86828,0,78.8997,2.441820,59.99417,0,98.0516,0.316055,59.92540,0,54.6866,4.465161,59.89159,0,PMU,14486.1,-0.565542,59.95337,0,14392.2,3.622744,59.90441,0,14523.4,1.545929,60.11307,0,78.973,-0.709233,60.00000,0,98.355,3.452582,60.05828,0,54.6259,1.321677,60.13638,0,PMU,14401.3,2.597718,60.02914,0,14454.5,0.505364,60.08243,0,14540.3,4.700993,59.87178,0,78.5895,2.452606,59.99534,0,97.8585,0.326714,59.92656,0,54.7426,4.473828,59.82169,0,PMU,14400.6,2.649761,60.02098,0,14443.8,0.557668,60.08393,0,14536.4,-1.529450,59.86948,0,78.7005,2.506436,59.99650,0,97.9968,0.376943,59.89426,0,54.7601,4.525200,59.85080,0,PMU
296,2.475000,14468.7,2.403492,59.93822,0,14392,0.310196,59.92890,0,14533.2,4.514580,60.11741,0,78.8707,2.263123,59.98018,0,97.7422,0.140317,60.03347,0,54.3598,4.290056,60.06411,0,PMU,14486.6,2.584351,59.95454,0,14391.1,0.489390,59.90558,0,14522.5,4.695884,60.11424,0,78.9556,2.441026,59.98485,0,98.3303,0.319107,60.05828,0,54.709,4.470959,60.11074,0,PMU,14399.9,-0.564016,60.02914,0,14457.8,3.626894,60.07927,0,14541.3,1.539093,59.86945,0,78.986,-0.710027,59.98485,0,97.9731,3.448737,59.92657,0,54.7718,1.314291,59.85895,0,PMU,14488.3,2.595399,59.95570,0,14390.8,0.500255,59.90242,0,14521.3,4.706974,60.11424,0,78.7224,2.451934,59.98718,0,98.2878,0.329827,60.05945,0,54.5126,4.481455,60.14567,0,PMU,14488.6,2.647625,59.95920,0,14384.4,0.552175,59.89509,0,14513.7,-1.523715,60.10953,0,78.7727,2.505642,59.98485,0,98.4341,0.381137,60.08010,0,54.6375,4.532036,60.13055,0,PMU
297,2.483333,14388.3,2.405994,60.04779,0,14467.9,0.313430,60.06178,0,14534.3,4.507700,59.86860,0,79.039,2.263978,60.01632,0,97.5045,0.138198,59.95953,0,54.3645,4.285845,59.91957,0,PMU,14400.5,2.585938,60.03031,0,14455.7,0.493541,60.07927,0,14538.8,4.689109,59.87061,0,78.8947,2.440843,59.99650,0,97.937,0.315261,59.92656,0,54.7055,4.464185,59.87061,0,PMU,14486.2,-0.566457,59.95337,0,14392,3.621889,59.90441,0,14523.8,1.545136,60.11540,0,78.9897,-0.709722,60.00583,0,98.3946,3.451910,60.06062,0,54.621,1.319846,60.10608,0,PMU,14401.4,2.596863,60.02798,0,14454.5,0.504527,60.08160,0,14540.1,4.700139,59.86944,0,78.631,2.451812,59.99767,0,97.8897,0.325981,59.92656,0,54.7132,4.473523,59.84850,0,PMU,14400.4,2.648662,60.01982,0,14443.9,0.556631,60.08509,0,14536.2,-1.530549,59.86948,0,78.7141,2.505398,59.99534,0,97.8911,0.375966,59.90125,0,54.7547,4.523796,59.84264,0,PMU
298,2.491667,14467.5,2.402577,59.93473,0,14391.4,0.309463,59.92424,0,14532.7,4.513725,60.11508,0,78.973,2.262696,59.97552,0,97.7008,0.139584,60.02648,0,54.2951,4.289079,60.06178,0,PMU,14486.7,2.583497,59.95337,0,14391,0.488475,59.90325,0,14522.2,4.695029,60.11307,0,78.8581,2.440294,59.98951,0,98.4429,0.318557,60.06295,0,54.6584,4.470044,60.11190,0,PMU,14400.2,-0.564871,60.03031,0,14457.6,3.625978,60.07810,0,14540.9,1.538239,59.86828,0,79.048,-0.710332,59.98834,0,98.0379,3.448187,59.92889,0,54.7883,1.314536,59.89859,0,PMU,14488.3,2.594544,59.95570,0,14391.3,0.499400,59.90208,0,14521.6,4.706120,60.11424,0,78.7345,2.451019,59.98485,0,98.3895,0.328972,60.05712,0,54.6201,4.480723,60.13751,0,PMU,14488.3,2.646587,59.96037,0,14384.2,0.551077,59.89393,0,14513.8,-1.524811,60.10957,0,78.7332,2.504116,59.97552,0,98.5012,0.380038,60.07777,0,54.6416,4.531303,60.14337,0,PMU
299,2.500000,14387.8,2.405079,60.04779,0,14467.8,0.312515,60.05828,0,14533.8,4.506846,59.86860,0,79.0088,2.262635,59.99883,0,97.4198,0.137466,59.95953,0,54.3433,4.284807,59.91841,0,PMU,14400.1,2.585023,60.02914,0,14455.4,0.492625,60.07926,0,14538.7,4.688193,59.86944,0,78.884,2.439988,59.99417,0,97.9979,0.314590,59.92423,0,54.7529,4.463575,59.87644,0,PMU,14486.1,-0.567306,59.95348,0,14392,3.621035,59.90558,0,14523.6,1.544281,60.11540,0,79.0386,-0.710454,59.99767,0,98.3898,3.451178,60.05712,0,54.7403,1.319357,60.09209,0,PMU,14401.6,2.596070,60.02914,0,14455.1,0.503734,60.08276,0,14540.7,4.699345,59.87061,0,78.6379,2.451141,60.00233,0,97.9262,0.325371,59.93122,0,54.6984,4.472424,59.84151,0,PMU,14400.3,2.647625,60.01982,0,14444.3,0.555532,60.08509,0,14536.4,-1.531647,59.86944,0,78.7325,2.504055,59.99883,0,97.8457,0.374563,59.89542,0,54.789,4.522270,59.82748,0,PMU
300,2.508333,14467,2.401661,59.93473,0,14391.2,0.308487,59.92307,0,14531.9,4.512871,60.11508,0,78.9372,2.262025,59.98834,0,97.8722,0.139340,60.03580,0,54.3091,4.288164,60.06411,0,PMU,14486,2.582581,59.95337,0,14390.5,0.487621,59.90442,0,14522.1,4.694114,60.11307,0,78.8737,2.438768,59.97669,0,98.3485,0.317886,60.06295,0,54.6136,4.468945,60.10258,0,PMU,14399.9,-0.565725,60.03020,0,14457.5,3.625124,60.07810,0,14540.5,1.537445,59.86945,0,79.0204,-0.711247,59.98485,0,97.983,3.447455,59.92889,0,54.7256,1.312582,59.87061,0,PMU,14488.9,2.593812,59.95687,0,14391.8,0.498668,59.90325,0,14522.2,4.705327,60.11424,0,78.7012,2.450364,59.98517,0,98.3617,0.328423,60.05828,0,54.6334,4.481272,60.16898,0,PMU,14488.9,2.645488,59.95920,0,14385.3,0.550100,59.89626,0,14515.2,-1.525849,60.11074,0,78.7747,2.503201,59.98368,0,98.4233,0.379323,60.09092,0,54.6134,4.529411,60.13638,0,PMU
301,2.516667,14387.2,2.404163,60.04779,0,14468.3,0.311538,60.05828,0,14533.9,4.505869,59.86627,0,78.9759,2.261309,59.98634,0,97.6879,0.137405,59.96303,0,54.3849,4.284136,59.92307,0,PMU,14400.2,2.584168,60.03031,0,14455.2,0.491771,60.07926,0,14538.6,4.687339,59.87061,0,78.8542,2.439012,60.00466,0,97.9656,0.313675,59.91957,0,54.7271,4.463330,59.89276,0,PMU,14485.4,-0.568161,59.95348,0,14391.4,3.620180,59.90558,0,14522.5,1.543366,60.11307,0,79.0491,-0.711125,60.00233,0,98.3305,3.450202,60.05246,0,54.6709,1.319479,60.13172,0,PMU,14402,2.595399,60.03031,0,14455.6,0.503001,60.08276,0,14540.9,4.698613,59.87177,0,78.6134,2.450714,60.00667,0,97.9924,0.324883,59.93239,0,54.7465,4.471692,59.81703,0,PMU,14401.2,2.646648,60.02215,0,14445.3,0.554556,60.08509,0,14537.5,-1.532624,59.87061,0,78.8148,2.503262,60.00117,0,98.0551,0.373952,59.89742,0,54.7784,4.521355,59.84613,0,PMU
302,2.525000,14466.9,2.400807,59.93589,0,14391.7,0.307632,59.92540,0,14532.2,4.511955,60.11624,0,78.9306,2.261065,59.99534,0,97.8475,0.138564,60.02215,0,54.3605,4.287309,60.06061,0,PMU,14485.8,2.581727,59.95337,0,14390.7,0.486766,59.90442,0,14522.2,4.693198,60.11191,0,78.8947,2.438463,59.98951,0,98.3627,0.317276,60.06878,0,54.6906,4.468457,60.09791,0,PMU,14398.9,-0.566702,60.02787,0,14456.9,3.624208,60.07693,0,14539.7,1.536469,59.86828,0,79.0256,-0.712590,59.97202,0,97.959,3.446723,59.93356,0,54.767,1.311728,59.85196,0,PMU,14488.3,2.593079,59.95570,0,14391.7,0.497996,59.90441,0,14522.3,4.704655,60.11540,0,78.6755,2.449815,59.98284,0,98.3516,0.327751,60.05479,0,54.5573,4.479565,60.15037,0,PMU,14490.1,2.644573,59.96037,0,14385.9,0.549124,59.89626,0,14516.1,-1.526764,60.11191,0,78.7934,2.502163,59.97902,0,98.5166,0.377919,60.07577,0,54.6469,4.528252,60.13172,0,PMU
303,2.533333,14386.8,2.403309,60.04779,0,14467.5,0.310806,60.06061,0,14534,4.505015,59.86744,0,78.978,2.260577,59.99067,0,97.5361,0.136367,59.95804,0,54.3611,4.283037,59.91841,0,PMU,14399.7,2.583314,60.03031,0,14455,0.490977,60.08043,0,14538.7,4.686545,59.87294,0,78.8761,2.438218,59.99534,0,98.0069,0.312942,59.91724,0,54.6745,4.462110,59.87877,0,PMU,14485.1,-0.569198,59.95232,0,14390.5,3.619204,59.90441,0,14522.6,1.542450,60.11423,0,78.9883,-0.712102,60.00933,0,98.4257,3.449835,60.05945,0,54.5905,1.317160,60.10375,0,PMU,14401.6,2.594666,60.03031,0,14455.7,0.502269,60.08160,0,14540.5,4.697819,59.86944,0,78.6243,2.450059,60.00466,0,97.9082,0.324272,59.93356,0,54.7036,4.471753,59.85079,0,PMU,14401.9,2.645733,60.02215,0,14446.3,0.553701,60.08742,0,14538.3,-1.533539,59.87061,0,78.7251,2.501675,59.99067,0,97.9146,0.373098,59.90791,0,54.7429,4.520073,59.84380,0,PMU
304,2.541667,14466.3,2.399952,59.93589,0,14391.1,0.306839,59.92424,0,14532.4,4.511118,60.11657,0,78.8944,2.260272,59.99417,0,97.7755,0.137099,60.01399,0,54.3185,4.286394,60.06411,0,PMU,14485.1,2.580934,59.95454,0,14389.8,0.485973,59.90442,0,14521.1,4.692405,60.11191,0,78.8041,2.437547,59.98718,0,98.268,0.316299,60.06411,0,54.5919,4.467725,60.10724,0,PMU,14398.4,-0.567672,60.02914,0,14456.3,3.623171,60.07577,0,14539,1.535492,59.86712,0,78.9788,-0.713201,59.97902,0,98.1139,3.446112,59.92889,0,54.7405,1.311606,59.89392,0,PMU,14487.8,2.592286,59.95454,0,14391,0.497203,59.90325,0,14521.9,4.703801,60.11424,0,78.7218,2.449327,59.98601,0,98.3559,0.327019,60.05246,0,54.6572,4.478711,60.13289,0,PMU,14490.5,2.643718,59.96153,0,14386.7,0.548269,59.89626,0,14516.6,-1.527680,60.11191,0,78.6593,2.501065,59.98834,0,98.4833,0.376943,60.07344,0,54.6229,4.527824,60.14804,0,PMU
305,2.550000,14387.1,2.402455,60.04779,0,14468.1,0.309952,60.05945,0,14535.1,4.504221,59.86828,0,78.9524,2.259417,59.98368,0,97.4834,0.135268,59.96503,0,54.356,4.282000,59.91608,0,PMU,14399,2.582459,60.02914,0,14454.5,0.490123,60.07926,0,14538.4,4.685630,59.87061,0,78.8381,2.437547,60.00000,0,97.8974,0.312027,59.91840,0,54.7244,4.461194,59.87528,0,PMU,14484.8,-0.570114,59.95337,0,14390.5,3.618227,59.90558,0,14522.3,1.541412,60.11307,0,78.9652,-0.712651,60.01049,0,98.432,3.448615,60.04779,0,54.6756,1.316489,60.09325,0,PMU,14400.9,2.593812,60.02914,0,14455.2,0.501414,60.08043,0,14539.6,4.696982,59.86978,0,78.788,2.449998,60.01282,0,97.8973,0.323418,59.93123,0,54.6394,4.470532,59.84380,0,PMU,14401.8,2.644817,60.02098,0,14446.7,0.552786,60.08626,0,14538.8,-1.534455,59.87061,0,78.6519,2.500454,59.98834,0,97.8059,0.371877,59.90325,0,54.7598,4.519158,59.83448,0,PMU
306,2.558333,14467,2.399159,59.93705,0,14391.5,0.306045,59.92540,0,14532.9,4.510386,60.11773,0,78.9367,2.259966,60.01049,0,97.8743,0.136550,60.02448,0,54.3054,4.285479,60.06644,0,PMU,14484.6,2.580018,59.95337,0,14389.9,0.485057,59.90325,0,14521.3,4.691489,60.11191,0,78.9513,2.436448,59.97902,0,98.3746,0.315567,60.06761,0,54.6261,4.466687,60.10491,0,PMU,14398.5,-0.568527,60.03031,0,14456.9,3.622316,60.07810,0,14539,1.534577,59.86945,0,78.8881,-0.714177,59.97086,0,97.9422,3.444891,59.92889,0,54.6418,1.309470,59.86595,0,PMU,14487.4,2.591431,59.95454,0,14390.4,0.496348,59.90325,0,14521.1,4.703007,60.11507,0,78.7605,2.448167,59.96503,0,98.2368,0.326103,60.05129,0,54.5919,4.478772,60.15737,0,PMU,14490.2,2.642681,59.95920,0,14386.4,0.547354,59.89626,0,14516.9,-1.528656,60.11074,0,78.6704,2.500271,59.99650,0,98.3722,0.375966,60.07810,0,54.5957,4.526543,60.14105,0,PMU
307,2.566667,14386.9,2.401722,60.04896,0,14468.4,0.309158,60.05945,0,14534.5,4.503489,59.86828,0,78.9316,2.258807,59.97785,0,97.6155,0.134536,59.96153,0,54.3504,4.281694,59.92773,0,PMU,14399.1,2.581605,60.03031,0,14455.1,0.489268,60.08043,0,14538.8,4.684775,59.87178,0,79.0049,2.436021,59.99184,0,98.0383,0.311538,59.92306,0,54.7821,4.460645,59.88460,0,PMU,14484.5,-0.570968,59.95337,0,14390.4,3.617373,59.90558,0,14521.9,1.540558,60.11423,0,78.8661,-0.713689,60.00933,0,98.2402,3.447577,60.05129,0,54.584,1.316489,60.13405,0,PMU,14400.2,2.592835,60.02681,0,14454.5,0.500499,60.07927,0,14538.7,4.696067,59.86744,0,78.7024,2.448411,60.00466,0,97.8788,0.322747,59.93589,0,54.6865,4.469678,59.82631,0,PMU,14401.9,2.643840,60.02215,0,14446.9,0.551748,60.08392,0,14538.9,-1.535431,59.87061,0,78.6858,2.499600,59.98718,0,97.913,0.371328,59.91141,0,54.7795,4.518791,59.85196,0,PMU
308,2.575000,14466.9,2.398365,59.93589,0,14392.1,0.305313,59.92656,0,14532.8,4.509592,60.11657,0,78.9232,2.259173,60.00699,0,97.73,0.135329,60.01515,0,54.3334,4.284685,60.05712,0,PMU,14485.1,2.579225,59.95454,0,14390.8,0.484264,59.90442,0,14522.4,4.690696,60.11307,0,79.0229,2.435472,59.98951,0,98.4732,0.314834,60.06295,0,54.7237,4.465588,60.09442,0,PMU,14397.9,-0.569442,60.02914,0,14456.4,3.621401,60.07694,0,14538.5,1.533600,59.86712,0,78.8083,-0.715520,59.96503,0,97.8723,3.443976,59.93123,0,54.7098,1.308920,59.85546,0,PMU,14486.9,2.590394,59.95337,0,14389.9,0.495372,59.90208,0,14520.8,4.702031,60.11390,0,78.8899,2.448106,59.99417,0,98.3806,0.325554,60.05362,0,54.5956,4.476880,60.13755,0,PMU,14490.3,2.641704,59.95920,0,14387.1,0.546377,59.89742,0,14516.9,-1.529694,60.10957,0,78.6656,2.499478,59.99767,0,98.3193,0.374990,60.06994,0,54.6383,4.525200,60.12240,0,PMU
309,2.583333,14386.8,2.400990,60.05012,0,14469,0.308487,60.06062,0,14534.9,4.502695,59.86828,0,78.9568,2.258074,59.97902,0,97.5011,0.133498,59.96503,0,54.344,4.280718,59.92423,0,PMU,14399.9,2.580873,60.03147,0,14456.3,0.488536,60.08160,0,14540.5,4.684043,59.87294,0,79.0151,2.434862,59.98835,0,98.1386,0.310501,59.91724,0,54.7167,4.458875,59.87178,0,PMU,14484.8,-0.571945,59.95221,0,14390.3,3.616396,59.90441,0,14522.3,1.539643,60.11540,0,78.9223,-0.714421,60.02098,0,98.2989,3.446784,60.05362,0,54.5907,1.315207,60.12006,0,PMU,14400.1,2.591920,60.02914,0,14454.3,0.499522,60.07927,0,14538.1,4.695090,59.86744,0,78.8018,2.447679,59.99184,0,98.1249,0.321892,59.93006,0,54.7077,4.469983,59.86828,0,PMU,14401.9,2.642864,60.02215,0,14447.5,0.550772,60.08393,0,14539,-1.536469,59.87061,0,78.6527,2.498318,59.97785,0,97.7604,0.370900,59.92190,0,54.7709,4.517204,59.84730,0,PMU
310,2.591667,14467,2.397633,59.93589,0,14392.2,0.304581,59.92540,0,14533.5,4.508860,60.11773,0,78.9405,2.258624,60.01049,0,97.736,0.134292,60.01515,0,54.3259,4.284136,60.06528,0,PMU,14486.3,2.578553,59.95570,0,14391.6,0.483592,59.90558,0,14523.2,4.690024,60.11424,0,78.9682,2.434373,59.99067,0,98.4276,0.313430,60.05595,0,54.6322,4.464673,60.11073,0,PMU,14398.4,-0.570358,60.03031,0,14456.7,3.620424,60.07694,0,14538.3,1.532685,59.86711,0,78.8807,-0.716008,59.96969,0,97.9194,3.443366,59.93472,0,54.7561,1.309531,59.89159,0,PMU,14486.7,2.589601,59.95571,0,14389.4,0.494456,59.90325,0,14520.5,4.701176,60.11624,0,78.78,2.446702,59.98135,0,98.4314,0.324456,60.04896,0,54.6666,4.476147,60.11773,0,PMU,14489.7,2.640728,59.95920,0,14387.2,0.545340,59.89625,0,14516.7,-1.530732,60.10957,0,78.6939,2.498440,60.00233,0,98.4369,0.374196,60.06295,0,54.7152,4.525444,60.15737,0,PMU
311,2.600000,14386.2,2.400257,60.05012,0,14468.7,0.307754,60.06062,0,14534.9,4.501902,59.86711,0,78.9163,2.257586,59.98018,0,97.4482,0.132766,59.97086,0,54.3482,4.280291,59.92656,0,PMU,14400.2,2.580140,60.03031,0,14456.6,0.487804,60.08043,0,14540.8,4.683310,59.87178,0,79.0001,2.434129,59.99534,0,98.0294,0.309463,59.92424,0,54.7426,4.457837,59.86945,0,PMU,14484.6,-0.572860,59.95221,0,14390.6,3.615541,59.90675,0,14522.4,1.538666,60.11424,0,78.9203,-0.715276,60.01399,0,98.3049,3.445807,60.04663,0,54.7004,1.314414,60.09325,0,PMU,14400,2.591065,60.02797,0,14454.1,0.498668,60.08043,0,14537.8,4.694297,59.86861,0,78.8388,2.446824,60.00233,0,98.0359,0.320816,59.93048,0,54.6305,4.468457,59.85312,0,PMU,14401.5,2.641826,60.02098,0,14447.7,0.549734,60.08393,0,14539.1,-1.537568,59.86944,0,78.7119,2.497281,59.97786,0,97.8374,0.369802,59.91607,0,54.873,4.516899,59.83680,0,PMU
312,2.608333,14466.6,2.396900,59.93589,0,14392.1,0.303848,59.92540,0,14533.7,4.508127,60.11890,0,78.9544,2.258257,60.01282,0,97.8279,0.133926,60.02215,0,54.336,4.283648,60.06411,0,PMU,14486.2,2.577760,59.95454,0,14391.7,0.482799,59.90441,0,14523.3,4.689231,60.11307,0,78.9764,2.433580,59.98951,0,98.439,0.312637,60.06061,0,54.5847,4.463330,60.10491,0,PMU,14398,-0.571212,60.03147,0,14456.4,3.619570,60.07694,0,14538.2,1.531769,59.86828,0,78.7935,-0.717107,59.96503,0,97.7707,3.442145,59.93006,0,54.6853,1.307700,59.87177,0,PMU,14487.3,2.588746,59.95571,0,14390.3,0.493602,59.90325,0,14521.3,4.700261,60.11390,0,78.7621,2.445176,59.96853,0,98.4426,0.323052,60.04271,0,54.6482,4.475354,60.13172,0,PMU,14489.5,2.639629,59.95804,0,14387,0.544302,59.89625,0,14517.1,-1.531769,60.11074,0,78.7372,2.497525,60.00466,0,98.4472,0.373586,60.07227,0,54.6618,4.524101,60.13755,0,PMU
313,2.616667,14386,2.399525,60.05012,0,14469.2,0.307022,60.06062,0,14535.2,4.501169,59.86711,0,78.9013,2.256426,59.96503,0,97.6102,0.132033,59.96386,0,54.3938,4.280169,59.93356,0,PMU,14400.7,2.579286,60.02914,0,14457.4,0.486949,60.07927,0,14541.1,4.682456,59.87061,0,78.9989,2.433275,59.99417,0,98.0221,0.308609,59.92307,0,54.7314,4.457532,59.88926,0,PMU,14484.7,-0.573776,59.95104,0,14390.3,3.614628,59.90562,0,14522.3,1.537812,60.11540,0,78.8953,-0.716557,60.01049,0,98.192,3.444769,60.05012,0,54.6662,1.314414,60.12823,0,PMU,14400.2,2.590211,60.02797,0,14454.6,0.497813,60.08043,0,14538.5,4.693442,59.86978,0,78.732,2.445237,60.00117,0,97.985,0.319351,59.92932,0,54.6933,4.467053,59.84147,0,PMU,14401.5,2.640789,60.02215,0,14447.8,0.548635,60.08276,0,14538.4,-1.538605,59.86944,0,78.6725,2.496182,59.97436,0,98.0166,0.369252,59.91724,0,54.8376,4.516777,59.86012,0,PMU
314,2.625000,14467.1,2.396229,59.93705,0,14392.6,0.303177,59.92656,0,14533.7,4.507395,60.11890,0,78.9359,2.257098,60.01282,0,97.733,0.133071,60.01982,0,54.38,4.283342,60.06062,0,PMU,14486.5,2.576905,59.95454,0,14392.3,0.481944,59.90441,0,14523.5,4.688376,60.11307,0,78.9941,2.433214,59.99883,0,98.4232,0.311782,60.06061,0,54.7012,4.463025,60.10491,0,PMU,14398.5,-0.572128,60.03147,0,14456.3,3.618654,60.07689,0,14538.2,1.530915,59.86828,0,78.7676,-0.718083,59.97086,0,97.8926,3.441290,59.93356,0,54.7637,1.306741,59.85346,0,PMU,14486.8,2.587769,59.95338,0,14389.8,0.492747,59.90325,0,14521.6,4.699406,60.11390,0,78.8626,2.444749,59.99067,0,98.3663,0.322258,60.05553,0,54.567,4.473340,60.12006,0,PMU,14489.4,2.638591,59.95804,0,14387.5,0.543203,59.89625,0,14517,-1.532868,60.10957,0,78.7156,2.496487,60.00583,0,98.4943,0.372426,60.06061,0,54.71,4.522881,60.11657,0,PMU
315,2.633333,14385.9,2.398915,60.05129,0,14468.9,0.306351,60.06062,0,14534.6,4.500498,59.86828,0,78.8348,2.255511,59.96969,0,97.5396,0.131240,59.96503,0,54.3519,4.279192,59.92073,0,PMU,14400.6,2.578492,60.03031,0,14457.9,0.486156,60.08043,0,14541.4,4.681602,59.87061,0,78.9744,2.432359,59.98368,0,98.0038,0.307937,59.92657,0,54.6951,4.456128,59.86828,0,PMU,14484.7,-0.574630,59.95221,0,14390.5,3.613713,59.90562,0,14522.4,1.536896,60.11424,0,78.8423,-0.717534,60.01049,0,98.3251,3.444159,60.05479,0,54.5903,1.312521,60.11041,0,PMU,14400.4,2.589295,60.02914,0,14454.9,0.496898,60.07927,0,14538.4,4.692527,59.86861,0,78.8158,2.444566,59.99650,0,98.0709,0.318801,59.93398,0,54.6572,4.467053,59.87994,0,PMU,14401.6,2.639812,60.02331,0,14448.4,0.547598,60.08393,0,14538.8,-1.539704,59.86944,0,78.5479,2.495084,59.97319,0,98.013,0.368642,59.92773,0,54.7829,4.515068,59.85079,0,PMU
316,2.641667,14466,2.395436,59.93356,0,14392.5,0.302444,59.92540,0,14533.2,4.506601,60.11657,0,78.8629,2.255877,60.00699,0,97.7273,0.132094,60.01632,0,54.307,4.282183,60.05712,0,PMU,14486.1,2.576051,59.95337,0,14392.2,0.481151,59.90441,0,14523.4,4.687522,60.11307,0,78.973,2.432359,60.00000,0,98.355,0.310989,60.05828,0,54.6259,4.463269,60.13638,0,PMU,14398.5,-0.572982,60.03147,0,14457,3.617739,60.07689,0,14538,1.529999,59.86828,0,78.69,-0.718938,59.97319,0,97.9521,3.440802,59.93589,0,54.7159,1.306802,59.89076,0,PMU,14487.2,2.586915,59.95454,0,14390,0.491893,59.90441,0,14522.1,4.698552,60.11507,0,78.8889,2.444322,59.99534,0,98.4137,0.321609,60.05362,0,54.6259,4.472241,60.09908,0,PMU,14489.4,2.637615,59.95804,0,14387.3,0.542227,59.89742,0,14516.7,-1.533905,60.11074,0,78.5572,2.495511,60.00816,0,98.5856,0.371511,60.05479,0,54.6863,4.523064,60.15270,0,PMU
317,2.650000,14385.8,2.398121,60.05129,0,14468.7,0.305496,60.05828,0,14534.4,4.499705,59.86828,0,78.8037,2.254840,59.98018,0,97.4447,0.130447,59.96853,0,54.3438,4.278460,59.92889,0,PMU,14399.9,2.577577,60.02914,0,14457.8,0.485301,60.07927,0,14541.3,4.680686,59.86945,0,78.986,2.431566,59.98485,0,97.9731,0.307144,59.92657,0,54.7718,4.455884,59.85895,0,PMU,14484.8,-0.575485,59.95221,0,14390.9,3.612858,59.90679,0,14522.7,1.536042,60.11540,0,78.8095,-0.718694,60.00466,0,98.3226,3.443244,60.04663,0,54.7042,1.311911,60.09758,0,PMU,14400.5,2.588441,60.02914,0,14454.9,0.496043,60.07927,0,14538.4,4.691672,59.86861,0,78.7831,2.443528,59.98485,0,98.0482,0.317825,59.92773,0,54.5718,4.465344,59.86828,0,PMU,14401.2,2.638775,60.02215,0,14446,0.546438,60.08043,0,14538.7,-1.540802,59.86828,0,78.4668,2.494046,59.97202,0,97.8611,0.367421,59.92190,0,54.8451,4.514031,59.82748,0,PMU
318,2.658333,14466.1,2.394642,59.93356,0,14392.2,0.301590,59.92540,0,14533.1,4.505808,60.11657,0,78.9263,2.255633,60.01515,0,97.8339,0.132094,60.03147,0,54.325,4.281939,60.06644,0,PMU,14486.2,2.575135,59.95337,0,14392,0.480296,59.90441,0,14523.8,4.686728,60.11540,0,78.9897,2.431871,60.00583,0,98.3946,0.310318,60.06062,0,54.621,4.461438,60.10608,0,PMU,14399,-0.573776,60.03264,0,14457.4,3.616945,60.07806,0,14538.5,1.529206,59.86944,0,78.6724,-0.719670,59.98135,0,97.9332,3.439948,59.93705,0,54.7165,1.305520,59.87794,0,PMU,14487.1,2.586060,59.95454,0,14390.5,0.491038,59.90441,0,14522.2,4.697636,60.11390,0,78.8112,2.442918,59.98834,0,98.357,0.320510,60.05129,0,54.5721,4.472302,60.13289,0,PMU,14488.7,2.636473,59.95604,0,14385.3,0.540823,59.89276,0,14516.4,-1.534943,60.11190,0,78.4954,2.493985,59.99883,0,98.3489,0.370229,60.05362,0,54.6151,4.521294,60.13872,0,PMU
319,2.666667,14386.3,2.397389,60.05246,0,14468.9,0.304703,60.05945,0,14534.1,4.498911,59.86828,0,78.8199,2.254290,59.97435,0,97.6282,0.130019,59.96037,0,54.4082,4.278399,59.93239,0,PMU,14400.2,2.576722,60.03031,0,14457.6,0.484386,60.07810,0,14540.9,4.679832,59.86828,0,79.048,2.431261,59.98834,0,98.0379,0.306595,59.92889,0,54.7883,4.456128,59.89859,0,PMU,14485.1,-0.576278,59.95221,0,14391,3.612065,59.90679,0,14523,1.535187,60.11424,0,78.7712,-0.719731,59.99883,0,98.33,3.442389,60.04663,0,54.6925,1.311667,60.11740,0,PMU,14400.5,2.587586,60.02914,0,14455.3,0.495250,60.08043,0,14538.9,4.690818,59.86978,0,78.7461,2.442491,59.99184,0,97.904,0.316787,59.92889,0,54.6508,4.464673,59.85429,0,PMU,14400.6,2.637554,60.02065,0,14445.6,0.545034,60.08043,0,14537.4,-1.541962,59.86595,0,78.4686,2.493069,59.98251,0,98.0517,0.366445,59.92773,0,54.809,4.513970,59.86012,0,PMU
320,2.675000,14466.6,2.393910,59.93356,0,14392.6,0.300857,59.92656,0,14533.4,4.505076,60.11773,0,78.8996,2.254717,60.00816,0,97.7717,0.131423,60.02681,0,54.38,4.281206,60.05362,0,PMU,14486.1,2.574286,59.95348,0,14392,0.479442,59.90558,0,14523.6,4.685874,60.11540,0,79.0386,2.431139,59.99767,0,98.3898,0.309585,60.05712,0,54.7403,4.460950,60.09209,0,PMU,14399.1,-0.574569,60.03264,0,14457.5,3.616152,60.07806,0,14538.7,1.528351,59.86944,0,78.6275,-0.720342,59.98834,0,97.8776,3.439093,59.93705,0,54.7659,1.304299,59.85928,0,PMU,14487,2.585206,59.95454,0,14390.2,0.490184,59.90325,0,14522.2,4.696799,60.11424,0,78.8536,2.442125,59.99301,0,98.3437,0.319961,60.06061,0,54.543,4.470837,60.11773,0,PMU,14488.2,2.635252,59.95604,0,14385,0.539541,59.89509,0,14515.6,-1.536225,60.10957,0,78.5432,2.493313,60.00466,0,98.5162,0.369130,60.05129,0,54.669,4.520195,60.11890,0,PMU
321,2.683333,14386.3,2.396717,60.05362,0,14469,0.303970,60.05945,0,14533.8,4.498179,59.86828,0,78.7693,2.253619,59.97902,0,97.5605,0.129104,59.95570,0,54.3532,4.276995,59.91957,0,PMU,14399.9,2.575868,60.03020,0,14457.5,0.483531,60.07810,0,14540.5,4.679038,59.86945,0,79.0204,2.430345,59.98485,0,97.983,0.305862,59.92889,0,54.7256,4.454175,59.87061,0,PMU,14485.2,-0.577133,59.95104,0,14391.3,3.611210,59.90562,0,14523.4,1.534394,60.11540,0,78.8145,-0.720281,60.00117,0,98.3168,3.441657,60.04896,0,54.6523,1.309836,60.10574,0,PMU,14400.5,2.586732,60.02914,0,14455.4,0.494334,60.07927,0,14538.5,4.689902,59.86828,0,78.8997,2.441820,59.99417,0,98.0516,0.316055,59.92540,0,54.6866,4.465161,59.89159,0,PMU,14400.7,2.636473,60.02331,0,14445.4,0.543875,60.08276,0,14536.9,-1.543060,59.86945,0,78.4629,2.492093,59.97669,0,98.005,0.365407,59.92889,0,54.7539,4.512505,59.85312,0,PMU
322,2.691667,14466.2,2.393177,59.93239,0,14392.8,0.300125,59.92656,0,14533.4,4.504282,60.11657,0,78.883,2.253558,59.99883,0,97.7487,0.130630,60.02914,0,54.326,4.280108,60.05945,0,PMU,14485.4,2.573432,59.95348,0,14391.4,0.478588,59.90558,0,14522.5,4.684958,60.11307,0,79.0491,2.430467,60.00233,0,98.3305,0.308609,60.05246,0,54.6709,4.461072,60.13172,0,PMU,14399.4,-0.575424,60.03264,0,14457.8,3.615297,60.07806,0,14538.7,1.527558,59.86944,0,78.7257,-0.720464,59.99650,0,98.0687,3.438666,59.94288,0,54.798,1.304604,59.90008,0,PMU,14486.6,2.584351,59.95454,0,14391.1,0.489390,59.90558,0,14522.5,4.695884,60.11424,0,78.9556,2.441026,59.98485,0,98.3303,0.319107,60.05828,0,54.709,4.470959,60.11074,0,PMU,14487.8,2.634153,59.95570,0,14384,0.538504,59.89742,0,14515.1,-1.537262,60.11073,0,78.5056,2.491971,59.99767,0,98.5305,0.367788,60.04546,0,54.6618,4.520378,60.15037,0,PMU
323,2.700000,14386.5,2.395924,60.05246,0,14468.9,0.303177,60.05828,0,14534.2,4.497446,59.86944,0,78.8018,2.253008,59.98951,0,97.5856,0.128616,59.96153,0,54.3732,4.276201,59.92540,0,PMU,14398.9,2.574891,60.02787,0,14456.9,0.482616,60.07693,0,14539.7,4.678062,59.86828,0,79.0256,2.429002,59.97202,0,97.959,0.305130,59.93356,0,54.767,4.453321,59.85196,0,PMU,14485.4,-0.577926,59.95221,0,14391,3.610417,59.90679,0,14523.3,1.533600,60.11540,0,78.8076,-0.721196,59.98601,0,98.4263,3.440924,60.04313,0,54.7691,1.309042,60.08476,0,PMU,14400.5,2.585938,60.03031,0,14455.7,0.493541,60.07927,0,14538.8,4.689109,59.87061,0,78.8947,2.440843,59.99650,0,97.937,0.315261,59.92656,0,54.7055,4.464185,59.87061,0,PMU,14400.4,2.635313,60.02215,0,14444.7,0.542776,60.08160,0,14536.4,-1.544159,59.86828,0,78.4788,2.490994,59.98135,0,97.9782,0.363760,59.92307,0,54.8404,4.511345,59.82748,0,PMU
324,2.708333,14466.4,2.392384,59.93239,0,14392.1,0.299332,59.92656,0,14532.8,4.503611,60.11773,0,78.9825,2.252947,59.99883,0,97.9131,0.130569,60.03730,0,54.3332,4.279436,60.06178,0,PMU,14485.1,2.572394,59.95232,0,14390.5,0.477611,59.90441,0,14522.6,4.684043,60.11423,0,78.9883,2.429491,60.00933,0,98.4257,0.308243,60.05945,0,54.5905,4.458753,60.10375,0,PMU,14399.4,-0.576156,60.03380,0,14457.9,3.614506,60.07810,0,14538.4,1.526764,59.86944,0,78.6933,-0.721379,59.99650,0,98.0192,3.437750,59.93938,0,54.7261,1.302407,59.87327,0,PMU,14486.7,2.583497,59.95337,0,14391,0.488475,59.90325,0,14522.2,4.695029,60.11307,0,78.8581,2.440294,59.98951,0,98.4429,0.318557,60.06295,0,54.6584,4.470044,60.11190,0,PMU,14487.6,2.633116,59.95804,0,14384.1,0.537405,59.89742,0,14515.3,-1.538300,60.11190,0,78.558,2.491116,60.00233,0,98.4587,0.366750,60.05711,0,54.6112,4.518364,60.13405,0,PMU
325,2.716667,14387.1,2.395253,60.05479,0,14469.2,0.302505,60.06062,0,14534.2,4.496775,59.86944,0,78.8805,2.252581,59.99301,0,97.6809,0.128310,59.95687,0,54.3946,4.275713,59.92889,0,PMU,14398.4,2.573920,60.02914,0,14456.3,0.481578,60.07577,0,14539,4.677085,59.86712,0,78.9788,2.428392,59.97902,0,98.1139,0.304520,59.92889,0,54.7405,4.453199,59.89392,0,PMU,14485.1,-0.578720,59.95104,0,14391,3.609623,59.90675,0,14522.9,1.532746,60.11424,0,78.8456,-0.721868,59.99067,0,98.3504,3.439826,60.03963,0,54.6881,1.308432,60.11507,0,PMU,14400.1,2.585023,60.02914,0,14455.4,0.492625,60.07926,0,14538.7,4.688193,59.86944,0,78.884,2.439988,59.99417,0,97.9979,0.314590,59.92423,0,54.7529,4.463575,59.87644,0,PMU,14400.6,2.634336,60.02331,0,14445.6,0.541739,60.08276,0,14536,-1.545197,59.86828,0,78.5344,2.490079,59.98018,0,98.1185,0.362600,59.92074,0,54.8334,4.511240,59.86394,0,PMU
326,2.725000,14466.4,2.391774,59.93356,0,14392.6,0.298660,59.92656,0,14533,4.502939,60.11773,0,78.9615,2.252093,59.99067,0,97.9671,0.130263,60.03730,0,54.3615,4.278704,60.05712,0,PMU,14484.8,2.571479,59.95337,0,14390.5,0.476634,59.90558,0,14522.3,4.683005,60.11307,0,78.9652,2.428941,60.01049,0,98.432,0.307022,60.04779,0,54.6756,4.458081,60.09325,0,PMU,14399.1,-0.577072,60.03147,0,14457.3,3.613652,60.07694,0,14538.4,1.525910,59.86944,0,78.6887,-0.722415,59.98955,0,97.9548,3.436530,59.93705,0,54.7631,1.301492,59.86744,0,PMU,14486,2.582581,59.95337,0,14390.5,0.487621,59.90442,0,14522.1,4.694114,60.11307,0,78.8737,2.438768,59.97669,0,98.3485,0.317886,60.06295,0,54.6136,4.468945,60.10258,0,PMU,14487.7,2.632139,59.95804,0,14384.9,0.536490,59.89975,0,14515.2,-1.539338,60.11190,0,78.5606,2.490079,60.00000,0,98.42,0.365224,60.05012,0,54.7017,4.517510,60.11974,0,PMU
327,2.733333,14387.1,2.394520,60.05246,0,14469.1,0.301834,60.06062,0,14534.7,4.496103,59.86944,0,78.8192,2.251727,59.99301,0,97.63,0.127273,59.94288,0,54.3585,4.274553,59.92073,0,PMU,14398.5,2.573066,60.03031,0,14456.9,0.480724,60.07810,0,14539,4.676169,59.86945,0,78.8881,2.427415,59.97086,0,97.9422,0.303299,59.92889,0,54.6418,4.451062,59.86595,0,PMU,14484.9,-0.579574,59.95221,0,14390.4,3.608769,59.90675,0,14522.8,1.531891,60.11424,0,78.7313,-0.722842,59.99184,0,98.3958,3.439337,60.05362,0,54.5872,1.306252,60.09092,0,PMU,14400.2,2.584168,60.03031,0,14455.2,0.491771,60.07926,0,14538.6,4.687339,59.87061,0,78.8542,2.439012,60.00466,0,97.9656,0.313675,59.91957,0,54.7271,4.463330,59.89276,0,PMU,14400.5,2.633360,60.02331,0,14446.6,0.540884,60.08393,0,14536.4,-1.546173,59.86945,0,78.4626,2.488858,59.97669,0,97.9646,0.361379,59.92657,0,54.7853,4.509165,59.84063,0,PMU
328,2.741667,14466.5,2.391041,59.93356,0,14393.2,0.298050,59.92773,0,14534.2,4.502268,60.11773,0,78.916,2.250994,59.98601,0,97.8288,0.129226,60.03730,0,54.3297,4.277849,60.06295,0,PMU,14484.5,2.570624,59.95337,0,14390.4,0.475780,59.90558,0,14521.9,4.682151,60.11423,0,78.8661,2.427904,60.00933,0,98.2402,0.305984,60.05129,0,54.584,4.458081,60.13405,0,PMU,14399,-0.577926,60.03147,0,14457.3,3.612736,60.07577,0,14537.8,1.525055,59.86944,0,78.737,-0.722659,60.00350,0,98.0552,3.436166,59.93943,0,54.7082,1.301614,59.91141,0,PMU,14485.8,2.581727,59.95337,0,14390.7,0.486766,59.90442,0,14522.2,4.693198,60.11191,0,78.8947,2.438463,59.98951,0,98.3627,0.317276,60.06878,0,54.6906,4.468457,60.09791,0,PMU,14488,2.631163,59.95804,0,14385.8,0.535637,59.89979,0,14515.8,-1.540253,60.11307,0,78.5115,2.488919,60.00117,0,98.4831,0.364431,60.05828,0,54.6773,4.517204,60.15354,0,PMU
329,2.750000,14387.7,2.393910,60.05479,0,14469.3,0.301285,60.06178,0,14535.9,4.495554,59.87178,0,78.8417,2.251422,60.00816,0,97.609,0.126662,59.95104,0,54.3606,4.273882,59.92423,0,PMU,14397.9,2.572150,60.02914,0,14456.4,0.479808,60.07694,0,14538.5,4.675193,59.86712,0,78.8083,2.426073,59.96503,0,97.8723,0.302383,59.93123,0,54.7098,4.450513,59.85546,0,PMU,14484.3,-0.580490,59.95104,0,14390,3.607853,59.90675,0,14522.3,1.530976,60.11307,0,78.7727,-0.723880,59.97669,0,98.3018,3.438300,60.04076,0,54.6636,1.305520,60.07460,0,PMU,14399.7,2.583314,60.03031,0,14455,0.490977,60.08043,0,14538.7,4.686545,59.87294,0,78.8761,2.438218,59.99534,0,98.0069,0.312942,59.91724,0,54.6745,4.462110,59.87877,0,PMU,14400.5,2.632383,60.02331,0,14446.9,0.540030,60.08389,0,14536.6,-1.547150,59.86828,0,78.4954,2.488064,59.98368,0,97.978,0.360159,59.91841,0,54.8384,4.507578,59.81615,0,PMU
330,2.758333,14466.5,2.390492,59.93472,0,14392.9,0.297501,59.92773,0,14534.3,4.501719,60.11773,0,78.9637,2.250689,59.98601,0,97.942,0.128921,60.04313,0,54.3123,4.276934,60.05828,0,PMU,14484.8,2.569648,59.95221,0,14390.3,0.474803,59.90441,0,14522.3,4.681235,60.11540,0,78.9223,2.427171,60.02098,0,98.2989,0.305191,60.05362,0,54.5907,4.456800,60.12006,0,PMU,14398.5,-0.578842,60.03147,0,14456.6,3.611821,60.07577,0,14537.3,1.524142,59.86948,0,78.7385,-0.723757,60.00233,0,97.899,3.434945,59.93593,0,54.6562,1.299660,59.88809,0,PMU,14485.1,2.580934,59.95454,0,14389.8,0.485973,59.90442,0,14521.1,4.692405,60.11191,0,78.8041,2.437547,59.98718,0,98.268,0.316299,60.06411,0,54.5919,4.467725,60.10724,0,PMU,14488,2.630186,59.95804,0,14385.7,0.534722,59.89863,0,14516.3,-1.541229,60.11307,0,78.6083,2.488431,60.00699,0,98.4072,0.363699,60.06761,0,54.6032,4.515434,60.15005,0,PMU
331,2.766667,14387.8,2.393299,60.05362,0,14469.4,0.300674,60.06062,0,14536,4.494944,59.87061,0,78.8694,2.250872,60.00350,0,97.693,0.126113,59.94638,0,54.3741,4.273455,59.93356,0,PMU,14398.4,2.571235,60.03031,0,14456.7,0.478832,60.07694,0,14538.3,4.674277,59.86711,0,78.8807,2.425584,59.96969,0,97.9194,0.301773,59.93472,0,54.7561,4.451123,59.89159,0,PMU,14484,-0.581466,59.94988,0,14390,3.606877,59.90558,0,14522.1,1.529999,60.11186,0,78.8893,-0.724185,59.99184,0,98.2669,3.437262,60.04425,0,54.6578,1.305825,60.11773,0,PMU,14399,2.582459,60.02914,0,14454.5,0.490123,60.07926,0,14538.4,4.685630,59.87061,0,78.8381,2.437547,60.00000,0,97.8974,0.312027,59.91840,0,54.7244,4.461194,59.87528,0,PMU,14401.2,2.631407,60.02331,0,14447.5,0.539114,60.08389,0,14536.9,-1.548126,59.86828,0,78.6036,2.487393,59.98018,0,98.122,0.359304,59.91607,0,54.8395,4.507822,59.85462,0,PMU
332,2.775000,14466.7,2.389881,59.93472,0,14393,0.296890,59.92773,0,14534.3,4.501108,60.11773,0,78.9627,2.250201,59.98718,0,97.9644,0.128188,60.03963,0,54.361,4.276323,60.05479,0,PMU,14484.6,2.568732,59.95221,0,14390.6,0.473949,59.90675,0,14522.4,4.680259,60.11424,0,78.9203,2.426317,60.01399,0,98.3049,0.304214,60.04663,0,54.7004,4.456006,60.09325,0,PMU,14398.6,-0.579879,60.03031,0,14456.8,3.610844,60.07577,0,14537.9,1.523104,59.86832,0,78.7761,-0.724978,59.98485,0,97.9068,3.433907,59.93593,0,54.7677,1.299172,59.87294,0,PMU,14484.6,2.580018,59.95337,0,14389.9,0.485057,59.90325,0,14521.3,4.691489,60.11191,0,78.9513,2.436448,59.97902,0,98.3746,0.315567,60.06761,0,54.6261,4.466687,60.10491,0,PMU,14488.9,2.629332,59.96037,0,14386.3,0.533867,59.89979,0,14517.1,-1.542084,60.11540,0,78.6707,2.487637,60.00466,0,98.4056,0.362844,60.06761,0,54.6817,4.514458,60.12673,0,PMU
333,2.783333,14387.6,2.392750,60.05479,0,14469.8,0.300125,60.06178,0,14536,4.494334,59.87061,0,78.8821,2.250750,60.01049,0,97.538,0.125014,59.93938,0,54.3363,4.272417,59.92540,0,PMU,14398,2.570380,60.03147,0,14456.4,0.477977,60.07694,0,14538.2,4.673362,59.86828,0,78.7935,2.424486,59.96503,0,97.7707,0.300552,59.93006,0,54.6853,4.449292,59.87177,0,PMU,14484.3,-0.582443,59.95105,0,14390,3.605961,59.90675,0,14522.8,1.529084,60.11420,0,78.7953,-0.725405,59.99184,0,98.3206,3.436469,60.04892,0,54.5674,1.303750,60.08743,0,PMU,14399.1,2.581605,60.03031,0,14455.1,0.489268,60.08043,0,14538.8,4.684775,59.87178,0,79.0049,2.436021,59.99184,0,98.0383,0.311538,59.92306,0,54.7821,4.460645,59.88460,0,PMU,14401.9,2.630613,60.02448,0,14448.2,0.538321,60.08505,0,14537.1,-1.548920,59.86944,0,78.5661,2.486233,59.97319,0,97.9771,0.358327,59.91374,0,54.7501,4.505747,59.83363,0,PMU
334,2.791667,14466.5,2.389271,59.93356,0,14392.8,0.296341,59.92773,0,14534.5,4.500559,60.11889,0,78.9443,2.249591,59.97785,0,97.7519,0.127090,60.03963,0,54.3341,4.275408,60.05712,0,PMU,14484.7,2.567817,59.95104,0,14390.3,0.473035,59.90562,0,14522.3,4.679404,60.11540,0,78.8953,2.425035,60.01049,0,98.192,0.303177,60.05012,0,54.6662,4.456006,60.12823,0,PMU,14398.2,-0.580856,60.03030,0,14456.8,3.609928,60.07577,0,14537.9,1.522189,59.86832,0,78.7323,-0.725650,59.99534,0,98.0158,3.433114,59.93593,0,54.7031,1.298989,59.90908,0,PMU,14485.1,2.579225,59.95454,0,14390.8,0.484264,59.90442,0,14522.4,4.690696,60.11307,0,79.0229,2.435472,59.98951,0,98.4732,0.314834,60.06295,0,54.7237,4.465588,60.09442,0,PMU,14489,2.628477,59.95920,0,14387.2,0.533074,59.89979,0,14517.4,-1.543060,60.11191,0,78.6771,2.486417,60.00350,0,98.3894,0.361990,60.06994,0,54.6848,4.514397,60.16520,0,PMU
335,2.800000,14387.3,2.392140,60.05479,0,14469.6,0.299515,60.06062,0,14535.9,4.493723,59.86945,0,78.8736,2.250018,60.00816,0,97.4882,0.124404,59.94871,0,54.3341,4.271563,59.92656,0,PMU,14398.5,2.569465,60.03147,0,14456.3,0.477062,60.07689,0,14538.2,4.672507,59.86828,0,78.7676,2.423509,59.97086,0,97.8926,0.299698,59.93356,0,54.7637,4.448333,59.85346,0,PMU,14484.2,-0.583419,59.95105,0,14389.9,3.605046,59.90675,0,14522.1,1.528107,60.11303,0,78.6951,-0.725772,59.99767,0,98.2843,3.435311,60.04196,0,54.6449,1.303078,60.07810,0,PMU,14399.9,2.580873,60.03147,0,14456.3,0.488536,60.08160,0,14540.5,4.684043,59.87294,0,79.0151,2.434862,59.98835,0,98.1386,0.310501,59.91724,0,54.7167,4.458875,59.87178,0,PMU,14402,2.629698,60.02331,0,14448.9,0.537466,60.08389,0,14537.7,-1.549896,59.86944,0,78.584,2.485318,59.97902,0,97.9033,0.357229,59.90908,0,54.8962,4.504892,59.81848,0,PMU
336,2.808333,14466,2.388661,59.93356,0,14392.7,0.295669,59.92656,0,14534.3,4.499888,60.11773,0,78.9505,2.248919,59.97902,0,97.8378,0.126235,60.03497,0,54.3021,4.274309,60.05246,0,PMU,14484.7,2.566962,59.95221,0,14390.5,0.472120,59.90562,0,14522.4,4.678489,60.11424,0,78.8423,2.424059,60.01049,0,98.3251,0.302566,60.05479,0,54.5903,4.454114,60.11041,0,PMU,14398.1,-0.581771,60.03147,0,14456.4,3.608891,60.07344,0,14537.3,1.521151,59.86715,0,78.616,-0.725833,59.99883,0,98.0285,3.431710,59.93122,0,54.6962,1.297524,59.89392,0,PMU,14486.3,2.578553,59.95570,0,14391.6,0.483592,59.90558,0,14523.2,4.690024,60.11424,0,78.9682,2.434373,59.99067,0,98.4276,0.313430,60.05595,0,54.6322,4.464673,60.11073,0,PMU,14488.1,2.627501,59.95804,0,14387.5,0.532219,59.89979,0,14518.6,-1.543854,60.11540,0,79.0242,2.484341,59.98135,0,98.2831,0.361440,60.08043,0,54.6768,4.512932,60.15354,0,PMU
337,2.816667,14387.6,2.391468,60.05362,0,14470.3,0.298904,60.06178,0,14536.3,4.493052,59.86945,0,78.8969,2.249346,60.00816,0,97.5081,0.123855,59.95454,0,54.3864,4.271380,59.94405,0,PMU,14398.5,2.568610,60.03147,0,14457,0.476146,60.07689,0,14538,4.671592,59.86828,0,78.69,2.422655,59.97319,0,97.9521,0.299209,59.93589,0,54.7159,4.448394,59.89076,0,PMU,14483.7,-0.584335,59.95105,0,14390.3,3.604008,59.90675,0,14522,1.527009,60.11186,0,78.694,-0.726809,59.98135,0,98.3332,3.434274,60.04896,0,54.6671,1.303750,60.11890,0,PMU,14400.2,2.580140,60.03031,0,14456.6,0.487804,60.08043,0,14540.8,4.683310,59.87178,0,79.0001,2.434129,59.99534,0,98.0294,0.309463,59.92424,0,54.7426,4.457837,59.86945,0,PMU,14401.4,2.628721,60.02331,0,14449.5,0.536551,60.08272,0,14538.1,-1.550690,59.86944,0,79.2097,2.483182,59.97785,0,98.0592,0.356985,59.91491,0,54.9033,4.505015,59.84879,0,PMU
338,2.825000,14466.7,2.388111,59.93589,0,14394,0.295120,59.92773,0,14535,4.499277,60.11889,0,78.9672,2.248614,59.98601,0,97.8907,0.125808,60.03730,0,54.4133,4.273882,60.04779,0,PMU,14484.8,2.566108,59.95221,0,14390.9,0.471265,59.90679,0,14522.7,4.677634,60.11540,0,78.8095,2.422899,60.00466,0,98.3226,0.301651,60.04663,0,54.7042,4.453504,60.09758,0,PMU,14397.8,-0.582748,60.03031,0,14456.7,3.607914,60.07460,0,14537.4,1.520114,59.86832,0,78.5779,-0.727236,59.99184,0,97.9048,3.430734,59.93239,0,54.7787,1.296609,59.86362,0,PMU,14486.2,2.577760,59.95454,0,14391.7,0.482799,59.90441,0,14523.3,4.689231,60.11307,0,78.9764,2.433580,59.98951,0,98.439,0.312637,60.06061,0,54.5847,4.463330,60.10491,0,PMU,14489.1,2.626585,59.95920,0,14388,0.531365,59.90096,0,14519.2,-1.544708,60.11424,0,79.3819,2.483182,60.00000,0,98.5187,0.361013,60.07694,0,54.7787,4.511772,60.12906,0,PMU
339,2.833333,14387.9,2.390919,60.05362,0,14470.6,0.298355,60.06178,0,14536.5,4.492442,59.86945,0,78.8633,2.248492,59.99767,0,97.5177,0.123244,59.95104,0,54.3685,4.270464,59.93472,0,PMU,14399,2.567817,60.03264,0,14457.4,0.475353,60.07806,0,14538.5,4.670798,59.86944,0,78.6724,2.421922,59.98135,0,97.9332,0.298355,59.93705,0,54.7165,4.447112,59.87794,0,PMU,14483.2,-0.585372,59.94988,0,14389.9,3.603093,59.90791,0,14521.9,1.526093,60.11420,0,78.6237,-0.728030,59.98485,0,98.2619,3.433602,60.05479,0,54.5512,1.301430,60.09209,0,PMU,14400.7,2.579286,60.02914,0,14457.4,0.486949,60.07927,0,14541.1,4.682456,59.87061,0,78.9989,2.433275,59.99417,0,98.0221,0.308609,59.92307,0,54.7314,4.457532,59.88926,0,PMU,14401.4,2.627928,60.02565,0,14449.8,0.535759,60.08393,0,14537.9,-1.551483,59.87061,0,79.2206,2.482510,59.98718,0,97.9962,0.356008,59.90441,0,54.8235,4.502878,59.83014,0,PMU
340,2.841667,14467,2.387519,59.93505,0,14393.9,0.294512,59.92660,0,14535.5,4.498667,60.11889,0,78.9196,2.247454,59.98018,0,97.7672,0.124587,60.02565,0,54.3453,4.272844,60.04546,0,PMU,14485.1,2.565314,59.95221,0,14391,0.470472,59.90679,0,14523,4.676780,60.11424,0,78.7712,2.421861,59.99883,0,98.33,0.300796,60.04663,0,54.6925,4.453260,60.11740,0,PMU,14397.1,-0.583724,60.03147,0,14456.3,3.606938,60.07344,0,14536.9,1.519137,59.86715,0,78.5749,-0.728152,59.99767,0,97.9904,3.430001,59.93122,0,54.7198,1.296487,59.90558,0,PMU,14486.5,2.576905,59.95454,0,14392.3,0.481944,59.90441,0,14523.5,4.688376,60.11307,0,78.9941,2.433214,59.99883,0,98.4232,0.311782,60.06061,0,54.7012,4.463025,60.10491,0,PMU,14488,2.625730,59.95804,0,14387.3,0.530449,59.89859,0,14518.1,-1.545624,60.11191,0,79.2628,2.481536,59.98139,0,98.3976,0.360036,60.07693,0,54.718,4.511284,60.16054,0,PMU
341,2.850000,14388.5,2.390309,60.05329,0,14470.8,0.297623,60.05941,0,14536.7,4.491770,59.86828,0,78.8463,2.247698,60.00466,0,97.4935,0.122451,59.95921,0,54.3408,4.269443,59.93505,0,PMU,14399.1,2.567023,60.03264,0,14457.5,0.474559,60.07806,0,14538.7,4.669944,59.86944,0,78.6275,2.421251,59.98834,0,97.8776,0.297501,59.93705,0,54.7659,4.445892,59.85928,0,PMU,14483,-0.586349,59.94988,0,14390.2,3.602055,59.90675,0,14521.9,1.525055,60.11303,0,78.7236,-0.728884,59.98601,0,98.2811,3.432687,60.05129,0,54.6438,1.300576,60.07810,0,PMU,14400.6,2.578492,60.03031,0,14457.9,0.486156,60.08043,0,14541.4,4.681602,59.87061,0,78.9744,2.432359,59.98368,0,98.0038,0.307937,59.92657,0,54.6951,4.456128,59.86828,0,PMU,14400.5,2.626951,60.02331,0,14448.7,0.534722,60.08160,0,14537.1,-1.552521,59.86828,0,79.1384,2.481109,59.99184,0,98.0141,0.354971,59.90325,0,54.8693,4.502024,59.82314,0,PMU
342,2.858333,14467,2.386786,59.93272,0,14394.1,0.293780,59.92660,0,14535.4,4.497934,60.11773,0,78.9285,2.246661,59.98018,0,97.8576,0.123916,60.02797,0,54.3227,4.271990,60.04863,0,PMU,14485.2,2.564460,59.95104,0,14391.3,0.469618,59.90562,0,14523.4,4.675986,60.11540,0,78.8145,2.421312,60.00117,0,98.3168,0.300064,60.04896,0,54.6523,4.451429,60.10574,0,PMU,14397.4,-0.584701,60.03147,0,14456.5,3.606022,60.07577,0,14537.3,1.518161,59.86832,0,78.687,-0.728701,60.00350,0,98.064,3.429208,59.93356,0,54.6981,1.294656,59.88693,0,PMU,14486.1,2.576051,59.95337,0,14392.2,0.481151,59.90441,0,14523.4,4.687522,60.11307,0,78.973,2.432359,60.00000,0,98.355,0.310989,60.05828,0,54.6259,4.463269,60.13638,0,PMU,14487.2,2.624693,59.95687,0,14386.9,0.529473,59.89975,0,14518.3,-1.546662,60.11191,0,79.2224,2.480498,59.98834,0,98.4276,0.359365,60.08393,0,54.6623,4.510080,60.15387,0,PMU
343,2.866667,14388.9,2.389576,60.05329,0,14471.3,0.296890,60.05941,0,14536.3,4.491038,59.86828,0,78.8609,2.246905,60.00466,0,97.5375,0.122146,59.96620,0,54.3803,4.269932,59.96069,0,PMU,14399.4,2.566169,60.03264,0,14457.8,0.473705,60.07806,0,14538.7,4.669150,59.86944,0,78.7257,2.421129,59.99650,0,98.0687,0.297073,59.94288,0,54.798,4.446197,59.90008,0,PMU,14483,-0.587264,59.95104,0,14390.1,3.601139,59.90675,0,14521.4,1.524081,60.11307,0,78.7439,-0.729739,59.98018,0,98.4111,3.431893,60.05129,0,54.6311,1.300881,60.11890,0,PMU,14399.9,2.577577,60.02914,0,14457.8,0.485301,60.07927,0,14541.3,4.680686,59.86945,0,78.986,2.431566,59.98485,0,97.9731,0.307144,59.92657,0,54.7718,4.455884,59.85895,0,PMU,14399.9,2.625853,60.02215,0,14448.2,0.533745,60.08160,0,14536.4,-1.553497,59.86944,0,79.1379,2.480620,60.00233,0,98.0011,0.354299,59.90325,0,54.827,4.501902,59.84380,0,PMU
344,2.875000,14467,2.386054,59.93272,0,14393.9,0.293047,59.92660,0,14535.2,4.497202,60.11773,0,78.9156,2.245929,59.98135,0,97.8789,0.123183,60.01981,0,54.4109,4.271502,60.02998,0,PMU,14485.4,2.563666,59.95221,0,14391,0.468824,59.90679,0,14523.3,4.675193,60.11540,0,78.8076,2.420396,59.98601,0,98.4263,0.299332,60.04313,0,54.7691,4.450635,60.08476,0,PMU,14396.9,-0.585616,60.03147,0,14456.3,3.605046,60.07460,0,14537.1,1.517245,59.86944,0,78.6026,-0.729800,59.99883,0,98.0156,3.428048,59.92656,0,54.7542,1.293008,59.84963,0,PMU,14486.2,2.575135,59.95337,0,14392,0.480296,59.90441,0,14523.8,4.686728,60.11540,0,78.9897,2.431871,60.00583,0,98.3946,0.310318,60.06062,0,54.621,4.461438,60.10608,0,PMU,14486.2,2.623655,59.95804,0,14386.6,0.528496,59.89975,0,14517.4,-1.547699,60.11074,0,79.2062,2.479766,59.98368,0,98.4195,0.358205,60.07460,0,54.6963,4.508982,60.13522,0,PMU
345,2.883333,14388.1,2.388783,60.05212,0,14471.2,0.296158,60.05941,0,14535.9,4.490244,59.86712,0,78.7811,2.245990,60.00117,0,97.4609,0.121292,59.96387,0,54.3391,4.268040,59.93388,0,PMU,14399.4,2.565436,60.03380,0,14457.9,0.472913,60.07810,0,14538.4,4.668357,59.86944,0,78.6933,2.420213,59.99650,0,98.0192,0.296158,59.93938,0,54.7261,4.444000,59.87327,0,PMU,14482.7,-0.588180,59.95104,0,14390.3,3.600224,59.90791,0,14521.6,1.523165,60.11307,0,78.6192,-0.730899,59.97902,0,98.3516,3.430917,60.05479,0,54.5451,1.298379,60.10258,0,PMU,14400.2,2.576722,60.03031,0,14457.6,0.484386,60.07810,0,14540.9,4.679832,59.86828,0,79.048,2.431261,59.98834,0,98.0379,0.306595,59.92889,0,54.7883,4.456128,59.89859,0,PMU,14399.2,2.624876,60.02331,0,14447.9,0.532769,60.08160,0,14535.7,-1.554535,59.86944,0,79.1511,2.480071,60.00583,0,97.8852,0.352956,59.89975,0,54.7334,4.500132,59.83098,0,PMU
346,2.891667,14466.5,2.385199,59.93156,0,14393.3,0.292254,59.92544,0,14535.3,4.496409,60.11773,0,78.8428,2.244586,59.97319,0,97.7433,0.122085,60.01515,0,54.292,4.270037,60.03814,0,PMU,14485.1,2.562873,59.95104,0,14391,0.468031,59.90675,0,14522.9,4.674338,60.11424,0,78.8456,2.419725,59.99067,0,98.3504,0.298233,60.03963,0,54.6881,4.450025,60.11507,0,PMU,14396.9,-0.586532,60.03147,0,14456.5,3.604130,60.07460,0,14536.7,1.516269,59.86828,0,78.5989,-0.730532,60.00699,0,98.0377,3.426888,59.92307,0,54.7285,1.292947,59.89625,0,PMU,14486.1,2.574286,59.95348,0,14392,0.479442,59.90558,0,14523.6,4.685874,60.11540,0,79.0386,2.431139,59.99767,0,98.3898,0.309585,60.05712,0,54.7403,4.460950,60.09209,0,PMU,14485.1,2.622679,59.95804,0,14385.9,0.527520,59.89975,0,14516.8,-1.548798,60.10957,0,79.1686,2.478606,59.97202,0,98.3486,0.356985,60.07693,0,54.706,4.509287,60.17485,0,PMU
347,2.900000,14388.3,2.387946,60.05246,0,14471.3,0.295303,60.05824,0,14536.4,4.489512,59.86828,0,78.8605,2.245318,60.01399,0,97.5243,0.120864,59.97669,0,54.3258,4.267551,59.95253,0,PMU,14399.1,2.564521,60.03147,0,14457.3,0.472059,60.07694,0,14538.4,4.667503,59.86944,0,78.6887,2.419178,59.98955,0,97.9548,0.294937,59.93705,0,54.7631,4.443084,59.86744,0,PMU,14482.8,-0.589156,59.94988,0,14390.7,3.599248,59.90675,0,14521.6,1.522189,60.11307,0,78.6619,-0.731692,59.97785,0,98.3679,3.429696,60.05362,0,54.677,1.297829,60.09325,0,PMU,14399.9,2.575868,60.03020,0,14457.5,0.483531,60.07810,0,14540.5,4.679038,59.86945,0,79.0204,2.430345,59.98485,0,97.983,0.305862,59.92889,0,54.7256,4.454175,59.87061,0,PMU,14398,2.623777,60.02098,0,14446.9,0.531670,60.07927,0,14535.3,-1.555634,59.86944,0,79.1402,2.478728,60.00233,0,97.8628,0.351797,59.90092,0,54.9091,4.499521,59.81349,0,PMU
348,2.908333,14466.9,2.384528,59.93472,0,14393.7,0.291521,59.92777,0,14535.6,4.495676,60.11773,0,78.9452,2.244159,59.97785,0,97.8692,0.121536,60.01282,0,54.297,4.269321,60.03380,0,PMU,14484.9,2.562018,59.95221,0,14390.4,0.467176,59.90675,0,14522.8,4.673484,60.11424,0,78.7313,2.418751,59.99184,0,98.3958,0.297745,60.05362,0,54.5872,4.447845,60.09092,0,PMU,14397.4,-0.587447,60.03264,0,14456.9,3.603215,60.07576,0,14537.1,1.515353,59.86944,0,78.6458,-0.731387,60.00583,0,97.9097,3.425912,59.92773,0,54.7344,1.291665,59.88227,0,PMU,14485.4,2.573432,59.95348,0,14391.4,0.478588,59.90558,0,14522.5,4.684958,60.11307,0,79.0491,2.430467,60.00233,0,98.3305,0.308609,60.05246,0,54.6709,4.461072,60.13172,0,PMU,14484.8,2.621519,59.95687,0,14385.5,0.526360,59.89859,0,14516.7,-1.549896,60.10957,0,79.204,2.477630,59.97902,0,98.3758,0.356008,60.08043,0,54.7342,4.507273,60.14804,0,PMU
349,2.916667,14388.6,2.387335,60.05362,0,14471.4,0.294634,60.05945,0,14536.1,4.488841,59.86944,0,78.8797,2.244647,60.00933,0,97.623,0.120498,59.98018,0,54.3685,4.267063,59.95687,0,PMU,14399,2.563666,60.03147,0,14457.3,0.471143,60.07577,0,14537.8,4.666648,59.86944,0,78.737,2.418934,60.00350,0,98.0552,0.294573,59.93943,0,54.7082,4.443206,59.91141,0,PMU,14482.9,-0.590011,59.95104,0,14390.7,3.598271,59.90558,0,14521.4,1.521273,60.11307,0,78.6171,-0.732852,59.97202,0,98.369,3.428902,60.05712,0,54.6733,1.297829,60.11773,0,PMU,14398.9,2.574891,60.02787,0,14456.9,0.482616,60.07693,0,14539.7,4.678062,59.86828,0,79.0256,2.429002,59.97202,0,97.959,0.305130,59.93356,0,54.767,4.453321,59.85196,0,PMU,14398.1,2.622740,60.02331,0,14447.3,0.530632,60.08160,0,14535.4,-1.556715,59.86978,0,79.175,2.477935,60.00583,0,97.9968,0.351125,59.90675,0,54.9255,4.499521,59.85196,0,PMU
350,2.925000,14467.1,2.383917,59.93472,0,14393.8,0.290911,59.92889,0,14535.6,4.495066,60.11890,0,78.899,2.243182,59.97202,0,97.87,0.120681,60.00350,0,54.3214,4.269260,60.04196,0,PMU,14484.3,2.561103,59.95104,0,14390,0.466261,59.90675,0,14522.3,4.672568,60.11307,0,78.7727,2.417713,59.97669,0,98.3018,0.296707,60.04076,0,54.6636,4.447112,60.07460,0,PMU,14397.5,-0.588363,60.03147,0,14457.2,3.602238,60.07576,0,14536.9,1.514376,59.86828,0,78.5861,-0.732546,60.00583,0,98.0236,3.424874,59.92307,0,54.8036,1.290322,59.85663,0,PMU,14485.1,2.572394,59.95232,0,14390.5,0.477611,59.90441,0,14522.6,4.684043,60.11423,0,78.9883,2.429491,60.00933,0,98.4257,0.308243,60.05945,0,54.5905,4.458753,60.10375,0,PMU,14485,2.620543,59.95804,0,14386.1,0.525383,59.89975,0,14516.9,-1.550934,60.11041,0,79.1669,2.476592,59.97435,0,98.4944,0.355154,60.07694,0,54.8543,4.506052,60.12473,0,PMU
351,2.933333,14388.2,2.386725,60.05362,0,14471.3,0.294024,60.05945,0,14535.8,4.488169,59.86828,0,78.8202,2.243609,60.00816,0,97.5034,0.119705,59.98135,0,54.343,4.266514,59.94754,0,PMU,14398.5,2.562751,60.03147,0,14456.6,0.470228,60.07577,0,14537.3,4.665735,59.86948,0,78.7385,2.417835,60.00233,0,97.899,0.293352,59.93593,0,54.6562,4.441253,59.88809,0,PMU,14483.2,-0.590987,59.94988,0,14391.2,3.597417,59.90792,0,14522,1.520419,60.11540,0,78.5623,-0.733584,59.98018,0,98.3406,3.427926,60.05828,0,54.6177,1.295754,60.10374,0,PMU,14398.4,2.573920,60.02914,0,14456.3,0.481578,60.07577,0,14539,4.677085,59.86712,0,78.9788,2.428392,59.97902,0,98.1139,0.304520,59.92889,0,54.7405,4.453199,59.89392,0,PMU,14398.1,2.621824,60.02447,0,14447.6,0.529717,60.08276,0,14536.1,-1.557630,59.87211,0,79.1121,2.476592,60.00000,0,97.9792,0.350210,59.90558,0,54.8733,4.498118,59.84846,0,PMU
352,2.941667,14466.4,2.383246,59.93356,0,14393.7,0.290240,59.92773,0,14535.4,4.494334,60.11773,0,78.8463,2.242145,59.97202,0,97.7242,0.119644,59.99883,0,54.2944,4.268467,60.03730,0,PMU,14484,2.560126,59.94988,0,14390,0.465284,59.90558,0,14522.1,4.671592,60.11186,0,78.8893,2.417408,59.99184,0,98.2669,0.295669,60.04425,0,54.6578,4.447418,60.11773,0,PMU,14396.9,-0.589279,60.03264,0,14456.8,3.601384,60.07576,0,14536.2,1.513522,59.86828,0,78.5598,-0.733645,59.99883,0,98.0002,3.424020,59.92540,0,54.7651,1.290261,59.89509,0,PMU,14484.8,2.571479,59.95337,0,14390.5,0.476634,59.90558,0,14522.3,4.683005,60.11307,0,78.9652,2.428941,60.01049,0,98.432,0.307022,60.04779,0,54.6756,4.458081,60.09325,0,PMU,14485.1,2.619688,59.95921,0,14386.3,0.524468,59.89975,0,14516.7,-1.551849,60.11041,0,79.0813,2.475249,59.97435,0,98.3974,0.353933,60.07111,0,54.7826,4.506357,60.15737,0,PMU
353,2.950000,14388,2.385993,60.05246,0,14471.4,0.293352,60.05945,0,14535.3,4.487437,59.86828,0,78.8689,2.243243,60.02098,0,97.5308,0.119094,59.98951,0,54.4262,4.265415,59.94172,0,PMU,14398.6,2.561713,60.03031,0,14456.8,0.469251,60.07577,0,14537.9,4.664697,59.86832,0,78.7761,2.416614,59.98485,0,97.9068,0.292315,59.93593,0,54.7677,4.440765,59.87294,0,PMU,14482.4,-0.591903,59.94988,0,14389.9,3.596440,59.90558,0,14521.1,1.519442,60.11307,0,78.5549,-0.734378,59.98601,0,98.2943,3.426827,60.05362,0,54.6766,1.294900,60.08859,0,PMU,14398.5,2.573066,60.03031,0,14456.9,0.480724,60.07810,0,14539,4.676169,59.86945,0,78.8881,2.427415,59.97086,0,97.9422,0.303299,59.92889,0,54.6418,4.451062,59.86595,0,PMU,14398.1,2.620970,60.02448,0,14447.7,0.528801,60.08276,0,14536.4,-1.558546,59.87211,0,79.012,2.475493,60.00466,0,97.9054,0.349111,59.90791,0,54.8795,4.497263,59.82631,0,PMU
354,2.958333,14466.6,2.382575,59.93472,0,14393.8,0.289568,59.92773,0,14535.4,4.493662,60.11890,0,78.8818,2.242022,59.97669,0,97.8293,0.119277,60.00350,0,54.37,4.268101,60.05129,0,PMU,14484.3,2.559150,59.95105,0,14390,0.464369,59.90675,0,14522.8,4.670676,60.11420,0,78.7953,2.416187,59.99184,0,98.3206,0.294876,60.04892,0,54.5674,4.445342,60.08743,0,PMU,14396.7,-0.590194,60.03264,0,14456.3,3.600407,60.07576,0,14535.4,1.512484,59.86711,0,78.5065,-0.734622,59.99534,0,97.9774,3.423104,59.92889,0,54.6652,1.288247,59.87295,0,PMU,14484.5,2.570624,59.95337,0,14390.4,0.475780,59.90558,0,14521.9,4.682151,60.11423,0,78.8661,2.427904,60.00933,0,98.2402,0.305984,60.05129,0,54.584,4.458081,60.13405,0,PMU,14485.3,2.618773,59.95804,0,14386.7,0.523552,59.89975,0,14516.9,-1.552765,60.11041,0,78.9667,2.474578,59.98251,0,98.3479,0.353140,60.07694,0,54.6825,4.504343,60.13522,0,PMU
355,2.966667,14388.2,2.385382,60.05362,0,14471.8,0.292681,60.05945,0,14535.5,4.486765,59.86828,0,78.8327,2.242755,60.01399,0,97.5823,0.118728,59.98951,0,54.5144,4.266880,59.97669,0,PMU,14398.2,2.560737,60.03030,0,14456.8,0.468336,60.07577,0,14537.9,4.663782,59.86832,0,78.7323,2.415943,59.99534,0,98.0158,0.291521,59.93593,0,54.7031,4.440582,59.90908,0,PMU,14481.8,-0.592819,59.94988,0,14389.7,3.595402,59.90442,0,14520.1,1.518466,60.11424,0,78.4686,-0.735171,59.98951,0,98.4542,3.425973,60.05479,0,54.5991,1.294839,60.12589,0,PMU,14397.9,2.572150,60.02914,0,14456.4,0.479808,60.07694,0,14538.5,4.675193,59.86712,0,78.8083,2.426073,59.96503,0,97.8723,0.302383,59.93123,0,54.7098,4.450513,59.85546,0,PMU,14398.2,2.619993,60.02331,0,14448.3,0.527886,60.08276,0,14536.7,-1.559522,59.87094,0,78.9351,2.474639,60.00117,0,97.9993,0.348867,59.91840,0,54.8623,4.497324,59.86595,0,PMU
356,2.975000,14466.8,2.382025,59.93589,0,14394.2,0.288958,59.92889,0,14535.6,4.492991,60.11890,0,78.8013,2.241473,59.97552,0,97.69,0.118606,59.99767,0,54.4588,4.268955,60.03963,0,PMU,14484.2,2.558174,59.95105,0,14389.9,0.463453,59.90675,0,14522.1,4.669700,60.11303,0,78.6951,2.415821,59.99767,0,98.2843,0.293719,60.04196,0,54.6449,4.444671,60.07810,0,PMU,14395.9,-0.591171,60.03147,0,14456.1,3.599370,60.07577,0,14534.5,1.511447,59.86595,0,78.445,-0.735537,59.99301,0,98.0339,3.422067,59.92540,0,54.7388,1.287515,59.86012,0,PMU,14484.8,2.569648,59.95221,0,14390.3,0.474803,59.90441,0,14522.3,4.681235,60.11540,0,78.9223,2.427171,60.02098,0,98.2989,0.305191,60.05362,0,54.5907,4.456800,60.12006,0,PMU,14485.9,2.617918,59.96037,0,14387.7,0.522698,59.90092,0,14517.4,-1.553742,60.11041,0,78.8993,2.474090,59.98951,0,98.5711,0.352651,60.07227,0,54.7897,4.503733,60.12240,0,PMU
357,2.983333,14388.2,2.384894,60.05479,0,14472.5,0.292132,60.06062,0,14535.4,4.486155,59.86944,0,78.8099,2.242145,60.01282,0,97.4352,0.117568,59.98018,0,54.5166,4.265964,59.94288,0,PMU,14398.1,2.559821,60.03147,0,14456.4,0.467298,60.07344,0,14537.3,4.662744,59.86715,0,78.616,2.415760,59.99883,0,98.0285,0.290117,59.93122,0,54.6962,4.439117,59.89392,0,PMU,14480.9,-0.593917,59.94754,0,14389,3.594487,59.90675,0,14520.2,1.517428,60.11424,0,78.489,-0.735659,59.99767,0,98.3446,3.425240,60.06062,0,54.5937,1.293374,60.11190,0,PMU,14398.4,2.571235,60.03031,0,14456.7,0.478832,60.07694,0,14538.3,4.674277,59.86711,0,78.8807,2.425584,59.96969,0,97.9194,0.301773,59.93472,0,54.7561,4.451123,59.89159,0,PMU,14398.5,2.619261,60.02565,0,14448.7,0.527092,60.08393,0,14537.2,-1.560316,59.87444,0,78.8397,2.474273,60.00350,0,97.9711,0.348198,59.91495,0,54.8065,4.496042,59.85312,0,PMU
358,2.991667,14466.8,2.381415,59.93356,0,14394.5,0.288408,59.92889,0,14535.9,4.492381,60.11890,0,78.8511,2.241046,59.97902,0,97.5373,0.117752,60.00350,0,54.4339,4.268589,60.05012,0,PMU,14483.7,2.557258,59.95105,0,14390.3,0.462415,59.90675,0,14522,4.668601,60.11186,0,78.694,2.414783,59.98135,0,98.3332,0.292681,60.04896,0,54.6671,4.445342,60.11890,0,PMU,14395.7,-0.592208,60.03264,0,14455.4,3.598393,60.07460,0,14534.5,1.510470,59.86711,0,78.5136,-0.736209,59.98951,0,98.0623,3.421578,59.93006,0,54.7563,1.287820,59.89393,0,PMU,14484.6,2.568732,59.95221,0,14390.6,0.473949,59.90675,0,14522.4,4.680259,60.11424,0,78.9203,2.426317,60.01399,0,98.3049,0.304214,60.04663,0,54.7004,4.456006,60.09325,0,PMU,14486,2.617064,59.95804,0,14387.3,0.521843,59.89975,0,14516.4,-1.554596,60.10924,0,78.7709,2.473113,59.97785,0,98.443,0.351736,60.06757,0,54.7499,4.503611,60.14454,0,PMU
359,3.000000,14388.7,2.384223,60.05362,0,14472.5,0.291521,60.05945,0,14536.1,4.485606,59.87061,0,78.912,2.241717,60.01282,0,97.4581,0.117385,59.99301,0,54.5435,4.265110,59.93356,0,PMU,14397.8,2.558845,60.03031,0,14456.7,0.466322,60.07460,0,14537.4,4.661706,59.86832,0,78.5779,2.414356,59.99184,0,97.9048,0.289141,59.93239,0,54.7787,4.438201,59.86362,0,PMU,14481.4,-0.594894,59.94871,0,14388.7,3.593510,59.90675,0,14520.7,1.516452,60.11424,0,78.6374,-0.736087,60.00233,0,98.4241,3.424203,60.05012,0,54.7343,1.292519,60.08975,0,PMU,14398,2.570380,60.03147,0,14456.4,0.477977,60.07694,0,14538.2,4.673362,59.86828,0,78.7935,2.424486,59.96503,0,97.7707,0.300552,59.93006,0,54.6853,4.449292,59.87177,0,PMU,14397.9,2.618346,60.02448,0,14448.7,0.526177,60.08276,0,14536.5,-1.561354,59.87094,0,78.7709,2.472930,59.99650,0,97.9982,0.347099,59.91145,0,54.889,4.494944,59.83448,0,PMU
360,3.008333,14467.5,2.380866,59.93589,0,14394.7,0.287798,59.92889,0,14535.9,4.491831,60.11890,0,78.9091,2.240985,59.98601,0,97.7539,0.117874,60.00933,0,54.4514,4.268101,60.05712,0,PMU,14483.2,2.556220,59.94988,0,14389.9,0.461500,59.90791,0,14521.9,4.667686,60.11420,0,78.6237,2.413563,59.98485,0,98.2619,0.292010,60.05479,0,54.5512,4.443023,60.09209,0,PMU,14396.5,-0.593124,60.03380,0,14456.3,3.597478,60.07577,0,14535,1.509555,59.86828,0,78.6066,-0.737002,59.98251,0,98.0981,3.420907,59.93705,0,54.7596,1.285928,59.87411,0,PMU,14484.7,2.567817,59.95104,0,14390.3,0.473035,59.90562,0,14522.3,4.679404,60.11540,0,78.8953,2.425035,60.01049,0,98.192,0.303177,60.05012,0,54.6662,4.456006,60.12823,0,PMU,14485.6,2.616026,59.95570,0,14387,0.520806,59.89742,0,14516,-1.555634,60.10924,0,78.7955,2.472503,59.99184,0,98.4781,0.350515,60.06524,0,54.7304,4.502024,60.13521,0,PMU
361,3.016667,14389.1,2.383673,60.05362,0,14472.7,0.290911,60.05945,0,14536,4.484995,59.86944,0,78.9297,2.241046,60.00117,0,97.5346,0.117019,59.98368,0,54.5822,4.264500,59.93122,0,PMU,14397.1,2.557868,60.03147,0,14456.3,0.465345,60.07344,0,14536.9,4.660730,59.86715,0,78.5749,2.413441,59.99767,0,97.9904,0.288408,59.93122,0,54.7198,4.438079,59.90558,0,PMU,14481.9,-0.595809,59.94871,0,14389.9,3.592595,59.90675,0,14521.3,1.515536,60.11424,0,78.5917,-0.737734,59.98601,0,98.4499,3.423592,60.05129,0,54.6989,1.292214,60.12006,0,PMU,14398.5,2.569465,60.03147,0,14456.3,0.477062,60.07689,0,14538.2,4.672507,59.86828,0,78.7676,2.423509,59.97086,0,97.8926,0.299698,59.93356,0,54.7637,4.448333,59.85346,0,PMU,14397.8,2.617308,60.02448,0,14448.6,0.525139,60.08276,0,14536.3,-1.562391,59.87094,0,78.8324,2.472625,60.00233,0,98.0633,0.346123,59.91611,0,54.8872,4.495249,59.87061,0,PMU
362,3.025000,14467.4,2.380316,59.93589,0,14395,0.287249,59.93006,0,14535.8,4.491221,60.11890,0,78.9081,2.240497,59.98951,0,97.6981,0.117324,60.00583,0,54.4875,4.267429,60.05595,0,PMU,14483,2.555244,59.94988,0,14390.2,0.460462,59.90675,0,14521.9,4.666648,60.11303,0,78.7236,2.412708,59.98601,0,98.2811,0.291094,60.05129,0,54.6438,4.442169,60.07810,0,PMU,14397.4,-0.593978,60.03497,0,14457.9,3.596684,60.07810,0,14536.6,1.508700,59.86945,0,78.5809,-0.738406,59.98718,0,98.0156,3.419809,59.92773,0,54.8311,1.285134,59.86479,0,PMU,14484.7,2.566962,59.95221,0,14390.5,0.472120,59.90562,0,14522.4,4.678489,60.11424,0,78.8423,2.424059,60.01049,0,98.3251,0.302566,60.05479,0,54.5903,4.454114,60.11041,0,PMU,14485.9,2.615050,59.95687,0,14386.8,0.519829,59.89859,0,14516,-1.556593,60.11074,0,78.8035,2.471892,59.98601,0,98.6169,0.349416,60.06291,0,54.8344,4.501230,60.11423,0,PMU
363,3.033333,14388.8,2.383063,60.05246,0,14472.5,0.290362,60.05945,0,14535.9,4.484385,59.86944,0,78.9134,2.240741,60.00466,0,97.4792,0.116043,59.97552,0,54.5228,4.263157,59.91840,0,PMU,14397.4,2.556892,60.03147,0,14456.5,0.464430,60.07577,0,14537.3,4.659753,59.86832,0,78.687,2.412891,60.00350,0,98.064,0.287615,59.93356,0,54.6981,4.436248,59.88693,0,PMU,14482.9,-0.596603,59.94988,0,14390.9,3.591862,59.90791,0,14523.3,1.514804,60.11656,0,78.6284,-0.738833,59.99184,0,98.3047,3.422250,60.04662,0,54.652,1.290506,60.10258,0,PMU,14398.5,2.568610,60.03147,0,14457,0.476146,60.07689,0,14538,4.671592,59.86828,0,78.69,2.422655,59.97319,0,97.9521,0.299209,59.93589,0,54.7159,4.448394,59.89076,0,PMU,14397.7,2.616392,60.02565,0,14448.8,0.524163,60.08276,0,14536.3,-1.563307,59.87177,0,78.795,2.471343,59.98951,0,98.0208,0.345085,59.91728,0,54.8473,4.493540,59.85313,0,PMU
364,3.041667,14466.9,2.379645,59.93472,0,14394.3,0.286638,59.92889,0,14535.7,4.490611,60.11890,0,78.866,2.240069,59.98718,0,97.5663,0.116592,60.01049,0,54.3954,4.266697,60.06761,0,PMU,14483,2.554328,59.95104,0,14390.1,0.459547,59.90675,0,14521.4,4.665674,60.11307,0,78.7439,2.411854,59.98018,0,98.4111,0.290301,60.05129,0,54.6311,4.442474,60.11890,0,PMU,14398,-0.594772,60.03497,0,14458.8,3.595891,60.07694,0,14537.3,1.507907,59.86828,0,78.5645,-0.739321,59.99067,0,97.9253,3.418771,59.93356,0,54.7608,1.284829,59.89159,0,PMU,14484.8,2.566108,59.95221,0,14390.9,0.471265,59.90679,0,14522.7,4.677634,60.11540,0,78.8095,2.422899,60.00466,0,98.3226,0.301651,60.04663,0,54.7042,4.453504,60.09758,0,PMU,14485,2.614073,59.95570,0,14386.6,0.518853,59.89859,0,14515.5,-1.557569,60.10957,0,78.7733,2.470611,59.98601,0,98.5326,0.348381,60.06295,0,54.7609,4.500559,60.13405,0,PMU
365,3.050000,14388.1,2.382392,60.05246,0,14471.5,0.289690,60.05828,0,14535.5,4.483714,59.86828,0,78.8864,2.239947,59.99767,0,97.4221,0.115493,59.97902,0,54.4691,4.261997,59.91024,0,PMU,14396.9,2.555976,60.03147,0,14456.3,0.463453,60.07460,0,14537.1,4.658838,59.86944,0,78.6026,2.411793,59.99883,0,98.0156,0.286455,59.92656,0,54.7542,4.434600,59.84963,0,PMU,14483.3,-0.597455,59.94875,0,14391.4,3.591069,59.90791,0,14523.8,1.513949,60.11540,0,78.6434,-0.739626,59.99417,0,98.1102,3.420785,60.03846,0,54.6763,1.289224,60.08393,0,PMU,14399,2.567817,60.03264,0,14457.4,0.475353,60.07806,0,14538.5,4.670798,59.86944,0,78.6724,2.421922,59.98135,0,97.9332,0.298355,59.93705,0,54.7165,4.447112,59.87794,0,PMU,14397.7,2.615416,60.02565,0,14448.6,0.523186,60.08276,0,14536.7,-1.564283,59.87178,0,78.7932,2.470061,59.98951,0,98.0973,0.344047,59.91724,0,54.8232,4.492442,59.84497,0,PMU
366,3.058333,14466.9,2.378974,59.93472,0,14394.2,0.285967,59.92889,0,14536.3,4.489939,60.11890,0,78.9041,2.239886,59.99883,0,97.7702,0.116592,60.02098,0,54.3929,4.265903,60.07460,0,PMU,14482.7,2.553413,59.95104,0,14390.3,0.458631,59.90791,0,14521.6,4.664758,60.11307,0,78.6192,2.410694,59.97902,0,98.3516,0.289324,60.05479,0,54.5451,4.439971,60.10258,0,PMU,14398.5,-0.595626,60.03493,0,14459.5,3.595097,60.07693,0,14537.7,1.507053,59.86828,0,78.6105,-0.739870,59.99534,0,97.7276,3.418100,59.94872,0,54.7062,1.283303,59.88693,0,PMU,14485.1,2.565314,59.95221,0,14391,0.470472,59.90679,0,14523,4.676780,60.11424,0,78.7712,2.421861,59.99883,0,98.33,0.300796,60.04663,0,54.6925,4.453260,60.11740,0,PMU,14485.2,2.613219,59.95804,0,14386.4,0.517937,59.89976,0,14515.4,-1.558424,60.11191,0,78.7937,2.470122,60.00117,0,98.5611,0.347771,60.07111,0,54.6518,4.499338,60.13172,0,PMU
367,3.066667,14388.5,2.381781,60.05362,0,14471.9,0.289080,60.05945,0,14536.1,4.483164,59.87061,0,78.932,2.239764,59.99767,0,97.6544,0.115127,59.97202,0,54.5269,4.261814,59.92190,0,PMU,14396.9,2.555061,60.03147,0,14456.5,0.462537,60.07460,0,14536.7,4.657861,59.86828,0,78.5989,2.411060,60.00699,0,98.0377,0.285296,59.92307,0,54.7285,4.434539,59.89625,0,PMU,14483,-0.598309,59.94875,0,14391.2,3.590153,59.90558,0,14523.3,1.513034,60.11423,0,78.6402,-0.740603,59.98601,0,98.2474,3.420602,60.04779,0,54.6264,1.289712,60.12240,0,PMU,14399.1,2.567023,60.03264,0,14457.5,0.474559,60.07806,0,14538.7,4.669944,59.86944,0,78.6275,2.421251,59.98834,0,97.8776,0.297501,59.93705,0,54.7659,4.445892,59.85928,0,PMU,14398.2,2.614622,60.02681,0,14448.9,0.522271,60.08276,0,14535.7,-1.565077,59.87294,0,78.8534,2.469695,59.99184,0,98.1662,0.343681,59.92190,0,54.7873,4.492686,59.87295,0,PMU
368,3.075000,13214.1,2.561164,63.42596,0,13224.8,0.658045,67.04671,0,15428,-1.533356,65.09292,1,74.9787,2.425951,63.55590,0,86.2529,0.461500,66.61523,0,58.1342,4.572133,65.92666,0,PMU,14482.8,2.552436,59.94988,0,14390.7,0.457655,59.90675,0,14521.6,4.663782,60.11307,0,78.6619,2.409901,59.97785,0,98.3679,0.288103,60.05362,0,54.677,4.439422,60.09325,0,PMU,14397.9,-0.596542,60.03376,0,14459.5,3.594060,60.07460,0,14537.1,1.506076,59.86712,0,78.6378,-0.740969,59.99301,0,97.9719,3.417550,59.94172,0,54.7604,1.282510,59.86245,0,PMU,14485.2,2.564460,59.95104,0,14391.3,0.469618,59.90562,0,14523.4,4.675986,60.11540,0,78.8145,2.421312,60.00117,0,98.3168,0.300064,60.04896,0,54.6523,4.451429,60.10574,0,PMU,14484.7,2.612364,59.95687,0,14385.4,0.517022,59.89976,0,14514.4,-1.559217,60.11191,0,78.7941,2.469451,59.99534,0,98.5992,0.346733,60.05828,0,54.6909,4.498179,60.10491,0,PMU
369,3.083333,14412.1,2.930007,67.04438,1,14421,0.839654,63.46847,1,14556.5,-1.245730,65.49325,1,79.6393,2.788514,66.92445,0,98.6262,0.665794,63.90173,0,54.4503,-1.455852,64.87396,0,POW,14397.4,2.554145,60.03264,0,14456.9,0.461622,60.07576,0,14537.1,4.656946,59.86944,0,78.6458,2.410206,60.00583,0,97.9097,0.284319,59.92773,0,54.7344,4.433258,59.88227,0,PMU,14482.4,-0.599347,59.94642,0,14390.5,3.589116,59.90558,0,14523.2,1.512057,60.11423,0,78.7377,-0.741274,59.99417,0,98.3308,3.419870,60.04430,0,54.5681,1.287881,60.10258,0,PMU,14399.4,2.566169,60.03264,0,14457.8,0.473705,60.07806,0,14538.7,4.669150,59.86944,0,78.7257,2.421129,59.99650,0,98.0687,0.297073,59.94288,0,54.798,4.446197,59.90008,0,PMU,14397.2,2.613707,60.02564,0,14448.3,0.521355,60.08276,0,14534.4,-1.566053,59.86944,0,78.7843,2.468474,59.98135,0,98.0702,0.342705,59.92306,0,54.6798,4.490855,59.86012,0,PMU
370,3.091667,14506.6,2.929763,59.99534,1,14374.8,0.833733,59.88693,1,14507.5,-1.240054,60.10841,1,79.7181,2.788392,59.99767,0,98.581,0.664817,59.98135,0,54.4939,-1.455486,60.00699,0,POW,14482.9,2.551582,59.95104,0,14390.7,0.456678,59.90558,0,14521.4,4.662866,60.11307,0,78.6171,2.408741,59.97202,0,98.369,0.287310,60.05712,0,54.6733,4.439422,60.11773,0,PMU,14397.4,-0.597638,60.03264,0,14458.9,3.593022,60.07460,0,14536.3,1.505099,59.86712,0,78.6893,-0.741701,59.99184,0,98.0688,3.416757,59.94055,0,54.7322,1.282022,59.88809,0,PMU,14485.4,2.563666,59.95221,0,14391,0.468824,59.90679,0,14523.3,4.675193,60.11540,0,78.8076,2.420396,59.98601,0,98.4263,0.299332,60.04313,0,54.7691,4.450635,60.08476,0,PMU,14483.8,2.611388,59.95570,0,14385.4,0.516106,59.89976,0,14513.6,-1.560194,60.11191,0,78.7719,2.468413,59.99883,0,98.5191,0.346001,60.06295,0,54.6683,4.498362,60.14337,0,PMU
371,3.100000,14416.5,2.929213,59.98951,1,14418.4,0.838921,60.09908,0,14558.7,-1.246097,59.88460,1,79.6286,2.787843,59.98951,0,98.5501,0.665306,60.00933,0,54.4341,-1.456280,59.98485,0,POW,14397.5,2.553230,60.03147,0,14457.2,0.460645,60.07576,0,14536.9,4.655969,59.86828,0,78.5861,2.409046,60.00583,0,98.0236,0.283282,59.92307,0,54.8036,4.431915,59.85663,0,PMU,14481.8,-0.600385,59.94754,0,14390.2,3.588139,59.90675,0,14523.1,1.510958,60.11190,0,78.7575,-0.742434,59.98601,0,98.3324,3.418405,60.03147,0,54.7164,1.287637,60.10724,0,PMU,14399.4,2.565436,60.03380,0,14457.9,0.472913,60.07810,0,14538.4,4.668357,59.86944,0,78.6933,2.420213,59.99650,0,98.0192,0.296158,59.93938,0,54.7261,4.444000,59.87327,0,PMU,14397.2,2.612730,60.02565,0,14448.7,0.520440,60.08276,0,14534.8,-1.567030,59.86944,0,78.8152,2.467498,59.98251,0,98.1059,0.341850,59.92073,0,54.8229,4.490550,59.85080,0,PMU
372,3.108333,14507,2.928908,59.99417,0,14374.9,0.832818,59.88344,0,14507.4,-1.240970,60.09792,0,79.6928,2.787354,59.99067,0,98.6081,0.663780,59.97086,0,54.475,-1.456646,59.99301,0,POW,14483.2,2.550605,59.94988,0,14391.2,0.455824,59.90792,0,14522,4.662012,60.11540,0,78.5623,2.408009,59.98018,0,98.3406,0.286333,60.05828,0,54.6177,4.437347,60.10374,0,PMU,14397.5,-0.598615,60.03380,0,14458.8,3.592045,60.07460,0,14536.8,1.504123,59.86945,0,78.7232,-0.742495,59.99883,0,97.9361,3.415597,59.94638,0,54.7804,1.281594,59.88460,0,PMU,14485.1,2.562873,59.95104,0,14391,0.468031,59.90675,0,14522.9,4.674338,60.11424,0,78.8456,2.419725,59.99067,0,98.3504,0.298233,60.03963,0,54.6881,4.450025,60.11507,0,PMU,14484.7,2.610533,59.95804,0,14385.6,0.515252,59.90092,0,14514.9,-1.561048,60.11424,0,78.8352,2.467742,60.00466,0,98.5241,0.345329,60.06644,0,54.7141,4.497080,60.12472,0,PMU
373,3.116667,14416.4,2.928298,59.98834,0,14418.4,0.838006,60.09908,0,14558.4,-1.247073,59.88343,0,79.6225,2.787110,59.99534,0,98.5265,0.664207,60.00816,0,54.4519,-1.457134,59.99067,0,POW,14396.9,2.552314,60.03264,0,14456.8,0.459791,60.07576,0,14536.2,4.655115,59.86828,0,78.5598,2.407948,59.99883,0,98.0002,0.282427,59.92540,0,54.7651,4.431854,59.89509,0,PMU,14481.8,-0.601300,59.94871,0,14389.8,3.587224,59.90791,0,14522.7,1.510104,60.11423,0,78.6879,-0.743655,59.97785,0,98.2583,3.417123,60.02914,0,54.716,1.288186,60.12589,0,PMU,14399.1,2.564521,60.03147,0,14457.3,0.472059,60.07694,0,14538.4,4.667503,59.86944,0,78.6887,2.419178,59.98955,0,97.9548,0.294937,59.93705,0,54.7631,4.443084,59.86744,0,PMU,14398.2,2.611998,60.02798,0,14449.8,0.519585,60.08276,0,14535.4,-1.567884,59.86944,0,78.838,2.466582,59.97785,0,98.1805,0.341423,59.92540,0,54.8603,4.490611,59.87644,0,PMU
374,3.125000,14506.5,2.927932,59.99301,0,14375.4,0.831902,59.88344,0,14507.7,-1.241946,60.09792,0,79.668,2.786439,59.98718,0,98.566,0.663231,59.98135,0,54.506,-1.457622,59.99067,0,POW,14482.4,2.549690,59.94988,0,14389.9,0.454847,59.90558,0,14521.1,4.661035,60.11307,0,78.5549,2.407215,59.98601,0,98.2943,0.285235,60.05362,0,54.6766,4.436492,60.08859,0,PMU,14397.4,-0.599469,60.03497,0,14459,3.591191,60.07577,0,14536.2,1.503146,59.86712,0,78.6163,-0.744021,59.99301,0,97.6064,3.413949,59.93938,0,54.8278,1.280679,59.85662,0,PMU,14484.9,2.562018,59.95221,0,14390.4,0.467176,59.90675,0,14522.8,4.673484,60.11424,0,78.7313,2.418751,59.99184,0,98.3958,0.297745,60.05362,0,54.5872,4.447845,60.09092,0,PMU,14485.9,2.609862,59.95920,0,14386.9,0.514458,59.90208,0,14516,-1.561842,60.11540,0,78.8021,2.466826,60.00466,0,98.6636,0.344353,60.05595,0,54.7714,4.495554,60.09442,0,PMU
375,3.133333,14416.3,2.927321,59.98834,0,14418,0.837090,60.09908,0,14558.7,-1.247928,59.88576,0,79.6608,2.786561,60.00233,0,98.6035,0.663414,60.00350,0,54.4845,-1.457744,59.99767,0,POW,14396.7,2.551399,60.03264,0,14456.3,0.458814,60.07576,0,14535.4,4.654077,59.86711,0,78.5065,2.406971,59.99534,0,97.9774,0.281512,59.92889,0,54.6652,4.429840,59.87295,0,PMU,14481.2,-0.602277,59.94638,0,14390,3.586430,59.90908,0,14523,1.509127,60.11423,0,78.612,-0.744997,59.98135,0,97.8373,3.415963,60.03847,0,54.6416,1.286233,60.10608,0,PMU,14399,2.563666,60.03147,0,14457.3,0.471143,60.07577,0,14537.8,4.666648,59.86944,0,78.737,2.418934,60.00350,0,98.0552,0.294573,59.93943,0,54.7082,4.443206,59.91141,0,PMU,14399.3,2.611265,60.02681,0,14451.3,0.518853,60.08393,0,14536.3,-1.568617,59.87061,0,78.775,2.465606,59.97669,0,98.1543,0.340141,59.91957,0,54.7717,4.488474,59.86478,0,PMU
376,3.141667,14506.1,2.927077,59.99534,0,14375,0.831048,59.88460,0,14507.5,-1.242801,60.09792,0,79.6861,2.785707,59.98368,0,98.5561,0.661949,59.97202,0,54.4726,-1.458721,59.98135,0,POW,14481.8,2.548774,59.94988,0,14389.7,0.453810,59.90442,0,14520.1,4.660058,60.11424,0,78.4686,2.406422,59.98951,0,98.4542,0.284380,60.05479,0,54.5991,4.436431,60.12589,0,PMU,14397.1,-0.600507,60.03380,0,14458.9,3.590275,60.07344,0,14536.2,1.502170,59.86712,0,78.5937,-0.745180,59.99650,0,97.5474,3.412851,59.94055,0,54.7882,1.280252,59.88576,0,PMU,14484.3,2.561103,59.95104,0,14390,0.466261,59.90675,0,14522.3,4.672568,60.11307,0,78.7727,2.417713,59.97669,0,98.3018,0.296707,60.04076,0,54.6636,4.447112,60.07460,0,PMU,14487,2.609068,59.95804,0,14388,0.513726,59.90208,0,14516.9,-1.562635,60.11424,0,78.7818,2.465972,60.00699,0,98.5508,0.343498,60.06411,0,54.7697,4.495371,60.13172,0,PMU
377,3.150000,14415.9,2.926528,59.98951,0,14417.9,0.836236,60.09908,0,14558,-1.248843,59.88460,0,79.651,2.785829,60.00233,0,98.5203,0.662132,60.00350,0,54.3763,-1.459698,59.98135,0,POW,14395.9,2.550422,60.03147,0,14456.1,0.457777,60.07577,0,14534.5,4.653039,59.86595,0,78.445,2.406055,59.99301,0,98.0339,0.280474,59.92540,0,54.7388,4.429107,59.86012,0,PMU,14481,-0.603192,59.94871,0,14389.8,3.585454,59.90791,0,14522.8,1.508151,60.11424,0,78.5852,-0.745974,59.98485,0,97.8121,3.414987,60.04080,0,54.7327,1.285195,60.09442,0,PMU,14398.5,2.562751,60.03147,0,14456.6,0.470228,60.07577,0,14537.3,4.665735,59.86948,0,78.7385,2.417835,60.00233,0,97.899,0.293352,59.93593,0,54.6562,4.441253,59.88809,0,PMU,14400.5,2.610472,60.02681,0,14451.9,0.518059,60.08276,0,14537.4,-1.569410,59.87061,0,78.7419,2.464813,59.97785,0,98.104,0.339409,59.92190,0,54.8662,4.487864,59.85662,0,PMU
378,3.158333,14505.3,2.926223,59.99417,0,14375,0.830193,59.88460,0,14507.1,-1.243716,60.09792,0,79.6615,2.784852,59.98135,0,98.5297,0.661033,59.97902,0,54.4151,-1.459881,59.99650,0,POW,14480.9,2.547676,59.94754,0,14389,0.452894,59.90675,0,14520.2,4.659021,60.11424,0,78.489,2.405933,59.99767,0,98.3446,0.283648,60.06062,0,54.5937,4.434967,60.11190,0,PMU,14397.2,-0.601422,60.03380,0,14459.2,3.589299,60.07344,0,14536.2,1.501193,59.86711,0,78.6102,-0.745913,60.00117,0,97.5644,3.412301,59.94871,0,54.7733,1.278665,59.87527,0,PMU,14484,2.560126,59.94988,0,14390,0.465284,59.90558,0,14522.1,4.671592,60.11186,0,78.8893,2.417408,59.99184,0,98.2669,0.295669,60.04425,0,54.6578,4.447418,60.11773,0,PMU,14488.2,2.608214,59.95687,0,14388.3,0.512932,59.90208,0,14518.5,-1.563368,60.11540,0,78.7435,2.465240,60.00816,0,98.599,0.342827,60.06528,0,54.711,4.493662,60.11074,0,PMU
379,3.166667,14415.2,2.925612,59.98834,0,14417.3,0.835320,60.09791,0,14557.5,-1.249737,59.88502,0,79.6689,2.785096,60.00466,0,98.5596,0.661277,60.00466,0,54.4392,-1.459881,60.00000,0,POW,14395.7,2.549384,60.03264,0,14455.4,0.456800,60.07460,0,14534.5,4.652063,59.86711,0,78.5136,2.405384,59.98951,0,98.0623,0.279986,59.93006,0,54.7563,4.429413,59.89393,0,PMU,14480.8,-0.604108,59.94871,0,14389.9,3.584477,59.90791,0,14522.5,1.507175,60.11424,0,78.578,-0.746828,59.98251,0,97.9557,3.414560,60.04313,0,54.739,1.285318,60.12706,0,PMU,14398.6,2.561713,60.03031,0,14456.8,0.469251,60.07577,0,14537.9,4.664697,59.86832,0,78.7761,2.416614,59.98485,0,97.9068,0.292315,59.93593,0,54.7677,4.440765,59.87294,0,PMU,14402,2.609618,60.02681,0,14453.1,0.517266,60.08276,0,14538.7,-1.570204,59.86944,0,78.7662,2.464141,59.97902,0,98.1851,0.338737,59.92190,0,54.8607,4.487620,59.88460,0,PMU
380,3.175000,14504.4,2.925307,59.99417,0,14374.4,0.829217,59.88344,0,14506.6,-1.244693,60.09633,0,79.6845,2.784120,59.98135,0,98.5738,0.660484,59.98485,0,54.4826,-1.460308,59.99184,0,POW,14481.4,2.546699,59.94871,0,14388.7,0.451918,59.90675,0,14520.7,4.658044,60.11424,0,78.6374,2.405506,60.00233,0,98.4241,0.282610,60.05012,0,54.7343,4.434112,60.08975,0,PMU,14396.5,-0.602460,60.03147,0,14458.7,3.588261,60.07227,0,14535.3,1.500156,59.86595,0,78.5724,-0.746767,60.00117,0,97.5987,3.411325,59.93822,0,54.8229,1.277200,59.84496,0,PMU,14484.3,2.559150,59.95105,0,14390,0.464369,59.90675,0,14522.8,4.670676,60.11420,0,78.7953,2.416187,59.99184,0,98.3206,0.294876,60.04892,0,54.5674,4.445342,60.08743,0,PMU,14489.6,2.607481,59.95920,0,14390,0.512200,59.90325,0,14520.1,-1.564100,60.11657,0,78.783,2.464691,60.01049,0,98.6012,0.341972,60.06178,0,54.777,4.492503,60.09325,0,PMU
381,3.183333,14415,2.924636,59.98718,0,14416.8,0.834344,60.09791,0,14557.3,-1.250713,59.88502,0,79.7193,2.784364,60.00466,0,98.6789,0.660240,59.99534,0,54.4549,-1.460918,59.98834,0,POW,14396.5,2.548469,60.03380,0,14456.3,0.455885,60.07577,0,14535,4.651147,59.86828,0,78.6066,2.404591,59.98251,0,98.0981,0.279314,59.93705,0,54.7596,4.427521,59.87411,0,PMU,14479.6,-0.605206,59.94754,0,14389.1,3.583457,59.90824,0,14521.4,1.506076,60.11307,0,78.5479,-0.747256,59.99067,0,97.846,3.413705,60.04546,0,54.6561,1.283059,60.11191,0,PMU,14398.2,2.560737,60.03030,0,14456.8,0.468336,60.07577,0,14537.9,4.663782,59.86832,0,78.7323,2.415943,59.99534,0,98.0158,0.291521,59.93593,0,54.7031,4.440582,59.90908,0,PMU,14402.6,2.608946,60.02798,0,14453.9,0.516534,60.08276,0,14539.2,4.712285,59.87012,0,78.7245,2.463409,59.97552,0,98.0558,0.337761,59.91957,0,54.7522,4.485850,59.87294,0,PMU
382,3.191667,14505,2.924453,59.99650,0,14375,0.828362,59.88577,0,14506.9,-1.245547,60.09866,0,79.7031,2.783021,59.97435,0,98.6222,0.659632,59.98838,0,54.4961,-1.461162,59.99534,0,POW,14481.9,2.545783,59.94871,0,14389.9,0.451002,59.90675,0,14521.3,4.657129,60.11424,0,78.5917,2.403858,59.98601,0,98.4499,0.282000,60.05129,0,54.6989,4.433807,60.12006,0,PMU,14394.9,-0.603559,60.03147,0,14457.5,3.587163,60.07078,0,14533.9,1.498996,59.86478,0,78.5712,-0.747378,59.99767,0,97.6044,3.410531,59.93939,0,54.7846,1.277078,59.88576,0,PMU,14484.2,2.558174,59.95105,0,14389.9,0.463453,59.90675,0,14522.1,4.669700,60.11303,0,78.6951,2.415821,59.99767,0,98.2843,0.293719,60.04196,0,54.6449,4.444671,60.07810,0,PMU,14490.2,2.606749,59.95804,0,14390.6,0.511468,59.90325,0,14520.8,-1.564832,60.11590,0,78.7393,2.463836,60.00816,0,98.5355,0.341240,60.06644,0,54.702,4.492381,60.12473,0,PMU
383,3.200000,14415.2,2.923843,59.98834,0,14417.5,0.833550,60.09908,0,14557.3,-1.251507,59.88619,0,79.6895,2.783326,60.00583,0,98.6475,0.659082,59.98951,0,54.4168,-1.462322,59.97785,0,POW,14397.4,2.547614,60.03497,0,14457.9,0.455091,60.07810,0,14536.6,4.650293,59.86945,0,78.5809,2.403187,59.98718,0,98.0156,0.278216,59.92773,0,54.8311,4.426727,59.86479,0,PMU,14478.6,-0.606244,59.94871,0,14388.1,3.582358,59.90824,0,14520.7,1.504977,60.11424,0,78.5387,-0.748110,59.98601,0,97.8955,3.412729,60.04196,0,54.7719,1.282205,60.09792,0,PMU,14398.1,2.559821,60.03147,0,14456.4,0.467298,60.07344,0,14537.3,4.662744,59.86715,0,78.616,2.415760,59.99883,0,98.0285,0.290117,59.93122,0,54.6962,4.439117,59.89392,0,PMU,14402.5,2.608153,60.02681,0,14454.3,0.515740,60.08160,0,14539.5,4.711491,59.86895,0,78.6965,2.462737,59.97902,0,98.169,0.337090,59.92073,0,54.8216,4.484995,59.85895,0,PMU
384,3.208333,14505.8,2.923598,59.99534,0,14375.9,0.827508,59.88460,0,14507.3,-1.246402,60.09749,0,79.6824,2.781983,59.97435,0,98.5631,0.658167,59.98251,0,54.4459,-1.462505,59.99650,0,PMU,14482.9,2.544990,59.94988,0,14390.9,0.450270,59.90791,0,14523.3,4.656396,60.11656,0,78.6284,2.402760,59.99184,0,98.3047,0.280657,60.04662,0,54.652,4.432098,60.10258,0,PMU,14393.3,-0.604596,60.03147,0,14456,3.586125,60.07195,0,14532.1,1.498019,59.86711,0,78.5693,-0.748293,59.99650,0,97.4894,3.409555,59.93938,0,54.7477,1.275249,59.86715,0,PMU,14483.7,2.557258,59.95105,0,14390.3,0.462415,59.90675,0,14522,4.668601,60.11186,0,78.694,2.414783,59.98135,0,98.3332,0.292681,60.04896,0,54.6671,4.445342,60.11890,0,PMU,14489.6,2.605833,59.95570,0,14390.4,0.510552,59.90092,0,14520.7,-1.565748,60.11357,0,78.7149,2.462982,60.00466,0,98.5807,0.340263,60.06062,0,54.6368,4.490488,60.10491,0,PMU
385,3.216667,14417,2.923049,59.98951,0,14418.8,0.832757,60.10025,0,14558.9,-1.252300,59.88735,0,79.7128,2.782228,60.00466,0,98.5739,0.657618,59.98951,0,54.4267,-1.462993,59.99067,0,PMU,14398,2.546821,60.03497,0,14458.8,0.454298,60.07694,0,14537.3,4.649500,59.86828,0,78.5645,2.402272,59.99067,0,97.9253,0.277178,59.93356,0,54.7608,4.426422,59.89159,0,PMU,14477,-0.607282,59.94871,0,14387,3.581320,59.90824,0,14518.6,1.503879,60.11191,0,78.5001,-0.748965,59.98718,0,97.926,3.412057,60.04779,0,54.7297,1.281778,60.12469,0,PMU,14397.8,2.558845,60.03031,0,14456.7,0.466322,60.07460,0,14537.4,4.661706,59.86832,0,78.5779,2.414356,59.99184,0,97.9048,0.289141,59.93239,0,54.7787,4.438201,59.86362,0,PMU,14402,2.607237,60.02681,0,14454,0.514764,60.08043,0,14539.1,4.710514,59.86778,0,78.6881,2.461700,59.97552,0,98.1213,0.336174,59.92190,0,54.8078,4.484995,59.89509,0,PMU
386,3.225000,14507.6,2.922866,59.99650,0,14377.4,0.826776,59.88576,0,14508.6,-1.247134,60.09866,0,79.6736,2.780946,59.97552,0,98.5487,0.657618,60.00000,0,54.4603,-1.463358,59.99305,0,PMU,14483.3,2.544138,59.94875,0,14391.4,0.449476,59.90791,0,14523.8,4.655542,60.11540,0,78.6434,2.401966,59.99417,0,98.1102,0.279192,60.03846,0,54.6763,4.430816,60.08393,0,PMU,14392.2,-0.605634,60.03147,0,14455.4,3.585026,60.07078,0,14531.2,1.496921,59.86711,0,78.5651,-0.749148,59.99650,0,97.6451,3.408456,59.93122,0,54.7847,1.274089,59.85317,0,PMU,14483.2,2.556220,59.94988,0,14389.9,0.461500,59.90791,0,14521.9,4.667686,60.11420,0,78.6237,2.413563,59.98485,0,98.2619,0.292010,60.05479,0,54.5512,4.443023,60.09209,0,PMU,14489.5,2.604920,59.95575,0,14390.3,0.509637,59.90208,0,14520.7,-1.566725,60.11357,0,78.7188,2.462188,60.00933,0,98.5679,0.339287,60.05945,0,54.7175,4.489817,60.09209,0,PMU
387,3.233333,14417.4,2.922256,59.98834,0,14419,0.831964,60.09908,0,14558.9,-1.253094,59.88619,0,79.7104,2.781373,60.00816,0,98.594,0.656702,59.98251,0,54.3923,-1.463907,59.98951,0,PMU,14398.5,2.545967,60.03493,0,14459.5,0.453505,60.07693,0,14537.7,4.648645,59.86828,0,78.6105,2.401722,59.99534,0,97.7276,0.276507,59.94872,0,54.7062,4.424896,59.88693,0,PMU,14476.3,-0.608319,59.94871,0,14386.9,3.580283,59.90940,0,14518.2,1.502841,60.11307,0,78.5278,-0.749758,59.98834,0,97.8972,3.411020,60.04896,0,54.6851,1.279946,60.11186,0,PMU,14397.1,2.557868,60.03147,0,14456.3,0.465345,60.07344,0,14536.9,4.660730,59.86715,0,78.5749,2.413441,59.99767,0,97.9904,0.288408,59.93122,0,54.7198,4.438079,59.90558,0,PMU,14402.2,2.606322,60.02677,0,14454.1,0.513848,60.08043,0,14538.8,4.709599,59.86895,0,78.6542,2.460601,59.96969,0,98.072,0.335075,59.91957,0,54.7649,4.483531,59.87994,0,PMU
388,3.241667,14507.2,2.921950,59.99417,0,14377.7,0.825799,59.88227,0,14508.1,-1.248050,60.09633,0,79.6161,2.780091,59.97552,0,98.493,0.656824,60.00233,0,54.4185,-1.464456,59.98951,0,PMU,14483,2.543283,59.94875,0,14391.2,0.448561,59.90558,0,14523.3,4.654626,60.11423,0,78.6402,2.400990,59.98601,0,98.2474,0.279009,60.04779,0,54.6264,4.431305,60.12240,0,PMU,14391.3,-0.606671,60.03147,0,14455.3,3.584050,60.07195,0,14531.3,1.495944,59.86828,0,78.6048,-0.750429,59.98718,0,97.6095,3.407541,59.93356,0,54.7716,1.273723,59.88114,0,PMU,14483,2.555244,59.94988,0,14390.2,0.460462,59.90675,0,14521.9,4.666648,60.11303,0,78.7236,2.412708,59.98601,0,98.2811,0.291094,60.05129,0,54.6438,4.442169,60.07810,0,PMU,14489.3,2.604004,59.95575,0,14390.4,0.508721,59.90208,0,14520.2,-1.567640,60.11357,0,78.6703,2.460845,60.00466,0,98.4833,0.338371,60.06295,0,54.6907,4.489817,60.12006,0,PMU
389,3.250000,14417.8,2.921279,59.98718,0,14419.6,0.830926,60.09792,0,14559.1,-1.254070,59.88502,0,79.6904,2.780213,60.00233,0,98.5267,0.655542,59.97552,0,54.3628,-1.464883,59.99184,0,PMU,14397.9,2.545051,60.03376,0,14459.5,0.452467,60.07460,0,14537.1,4.647669,59.86712,0,78.6378,2.400624,59.99301,0,97.9719,0.275958,59.94172,0,54.7604,4.424103,59.86245,0,PMU,14476.6,-0.609296,59.94988,0,14386.7,3.579428,59.91173,0,14519,1.501926,60.11424,0,78.547,-0.750674,59.99534,0,97.8324,3.409921,60.04546,0,54.7571,1.278360,60.08855,0,PMU,14397.4,2.556892,60.03147,0,14456.5,0.464430,60.07577,0,14537.3,4.659753,59.86832,0,78.687,2.412891,60.00350,0,98.064,0.287615,59.93356,0,54.6981,4.436248,59.88693,0,PMU,14401.9,2.605408,60.02681,0,14453.6,0.512932,60.08043,0,14538.4,4.708683,59.86895,0,78.5889,2.459442,59.97319,0,98.0312,0.334099,59.91840,0,54.8308,4.482493,59.86012,0,PMU
390,3.258333,14507.7,2.921035,59.99534,0,14378.3,0.824822,59.88343,0,14508.2,-1.249065,60.09559,0,79.606,2.779176,59.98018,0,98.5028,0.656092,60.01049,0,54.4623,-1.464578,60.00583,0,PMU,14482.4,2.542246,59.94642,0,14390.5,0.447523,59.90558,0,14523.2,4.653650,60.11423,0,78.7377,2.400318,59.99417,0,98.3308,0.278277,60.04430,0,54.5681,4.429474,60.10258,0,PMU,14391.2,-0.607526,60.03380,0,14454.6,3.583212,60.07227,0,14531.4,1.495151,59.87061,0,78.6061,-0.751589,59.98251,0,97.477,3.406564,59.93589,0,54.6451,1.271831,59.87531,0,PMU,14483,2.554328,59.95104,0,14390.1,0.459547,59.90675,0,14521.4,4.665674,60.11307,0,78.7439,2.411854,59.98018,0,98.4111,0.290301,60.05129,0,54.6311,4.442474,60.11890,0,PMU,14488.6,2.603028,59.95454,0,14389.7,0.507806,59.90208,0,14519.8,-1.568617,60.11240,0,78.6425,2.460357,60.01749,0,98.3922,0.337456,60.06411,0,54.597,4.487925,60.10375,0,PMU
391,3.266667,14417.5,2.920303,59.98601,0,14419.5,0.829949,60.09792,0,14558.9,-1.255108,59.88460,0,79.65,2.779054,59.99767,0,98.5031,0.654749,59.97435,0,54.4628,-1.464944,59.99301,0,PMU,14397.4,2.543955,60.03264,0,14458.9,0.451429,60.07460,0,14536.3,4.646692,59.86712,0,78.6893,2.399891,59.99184,0,98.0688,0.275164,59.94055,0,54.7322,4.423614,59.88809,0,PMU,14476.9,-0.610150,59.94988,0,14387.1,3.578513,59.91024,0,14518.9,1.501071,60.11307,0,78.5432,-0.751772,59.99650,0,97.8913,3.408883,60.04430,0,54.6315,1.277566,60.10953,0,PMU,14396.9,2.555976,60.03147,0,14456.3,0.463453,60.07460,0,14537.1,4.658838,59.86944,0,78.6026,2.411793,59.99883,0,98.0156,0.286455,59.92656,0,54.7542,4.434600,59.84963,0,PMU,14401.3,2.604432,60.02681,0,14452.5,0.511956,60.07927,0,14537.5,4.707707,59.86895,0,78.6073,2.458831,59.97086,0,98.0293,0.333366,59.92190,0,54.8132,4.482554,59.89742,0,PMU
392,3.275000,14507.3,2.919997,59.99417,0,14377.6,0.823846,59.88343,0,14508.1,-1.250042,60.09675,0,79.5918,2.778077,59.98135,0,98.5684,0.655970,60.02331,0,54.5556,-1.465128,59.99650,0,PMU,14481.8,2.541208,59.94754,0,14390.2,0.446547,59.90675,0,14523.1,4.652551,60.11190,0,78.7575,2.399159,59.98601,0,98.3324,0.276812,60.03147,0,54.7164,4.429230,60.10724,0,PMU,14392.2,-0.608441,60.03264,0,14455.8,3.582358,60.07344,0,14533,1.494296,59.87061,0,78.603,-0.753176,59.97319,0,97.4808,3.405221,59.93006,0,54.6419,1.270854,59.87182,0,PMU,14482.7,2.553413,59.95104,0,14390.3,0.458631,59.90791,0,14521.6,4.664758,60.11307,0,78.6192,2.410694,59.97902,0,98.3516,0.289324,60.05479,0,54.5451,4.439971,60.10258,0,PMU,14488.2,2.602051,59.95454,0,14389.2,0.506768,59.90092,0,14519.5,-1.569593,60.11240,0,78.6952,2.459564,60.01399,0,98.5364,0.336662,60.06295,0,54.691,4.487437,60.09325,0,PMU
393,3.283333,14417.1,2.919326,59.98718,0,14419.6,0.829034,60.09908,0,14559.1,-1.256084,59.88460,0,79.7189,2.778016,59.99883,0,98.679,0.654200,59.96620,0,54.5364,-1.465311,59.99650,0,PMU,14397.5,2.542978,60.03380,0,14458.8,0.450453,60.07460,0,14536.8,4.645715,59.86945,0,78.7232,2.399098,59.99883,0,97.9361,0.274004,59.94638,0,54.7804,4.423187,59.88460,0,PMU,14478.2,-0.611066,59.94988,0,14388,3.577719,59.91141,0,14520.6,1.500339,60.11540,0,78.6889,-0.752261,60.01749,0,97.7599,3.407968,60.05246,0,54.526,1.275920,60.09675,0,PMU,14396.9,2.555061,60.03147,0,14456.5,0.462537,60.07460,0,14536.7,4.657861,59.86828,0,78.5989,2.411060,60.00699,0,98.0377,0.285296,59.92307,0,54.7285,4.434539,59.89625,0,PMU,14400.9,2.603516,60.02798,0,14452.3,0.510979,60.08043,0,14537.2,4.706791,59.87012,0,78.5838,2.457794,59.96620,0,98.0755,0.332512,59.92074,0,54.7567,4.480723,59.87177,0,PMU
394,3.291667,14506.8,2.919021,59.99417,0,14378,0.822930,59.88343,0,14508.1,-1.251018,60.09675,0,79.7067,2.777589,59.99184,0,98.6432,0.655115,60.01749,0,54.5907,-1.465860,59.98951,0,PMU,14481.8,2.540292,59.94871,0,14389.8,0.445631,59.90791,0,14522.7,4.651697,60.11423,0,78.6879,2.397938,59.97785,0,98.2583,0.275530,60.02914,0,54.716,4.429779,60.12589,0,PMU,14392.9,-0.609296,60.03380,0,14456.3,3.581503,60.07227,0,14533.7,1.493447,59.86839,0,78.8387,-0.753647,59.97352,0,97.5262,3.404445,59.93272,0,54.6146,1.271404,59.91374,0,PMU,14482.8,2.552436,59.94988,0,14390.7,0.457655,59.90675,0,14521.6,4.663782,60.11307,0,78.6619,2.409901,59.97785,0,98.3679,0.288103,60.05362,0,54.677,4.439422,60.09325,0,PMU,14487.6,2.601136,59.95454,0,14388.9,0.505852,59.90208,0,14519,-1.570509,60.11240,0,78.6522,2.458343,60.01049,0,98.5032,0.335869,60.06411,0,54.6414,4.487498,60.12939,0,PMU
395,3.300000,14412.6,2.918227,59.98485,0,14419.3,0.828118,60.09908,0,14558.7,-1.257000,59.88576,0,79.6526,2.777101,59.99068,0,98.6255,0.653101,59.96153,0,54.47,-1.466531,59.98718,0,PMU,14397.4,2.542123,60.03497,0,14459,0.449598,60.07577,0,14536.2,4.644739,59.86712,0,78.6163,2.397572,59.99301,0,97.6064,0.272357,59.93938,0,54.8278,4.422272,59.85662,0,PMU,14479.3,-0.611981,59.94871,0,14389,3.576865,59.91141,0,14521.7,1.499423,60.11413,0,78.8651,-0.752505,60.02182,0,97.876,3.406991,60.04863,0,54.6783,1.275737,60.08276,0,PMU,14397.4,2.554145,60.03264,0,14456.9,0.461622,60.07576,0,14537.1,4.656946,59.86944,0,78.6458,2.410206,60.00583,0,97.9097,0.284319,59.92773,0,54.7344,4.433258,59.88227,0,PMU,14400.9,2.602540,60.02681,0,14452.5,0.510064,60.08043,0,14537.5,4.705815,59.86895,0,78.5854,2.456634,59.96736,0,98.2034,0.331902,59.92424,0,54.8837,4.479932,59.85550,0,PMU
396,3.308333,14501.6,2.917739,59.99067,0,14376.8,0.821954,59.88227,0,14507.1,-1.251934,60.09675,0,79.6365,2.777101,60.00000,0,98.5831,0.653833,60.01399,0,54.509,-1.467325,59.98485,0,PMU,14481.2,2.539316,59.94638,0,14390,0.444838,59.90908,0,14523,4.650720,60.11423,0,78.612,2.396595,59.98135,0,97.8373,0.274371,60.03847,0,54.6416,4.427826,60.10608,0,PMU,14393.4,-0.610089,60.03614,0,14456.7,3.580771,60.07460,0,14534.5,1.492715,59.87188,0,78.8526,-0.754440,59.96303,0,97.5501,3.403835,59.93972,0,54.6317,1.270305,59.89625,0,PMU,14482.9,2.551582,59.95104,0,14390.7,0.456678,59.90558,0,14521.4,4.662866,60.11307,0,78.6171,2.408741,59.97202,0,98.369,0.287310,60.05712,0,54.6733,4.439422,60.11773,0,PMU,14487.4,2.600220,59.95570,0,14389.3,0.504937,59.90208,0,14519.3,4.711735,60.11307,0,78.7035,2.457305,60.01282,0,98.709,0.335136,60.06178,0,54.6731,4.486033,60.11653,0,PMU
397,3.316667,14410.4,2.917007,59.98601,0,14418,0.827081,60.09792,0,14557.7,-1.258098,59.88227,0,79.7577,2.776552,59.98951,0,98.5201,0.651941,59.96386,0,54.4422,-1.467569,59.99534,0,PMU,14397.1,2.541086,60.03380,0,14458.9,0.448683,60.07344,0,14536.2,4.643762,59.86712,0,78.5937,2.396412,59.99650,0,97.5474,0.271258,59.94055,0,54.7882,4.421844,59.88576,0,PMU,14479.4,-0.612775,59.94871,0,14389.2,3.576010,59.90908,0,14521.5,1.498630,60.11296,0,78.8698,-0.753525,60.01749,0,97.9834,3.406259,60.04629,0,54.6552,1.275737,60.10375,0,PMU,14397.5,2.553230,60.03147,0,14457.2,0.460645,60.07576,0,14536.9,4.655969,59.86828,0,78.5861,2.409046,60.00583,0,98.0236,0.283282,59.92307,0,54.8036,4.431915,59.85663,0,PMU,14400.9,2.601624,60.02681,0,14453.1,0.509148,60.08043,0,14538,4.704899,59.86944,0,78.6251,2.455902,59.97319,0,98.2088,0.331047,59.92190,0,54.9421,4.480113,59.88693,0,PMU
398,3.325000,14500.4,2.916640,59.99301,0,14375.4,0.820855,59.88110,0,14506.4,-1.253094,60.09559,0,79.666,2.776185,59.99301,0,98.649,0.652857,60.01748,0,54.4977,-1.468362,59.98485,0,PMU,14481,2.538400,59.94871,0,14389.8,0.443861,59.90791,0,14522.8,4.649744,60.11424,0,78.5852,2.395619,59.98485,0,97.8121,0.273394,60.04080,0,54.7327,4.426788,60.09442,0,PMU,14394,-0.610883,60.03614,0,14457.3,3.579917,60.07460,0,14535.3,1.491861,59.87072,0,78.8267,-0.756027,59.95221,0,97.5626,3.402980,59.93739,0,54.6889,1.269695,59.88460,0,PMU,14483.2,2.550605,59.94988,0,14391.2,0.455824,59.90792,0,14522,4.662012,60.11540,0,78.5623,2.408009,59.98018,0,98.3406,0.286333,60.05828,0,54.6177,4.437347,60.10374,0,PMU,14487.9,2.599366,59.95687,0,14390.2,0.504100,59.90358,0,14519.9,4.710820,60.11307,0,78.7362,2.456512,60.01166,0,98.5698,0.334099,60.05828,0,54.7669,4.485545,60.10375,0,PMU
399,3.333333,14409,2.915908,59.98601,0,14417.2,0.825921,60.09675,0,14557,-1.259197,59.88343,0,79.6732,2.774965,59.97669,0,98.6003,0.651148,59.96736,0,54.4152,-1.468729,59.99301,0,PMU,14397.2,2.540170,60.03380,0,14459.2,0.447706,60.07344,0,14536.2,4.642786,59.86711,0,78.6102,2.395680,60.00117,0,97.5644,0.270709,59.94871,0,54.7733,4.420257,59.87527,0,PMU,14479.8,-0.613629,59.94755,0,14389.4,3.575217,59.91024,0,14522.4,1.497836,60.11413,0,78.8863,-0.754746,60.02448,0,97.8753,3.405404,60.04629,0,54.5789,1.273906,60.08043,0,PMU,14396.9,2.552314,60.03264,0,14456.8,0.459791,60.07576,0,14536.2,4.655115,59.86828,0,78.5598,2.407948,59.99883,0,98.0002,0.282427,59.92540,0,54.7651,4.431854,59.89509,0,PMU,14400.8,2.600831,60.02798,0,14453.3,0.508355,60.08127,0,14537.8,4.704106,59.87178,0,78.5802,2.454986,59.97086,0,98.0032,0.329888,59.91957,0,54.8393,4.477917,59.85433,0,PMU
400,3.341667,14499.1,2.915481,59.99184,0,14374.8,0.819757,59.88227,0,14505.5,-1.254192,60.09559,0,79.6643,2.774904,59.99883,0,98.5908,0.651941,60.01515,0,54.4847,-1.469339,59.98834,0,PMU,14480.8,2.537485,59.94871,0,14389.9,0.442884,59.90791,0,14522.5,4.648767,60.11424,0,78.578,2.394764,59.98251,0,97.9557,0.272967,60.04313,0,54.739,4.426910,60.12706,0,PMU,14393.9,-0.611737,60.03613,0,14457.3,3.579062,60.07344,0,14535.3,1.491006,59.86955,0,78.8262,-0.756943,59.95804,0,97.6027,3.402126,59.93739,0,54.6446,1.269695,59.91957,0,PMU,14482.4,2.549690,59.94988,0,14389.9,0.454847,59.90558,0,14521.1,4.661035,60.11307,0,78.5549,2.407215,59.98601,0,98.2943,0.285235,60.05362,0,54.6766,4.436492,60.08859,0,PMU,14487.5,2.598511,59.95570,0,14390.5,0.503306,59.90358,0,14519.6,4.709965,60.11191,0,78.6865,2.455230,60.00466,0,98.4309,0.333122,60.06178,0,54.7019,4.485362,60.14217,0,PMU
401,3.350000,14408.5,2.914809,59.98718,0,14416.6,0.824883,60.09792,0,14556,-1.260296,59.88343,0,79.7419,2.773866,59.98018,0,98.5317,0.649927,59.96153,0,54.412,-1.469522,59.99650,0,PMU,14396.5,2.539133,60.03147,0,14458.7,0.446669,60.07227,0,14535.3,4.641748,59.86595,0,78.5724,2.394825,60.00117,0,97.5987,0.269732,59.93822,0,54.8229,4.418793,59.84496,0,PMU,14479.6,-0.614545,59.94638,0,14389.6,3.574362,59.91024,0,14522.2,1.496860,60.11180,0,78.896,-0.755661,60.02448,0,97.8061,3.404079,60.03730,0,54.6495,1.272991,60.06295,0,PMU,14396.7,2.551399,60.03264,0,14456.3,0.458814,60.07576,0,14535.4,4.654077,59.86711,0,78.5065,2.406971,59.99534,0,97.9774,0.281512,59.92889,0,54.6652,4.429840,59.87295,0,PMU,14401.1,2.599976,60.02798,0,14453.3,0.507561,60.08127,0,14538.6,4.703251,59.87178,0,78.5697,2.454254,59.98135,0,98.0364,0.328972,59.92074,0,54.9086,4.476941,59.83918,0,PMU
402,3.358333,14499.3,2.914443,59.99301,0,14374.2,0.818719,59.88227,0,14505.2,-1.255169,60.09792,0,79.7641,2.774476,60.01166,0,98.5933,0.650721,60.01515,0,54.4869,-1.470560,59.98018,0,PMU,14479.6,2.536386,59.94754,0,14389.1,0.441864,59.90824,0,14521.4,4.647669,60.11307,0,78.5479,2.394337,59.99067,0,97.846,0.272112,60.04546,0,54.6561,4.424652,60.11191,0,PMU,14393.8,-0.612653,60.03613,0,14457.5,3.578208,60.07344,0,14535.4,1.490030,59.86955,0,78.7691,-0.757492,59.96503,0,97.3487,3.401332,59.94754,0,54.6006,1.268169,59.90791,0,PMU,14481.8,2.548774,59.94988,0,14389.7,0.453810,59.90442,0,14520.1,4.660058,60.11424,0,78.4686,2.406422,59.98951,0,98.4542,0.284380,60.05479,0,54.5991,4.436431,60.12589,0,PMU,14487.8,2.597657,59.95570,0,14390.4,0.502513,59.90358,0,14520.6,4.709233,60.11424,0,78.6894,2.454437,60.00350,0,98.4942,0.332451,60.06644,0,54.6249,4.483775,60.13052,0,PMU
403,3.366667,14408.4,2.913833,59.98834,0,14416.6,0.823846,60.09792,0,14555.7,-1.261272,59.88344,0,79.7688,2.773012,59.97202,0,98.5361,0.649073,59.96853,0,54.4382,-1.470804,59.99534,0,PMU,14394.9,2.538034,60.03147,0,14457.5,0.445570,60.07078,0,14533.9,4.640589,59.86478,0,78.5712,2.394215,59.99767,0,97.6044,0.268939,59.93939,0,54.7846,4.418670,59.88576,0,PMU,14479.3,-0.615521,59.94522,0,14389,3.573325,59.90675,0,14521.3,1.495883,60.11180,0,78.844,-0.756271,60.02331,0,97.8115,3.403347,60.03847,0,54.6264,1.272991,60.09209,0,PMU,14395.9,2.550422,60.03147,0,14456.1,0.457777,60.07577,0,14534.5,4.653039,59.86595,0,78.445,2.406055,59.99301,0,98.0339,0.280474,59.92540,0,54.7388,4.429107,59.86012,0,PMU,14401.2,2.599183,60.02914,0,14453.4,0.506768,60.08127,0,14539.3,4.702458,59.87061,0,78.5721,2.453521,59.98251,0,98.046,0.328667,59.92773,0,54.8489,4.476575,59.86249,0,PMU
404,3.375000,14499,2.913467,59.99301,0,14374.1,0.817742,59.88343,0,14505.3,-1.256145,60.09791,0,79.7891,2.773256,60.00466,0,98.649,0.649988,60.01749,0,54.5845,-1.471353,59.98951,0,PMU,14478.6,2.535349,59.94871,0,14388.1,0.440765,59.90824,0,14520.7,4.646570,60.11424,0,78.5387,2.393483,59.98601,0,97.8955,0.271136,60.04196,0,54.7719,4.423797,60.09792,0,PMU,14393.9,-0.613629,60.03614,0,14457.6,3.577109,60.07227,0,14535.3,1.488992,59.86839,0,78.6997,-0.758163,59.96386,0,97.4593,3.400478,59.94521,0,54.6991,1.267253,59.89043,0,PMU,14480.9,2.547676,59.94754,0,14389,0.452894,59.90675,0,14520.2,4.659021,60.11424,0,78.489,2.405933,59.99767,0,98.3446,0.283648,60.06062,0,54.5937,4.434967,60.11190,0,PMU,14488.3,2.596924,59.95687,0,14390.9,0.501719,59.90358,0,14521.2,4.708439,60.11424,0,78.753,2.453826,60.00583,0,98.5337,0.331841,60.06062,0,54.6704,4.482737,60.11769,0,PMU
405,3.383333,14408.4,2.912917,59.98951,0,14417.1,0.822930,60.09908,0,14555.5,-1.262249,59.88344,0,79.8267,2.772157,59.97902,0,98.6163,0.648157,59.96503,0,54.5779,-1.470987,60.00699,0,PMU,14393.3,2.536997,60.03147,0,14456,0.444532,60.07195,0,14532.1,4.639612,59.86711,0,78.5693,2.393299,59.99650,0,97.4894,0.267962,59.93938,0,54.7477,4.416842,59.86715,0,PMU,14478.7,-0.616559,59.94405,0,14389.1,3.572287,59.90791,0,14521.4,1.494846,60.11180,0,78.7847,-0.757553,60.01166,0,97.8652,3.402675,60.04196,0,54.5556,1.270671,60.06528,0,PMU,14395.7,2.549384,60.03264,0,14455.4,0.456800,60.07460,0,14534.5,4.652063,59.86711,0,78.5136,2.405384,59.98951,0,98.0623,0.279986,59.93006,0,54.7563,4.429413,59.89393,0,PMU,14401.7,2.598450,60.02914,0,14454.6,0.506036,60.08243,0,14539.8,4.701725,59.87178,0,78.6027,2.453277,59.98951,0,98.0304,0.327446,59.91607,0,54.7107,4.474499,59.84267,0,PMU
406,3.391667,14499.5,2.912612,59.99417,0,14374,0.816844,59.88376,0,14505.3,-1.257000,60.10024,0,79.7959,2.772218,60.00117,0,98.6326,0.648767,60.01166,0,54.6053,-1.472513,59.97086,0,PMU,14477,2.534311,59.94871,0,14387,0.439728,59.90824,0,14518.6,4.645471,60.11191,0,78.5001,2.392628,59.98718,0,97.926,0.270464,60.04779,0,54.7297,4.423370,60.12469,0,PMU,14393.3,-0.614667,60.03614,0,14457.8,3.576071,60.07227,0,14535.1,1.487954,59.86839,0,78.6894,-0.758896,59.97435,0,97.5579,3.399868,59.94638,0,54.6799,1.266948,59.92889,0,PMU,14481.4,2.546699,59.94871,0,14388.7,0.451918,59.90675,0,14520.7,4.658044,60.11424,0,78.6374,2.405506,60.00233,0,98.4241,0.282610,60.05012,0,54.7343,4.434112,60.08975,0,PMU,14488.2,2.596192,59.95687,0,14391.2,0.501048,59.90475,0,14521.2,4.707707,60.11424,0,78.7086,2.452850,59.99184,0,98.2835,0.330559,60.05945,0,54.5666,4.483164,60.16549,0,PMU
407,3.400000,14408.5,2.912063,59.98951,0,14417.6,0.822076,60.09992,0,14555.5,-1.263103,59.88344,0,79.77,2.771180,59.98018,0,98.5368,0.647181,59.96969,0,54.517,-1.472513,60.00000,0,PMU,14392.2,2.535959,60.03147,0,14455.4,0.443434,60.07078,0,14531.2,4.638513,59.86711,0,78.5651,2.392445,59.99650,0,97.6451,0.266863,59.93122,0,54.7847,4.415682,59.85317,0,PMU,14478.5,-0.617535,59.94521,0,14389.2,3.571311,59.90908,0,14521.6,1.493814,60.11191,0,78.8878,-0.758041,60.01632,0,97.8958,3.401760,60.03614,0,54.7186,1.270000,60.05828,0,PMU,14396.5,2.548469,60.03380,0,14456.3,0.455885,60.07577,0,14535,4.651147,59.86828,0,78.6066,2.404591,59.98251,0,98.0981,0.279314,59.93705,0,54.7596,4.427521,59.87411,0,PMU,14401.3,2.597718,60.02914,0,14454.5,0.505364,60.08243,0,14540.3,4.700993,59.87178,0,78.5895,2.452606,59.99534,0,97.8585,0.326714,59.92656,0,54.7426,4.473828,59.82169,0,PMU
408,3.408333,14499.3,2.911758,59.99417,0,14374.2,0.815990,59.88376,0,14505.6,-1.257854,60.10024,0,79.7829,2.771364,60.00350,0,98.6073,0.647608,60.00816,0,54.5574,-1.473978,59.97202,0,PMU,14476.3,2.533273,59.94871,0,14386.9,0.438690,59.90940,0,14518.2,4.644434,60.11307,0,78.5278,2.391835,59.98834,0,97.8972,0.269427,60.04896,0,54.6851,4.421539,60.11186,0,PMU,14393.8,-0.615643,60.03614,0,14458,3.575156,60.07344,0,14535.4,1.486978,59.86944,0,78.7513,-0.759079,59.98018,0,97.5697,3.398891,59.94521,0,54.698,1.265117,59.90675,0,PMU,14481.9,2.545783,59.94871,0,14389.9,0.451002,59.90675,0,14521.3,4.657129,60.11424,0,78.5917,2.403858,59.98601,0,98.4499,0.282000,60.05129,0,54.6989,4.433807,60.12006,0,PMU,14488.3,2.595399,59.95570,0,14390.8,0.500255,59.90242,0,14521.3,4.706974,60.11424,0,78.7224,2.451934,59.98718,0,98.2878,0.329827,60.05945,0,54.5126,4.481455,60.14567,0,PMU
409,3.416667,14408.3,2.911208,59.98951,0,14417.8,0.821282,60.10108,0,14555.8,-1.263957,59.88344,0,79.7469,2.770326,59.98018,0,98.4884,0.646265,59.97435,0,54.5106,-1.473550,60.00816,0,PMU,14391.3,2.534921,60.03147,0,14455.3,0.442457,60.07195,0,14531.3,4.637537,59.86828,0,78.6048,2.391163,59.98718,0,97.6095,0.265948,59.93356,0,54.7716,4.415316,59.88114,0,PMU,14478.8,-0.618451,59.94638,0,14388.9,3.570395,59.90908,0,14521.5,1.493020,60.11540,0,78.8434,-0.759018,60.00117,0,97.938,3.400661,60.03380,0,54.5354,1.268352,60.06178,0,PMU,14397.4,2.547614,60.03497,0,14457.9,0.455091,60.07810,0,14536.6,4.650293,59.86945,0,78.5809,2.403187,59.98718,0,98.0156,0.278216,59.92773,0,54.8311,4.426727,59.86479,0,PMU,14401.4,2.596863,60.02798,0,14454.5,0.504527,60.08160,0,14540.1,4.700139,59.86944,0,78.631,2.451812,59.99767,0,97.8897,0.325981,59.92656,0,54.7132,4.473523,59.84850,0,PMU
410,3.425000,14499.8,2.910842,59.99301,0,14374.6,0.815196,59.88376,0,14506.8,-1.258770,60.09908,0,79.7999,2.770448,60.00233,0,98.6152,0.646875,60.01166,0,54.5892,-1.474344,59.98485,0,PMU,14476.6,2.532297,59.94988,0,14386.7,0.437836,59.91173,0,14519,4.643518,60.11424,0,78.547,2.390919,59.99534,0,97.8324,0.268328,60.04546,0,54.7571,4.419952,60.08855,0,PMU,14393.7,-0.616437,60.03847,0,14458.1,3.574240,60.07344,0,14535,1.486184,59.86944,0,78.6433,-0.759934,59.98251,0,97.567,3.397548,59.94055,0,54.4125,1.262004,59.87877,0,PMU,14482.9,2.544990,59.94988,0,14390.9,0.450270,59.90791,0,14523.3,4.656396,60.11656,0,78.6284,2.402760,59.99184,0,98.3047,0.280657,60.04662,0,54.652,4.432098,60.10258,0,PMU,14488.3,2.594544,59.95570,0,14391.3,0.499400,59.90208,0,14521.6,4.706120,60.11424,0,78.7345,2.451019,59.98485,0,98.3895,0.328972,60.05712,0,54.6201,4.480723,60.13751,0,PMU
411,3.433333,14409.4,2.910354,59.99067,0,14418.2,0.820428,60.09992,0,14556.5,-1.264812,59.88460,0,79.7935,2.769899,59.98951,0,98.5851,0.645899,59.98135,0,54.5795,-1.473489,60.01632,0,PMU,14391.2,2.534067,60.03380,0,14454.6,0.441620,60.07227,0,14531.4,4.636743,59.87061,0,78.6061,2.390004,59.98251,0,97.477,0.264971,59.93589,0,54.6451,4.413424,59.87531,0,PMU,14478.3,-0.619366,59.94405,0,14388.7,3.569541,59.91024,0,14521.4,1.492166,60.11424,0,78.7174,-0.760239,59.99417,0,97.7255,3.399440,60.03614,0,54.2073,1.265361,60.06411,0,PMU,14398,2.546821,60.03497,0,14458.8,0.454298,60.07694,0,14537.3,4.649500,59.86828,0,78.5645,2.402272,59.99067,0,97.9253,0.277178,59.93356,0,54.7608,4.426422,59.89159,0,PMU,14401.6,2.596070,60.02914,0,14455.1,0.503734,60.08276,0,14540.7,4.699345,59.87061,0,78.6379,2.451141,60.00233,0,97.9262,0.325371,59.93122,0,54.6984,4.472424,59.84151,0,PMU
412,3.441667,14500.2,2.910049,59.99417,0,14374.9,0.814403,59.88493,0,14507.3,-1.259563,60.10024,0,79.7862,2.769472,59.99184,0,98.5858,0.645899,60.00000,0,54.6013,-1.474832,59.97435,0,PMU,14476.9,2.531442,59.94988,0,14387.1,0.436920,59.91024,0,14518.9,4.642664,60.11307,0,78.5432,2.389820,59.99650,0,97.8913,0.267291,60.04430,0,54.6315,4.419159,60.10953,0,PMU,14393.7,-0.617413,60.03730,0,14458.2,3.573325,60.07227,0,14534.7,1.485208,59.86711,0,78.5645,-0.760544,59.99417,0,97.4886,3.396755,59.94871,0,54.2959,1.261150,59.91957,0,PMU,14483.3,2.544138,59.94875,0,14391.4,0.449476,59.90791,0,14523.8,4.655542,60.11540,0,78.6434,2.401966,59.99417,0,98.1102,0.279192,60.03846,0,54.6763,4.430816,60.08393,0,PMU,14488.9,2.593812,59.95687,0,14391.8,0.498668,59.90325,0,14522.2,4.705327,60.11424,0,78.7012,2.450364,59.98517,0,98.3617,0.328423,60.05828,0,54.6334,4.481272,60.16898,0,PMU
413,3.450000,14409.6,2.909560,59.99067,0,14418.5,0.819634,60.09992,0,14556.4,-1.265605,59.88460,0,79.7259,2.768983,59.99068,0,98.4561,0.644983,59.98251,0,54.5414,-1.474466,60.00699,0,PMU,14392.2,2.533151,60.03264,0,14455.8,0.440765,60.07344,0,14533,4.635889,59.87061,0,78.603,2.388417,59.97319,0,97.4808,0.263629,59.93006,0,54.6419,4.412447,59.87182,0,PMU,14478.7,-0.620221,59.94638,0,14389,3.568564,59.90908,0,14521.1,1.491189,60.11424,0,78.7021,-0.760666,59.99767,0,97.8307,3.398525,60.03380,0,54.2669,1.264690,60.06761,0,PMU,14398.5,2.545967,60.03493,0,14459.5,0.453505,60.07693,0,14537.7,4.648645,59.86828,0,78.6105,2.401722,59.99534,0,97.7276,0.276507,59.94872,0,54.7062,4.424896,59.88693,0,PMU,14402,2.595399,60.03031,0,14455.6,0.503001,60.08276,0,14540.9,4.698613,59.87177,0,78.6134,2.450714,60.00667,0,97.9924,0.324883,59.93239,0,54.7465,4.471692,59.81703,0,PMU
414,3.458333,14500.8,2.909196,59.99305,0,14375.3,0.813548,59.88376,0,14508.1,-1.260417,60.09908,0,79.7742,2.768373,59.98834,0,98.5775,0.644861,59.99767,0,54.5843,-1.475564,59.97902,0,PMU,14478.2,2.530527,59.94988,0,14388,0.436127,59.91141,0,14520.6,4.641931,60.11540,0,78.6889,2.389332,60.01749,0,97.7599,0.266375,60.05246,0,54.526,4.417513,60.09675,0,PMU,14393.8,-0.618207,60.03847,0,14459.6,3.572470,60.07460,0,14534.8,1.484292,59.86828,0,78.5801,-0.761032,59.99301,0,97.4745,3.395900,59.94988,0,54.3062,1.259807,59.90675,0,PMU,14483,2.543283,59.94875,0,14391.2,0.448561,59.90558,0,14523.3,4.654626,60.11423,0,78.6402,2.400990,59.98601,0,98.2474,0.279009,60.04779,0,54.6264,4.431305,60.12240,0,PMU,14488.3,2.593079,59.95570,0,14391.7,0.497996,59.90441,0,14522.3,4.704655,60.11540,0,78.6755,2.449815,59.98284,0,98.3516,0.327751,60.05479,0,54.5573,4.479565,60.15037,0,PMU
415,3.466667,14410.3,2.908708,59.99067,0,14419.3,0.818719,60.09875,0,14557.1,-1.266460,59.88460,0,79.7531,2.768312,59.99883,0,98.5143,0.644434,59.99184,0,54.5816,-1.475137,60.00816,0,PMU,14392.9,2.532297,60.03380,0,14456.3,0.439911,60.07227,0,14533.7,4.635040,59.86839,0,78.8387,2.387946,59.97352,0,97.5262,0.262853,59.93272,0,54.6146,4.412996,59.91374,0,PMU,14478.8,-0.621075,59.94521,0,14390.4,3.567771,59.91025,0,14521.8,1.490335,60.11540,0,78.685,-0.761765,59.98601,0,97.8392,3.397731,60.03497,0,54.2989,1.264934,60.09791,0,PMU,14397.9,2.545051,60.03376,0,14459.5,0.452467,60.07460,0,14537.1,4.647669,59.86712,0,78.6378,2.400624,59.99301,0,97.9719,0.275958,59.94172,0,54.7604,4.424103,59.86245,0,PMU,14401.6,2.594666,60.03031,0,14455.7,0.502269,60.08160,0,14540.5,4.697819,59.86944,0,78.6243,2.450059,60.00466,0,97.9082,0.324272,59.93356,0,54.7036,4.471753,59.85079,0,PMU
416,3.475000,14501.3,2.908403,59.99417,0,14375.2,0.812694,59.88493,0,14508.5,-1.261272,60.09908,0,79.7661,2.767274,59.98018,0,98.6405,0.644251,59.99651,0,54.6239,-1.476419,59.97552,0,PMU,14479.3,2.529611,59.94871,0,14389,0.435272,59.91141,0,14521.7,4.641016,60.11413,0,78.8651,2.389088,60.02182,0,97.876,0.265399,60.04863,0,54.6783,4.417330,60.08276,0,PMU,14394.2,-0.619000,60.03963,0,14460.6,3.571616,60.07343,0,14535.4,1.483377,59.86711,0,78.572,-0.761948,59.99650,0,97.5671,3.394924,59.94638,0,54.4143,1.258953,59.88577,0,PMU,14482.4,2.542246,59.94642,0,14390.5,0.447523,59.90558,0,14523.2,4.653650,60.11423,0,78.7377,2.400318,59.99417,0,98.3308,0.278277,60.04430,0,54.5681,4.429474,60.10258,0,PMU,14487.8,2.592286,59.95454,0,14391,0.497203,59.90325,0,14521.9,4.703801,60.11424,0,78.7218,2.449327,59.98601,0,98.3559,0.327019,60.05246,0,54.6572,4.478711,60.13289,0,PMU
417,3.483333,14410.9,2.907915,59.99067,0,14419.7,0.817864,60.09875,0,14557,-1.267314,59.88460,0,79.7432,2.767518,60.00466,0,98.6592,0.643580,59.98718,0,54.6058,-1.476236,60.00350,0,PMU,14393.4,2.531503,60.03614,0,14456.7,0.439178,60.07460,0,14534.5,4.634308,59.87188,0,78.8526,2.387152,59.96303,0,97.5501,0.262242,59.93972,0,54.6317,4.411898,59.89625,0,PMU,14478.5,-0.621930,59.94405,0,14390.4,3.566977,59.91141,0,14522.4,1.489541,60.11773,0,78.702,-0.762375,59.99184,0,97.7729,3.397060,60.04080,0,54.2223,1.263042,60.07810,0,PMU,14397.4,2.543955,60.03264,0,14458.9,0.451429,60.07460,0,14536.3,4.646692,59.86712,0,78.6893,2.399891,59.99184,0,98.0688,0.275164,59.94055,0,54.7322,4.423614,59.88809,0,PMU,14400.9,2.593812,60.02914,0,14455.2,0.501414,60.08043,0,14539.6,4.696982,59.86978,0,78.788,2.449998,60.01282,0,97.8973,0.323418,59.93123,0,54.6394,4.470532,59.84380,0,PMU
418,3.491667,14501.7,2.907609,59.99417,0,14375.7,0.811839,59.88493,0,14508,-1.262187,60.09792,0,79.7069,2.766298,59.97669,0,98.6186,0.643030,59.98951,0,54.6318,-1.477090,59.98368,0,PMU,14479.4,2.528818,59.94871,0,14389.2,0.434418,59.90908,0,14521.5,4.640222,60.11296,0,78.8698,2.388068,60.01749,0,97.9834,0.264666,60.04629,0,54.6552,4.417330,60.10375,0,PMU,14394.9,-0.619916,60.03847,0,14460.8,3.570761,60.07227,0,14535.4,1.482522,59.86595,0,78.554,-0.762924,59.98951,0,97.5807,3.394374,59.94871,0,54.3628,1.258770,59.91841,0,PMU,14481.8,2.541208,59.94754,0,14390.2,0.446547,59.90675,0,14523.1,4.652551,60.11190,0,78.7575,2.399159,59.98601,0,98.3324,0.276812,60.03147,0,54.7164,4.429230,60.10724,0,PMU,14487.4,2.591431,59.95454,0,14390.4,0.496348,59.90325,0,14521.1,4.703007,60.11507,0,78.7605,2.448167,59.96503,0,98.2368,0.326103,60.05129,0,54.5919,4.478772,60.15737,0,PMU
419,3.500000,14410.9,2.907121,59.99067,0,14420,0.816966,60.09792,0,14556.5,-1.268291,59.88343,0,79.6823,2.766481,60.00350,0,98.5897,0.642298,59.98601,0,54.5987,-1.477151,59.99883,0,PMU,14394,2.530710,60.03614,0,14457.3,0.438324,60.07460,0,14535.3,4.633453,59.87072,0,78.8267,2.385565,59.95221,0,97.5626,0.261388,59.93739,0,54.6889,4.411287,59.88460,0,PMU,14479,-0.622784,59.94521,0,14391.2,3.566062,59.91025,0,14522.8,1.488565,60.11540,0,78.7008,-0.763107,59.99650,0,97.8753,3.396144,60.03380,0,54.3438,1.262615,60.07343,0,PMU,14397.5,2.542978,60.03380,0,14458.8,0.450453,60.07460,0,14536.8,4.645715,59.86945,0,78.7232,2.399098,59.99883,0,97.9361,0.274004,59.94638,0,54.7804,4.423187,59.88460,0,PMU,14400.2,2.592835,60.02681,0,14454.5,0.500499,60.07927,0,14538.7,4.696067,59.86744,0,78.7024,2.448411,60.00466,0,97.8788,0.322747,59.93589,0,54.6865,4.469678,59.82631,0,PMU
420,3.508333,14501.7,2.906633,59.99067,0,14375.7,0.810802,59.88227,0,14507.5,-1.263225,60.09675,0,79.6703,2.765016,59.97202,0,98.5983,0.641749,59.98951,0,54.6253,-1.478067,59.98251,0,PMU,14479.8,2.527964,59.94755,0,14389.4,0.433624,59.91024,0,14522.4,4.639429,60.11413,0,78.8863,2.386847,60.02448,0,97.8753,0.263812,60.04629,0,54.5789,4.415499,60.08043,0,PMU,14395,-0.620770,60.03847,0,14461.3,3.569846,60.07227,0,14535.5,1.481607,59.86711,0,78.5642,-0.763351,59.99534,0,97.4471,3.393520,59.94988,0,54.3655,1.257610,59.90442,0,PMU,14481.8,2.540292,59.94871,0,14389.8,0.445631,59.90791,0,14522.7,4.651697,60.11423,0,78.6879,2.397938,59.97785,0,98.2583,0.275530,60.02914,0,54.716,4.429779,60.12589,0,PMU,14486.9,2.590394,59.95337,0,14389.9,0.495372,59.90208,0,14520.8,4.702031,60.11390,0,78.8899,2.448106,59.99417,0,98.3806,0.325554,60.05362,0,54.5956,4.476880,60.13755,0,PMU
421,3.516667,14411.9,2.906145,59.99067,0,14419.7,0.815929,60.09792,0,14556.4,-1.269390,59.88227,0,79.7059,2.765138,60.00233,0,98.4993,0.641444,59.99417,0,54.627,-1.478128,59.99883,0,PMU,14393.9,2.529855,60.03613,0,14457.3,0.437469,60.07344,0,14535.3,4.632599,59.86955,0,78.8262,2.384650,59.95804,0,97.6027,0.260533,59.93739,0,54.6446,4.411287,59.91957,0,PMU,14478.3,-0.623700,59.94405,0,14391,3.565085,59.90908,0,14522.4,1.487649,60.11540,0,78.6479,-0.764450,59.97902,0,97.8779,3.395595,60.03963,0,54.2919,1.262554,60.09442,0,PMU,14397.4,2.542123,60.03497,0,14459,0.449598,60.07577,0,14536.2,4.644739,59.86712,0,78.6163,2.397572,59.99301,0,97.6064,0.272357,59.93938,0,54.8278,4.422272,59.85662,0,PMU,14400.1,2.591920,60.02914,0,14454.3,0.499522,60.07927,0,14538.1,4.695090,59.86744,0,78.8018,2.447679,59.99184,0,98.1249,0.321892,59.93006,0,54.7077,4.469983,59.86828,0,PMU
422,3.525000,14502.8,2.905656,59.99067,0,14375.1,0.809764,59.88227,0,14507.4,-1.264324,60.09675,0,79.6892,2.763978,59.97785,0,98.6017,0.641321,59.99767,0,54.6533,-1.479104,59.98135,0,PMU,14479.6,2.527048,59.94638,0,14389.6,0.432770,59.91024,0,14522.2,4.638452,60.11180,0,78.896,2.385932,60.02448,0,97.8061,0.262486,60.03730,0,54.6495,4.414583,60.06295,0,PMU,14394.7,-0.621808,60.03614,0,14461.3,3.568808,60.07110,0,14535.1,1.480630,59.86595,0,78.5435,-0.764816,59.99301,0,97.5767,3.392604,59.94288,0,54.3995,1.256267,59.87994,0,PMU,14481.2,2.539316,59.94638,0,14390,0.444838,59.90908,0,14523,4.650720,60.11423,0,78.612,2.396595,59.98135,0,97.8373,0.274371,60.03847,0,54.6416,4.427826,60.10608,0,PMU,14486.7,2.589601,59.95571,0,14389.4,0.494456,59.90325,0,14520.5,4.701176,60.11624,0,78.78,2.446702,59.98135,0,98.4314,0.324456,60.04896,0,54.6666,4.476147,60.11773,0,PMU
423,3.533333,14412.8,2.905168,59.99067,0,14419,0.814830,60.09675,0,14556.1,-1.270366,59.88460,0,79.7642,2.764650,60.01282,0,98.6871,0.640894,59.99184,0,54.6152,-1.479409,59.99417,0,PMU,14393.8,2.528940,60.03613,0,14457.5,0.436615,60.07344,0,14535.4,4.631622,59.86955,0,78.7691,2.384101,59.96503,0,97.3487,0.259740,59.94754,0,54.6006,4.409762,59.90791,0,PMU,14478.5,-0.624737,59.94405,0,14390.9,3.564170,59.91141,0,14523.6,1.486734,60.11657,0,78.6899,-0.765366,59.98951,0,97.8445,3.394985,60.04546,0,54.2292,1.260967,60.08975,0,PMU,14397.1,2.541086,60.03380,0,14458.9,0.448683,60.07344,0,14536.2,4.643762,59.86712,0,78.5937,2.396412,59.99650,0,97.5474,0.271258,59.94055,0,54.7882,4.421844,59.88576,0,PMU,14400,2.591065,60.02797,0,14454.1,0.498668,60.08043,0,14537.8,4.694297,59.86861,0,78.8388,2.446824,60.00233,0,98.0359,0.320816,59.93048,0,54.6305,4.468457,59.85312,0,PMU
424,3.541667,14502.5,2.904802,59.99301,0,14375,0.808727,59.88343,0,14506.6,-1.265300,60.09675,0,79.6582,2.763307,59.97435,0,98.7267,0.640223,59.98718,0,54.6171,-1.480508,59.97902,0,PMU,14479.3,2.526072,59.94522,0,14389,0.431732,59.90675,0,14521.3,4.637476,60.11180,0,78.844,2.385321,60.02331,0,97.8115,0.261754,60.03847,0,54.6264,4.414583,60.09209,0,PMU,14394.9,-0.622723,60.03847,0,14461,3.567954,60.07227,0,14535.3,1.479776,59.86711,0,78.5464,-0.765366,60.00000,0,97.6471,3.392116,59.94521,0,54.3283,1.256206,59.90908,0,PMU,14481,2.538400,59.94871,0,14389.8,0.443861,59.90791,0,14522.8,4.649744,60.11424,0,78.5852,2.395619,59.98485,0,97.8121,0.273394,60.04080,0,54.7327,4.426788,60.09442,0,PMU,14487.3,2.588746,59.95571,0,14390.3,0.493602,59.90325,0,14521.3,4.700261,60.11390,0,78.7621,2.445176,59.96853,0,98.4426,0.323052,60.04271,0,54.6482,4.475354,60.13172,0,PMU
425,3.550000,14412.9,2.904252,59.98951,0,14419.1,0.813854,60.09792,0,14555.7,-1.271343,59.88460,0,79.7042,2.763307,60.00000,0,98.5898,0.639735,59.99067,0,54.5807,-1.480752,59.99534,0,PMU,14393.9,2.527964,60.03614,0,14457.6,0.435516,60.07227,0,14535.3,4.630585,59.86839,0,78.6997,2.383429,59.96386,0,97.4593,0.258885,59.94521,0,54.6991,4.408846,59.89043,0,PMU,14478,-0.625592,59.94521,0,14390.5,3.563315,59.91141,0,14523.6,1.485879,60.11657,0,78.6965,-0.766220,59.98368,0,97.8176,3.393947,60.03497,0,54.2411,1.260113,60.07460,0,PMU,14397.2,2.540170,60.03380,0,14459.2,0.447706,60.07344,0,14536.2,4.642786,59.86711,0,78.6102,2.395680,60.00117,0,97.5644,0.270709,59.94871,0,54.7733,4.420257,59.87527,0,PMU,14400.2,2.590211,60.02797,0,14454.6,0.497813,60.08043,0,14538.5,4.693442,59.86978,0,78.732,2.445237,60.00117,0,97.985,0.319351,59.92932,0,54.6933,4.467053,59.84147,0,PMU
426,3.558333,14503.1,2.903825,59.99184,0,14374.9,0.807811,59.88460,0,14506.9,-1.266277,60.09675,0,79.6171,2.762147,59.97785,0,98.6129,0.639063,59.98718,0,54.5932,-1.481851,59.97902,0,PMU,14478.7,2.525034,59.94405,0,14389.1,0.430695,59.90791,0,14521.4,4.636438,60.11180,0,78.7847,2.384040,60.01166,0,97.8652,0.261082,60.04196,0,54.5556,4.412264,60.06528,0,PMU,14394.6,-0.623578,60.03847,0,14460.6,3.567038,60.07111,0,14535,1.478921,59.86712,0,78.5644,-0.766220,60.00000,0,97.5109,3.390956,59.94288,0,54.2649,1.254741,59.89742,0,PMU,14480.8,2.537485,59.94871,0,14389.9,0.442884,59.90791,0,14522.5,4.648767,60.11424,0,78.578,2.394764,59.98251,0,97.9557,0.272967,60.04313,0,54.739,4.426910,60.12706,0,PMU,14486.8,2.587769,59.95338,0,14389.8,0.492747,59.90325,0,14521.6,4.699406,60.11390,0,78.8626,2.444749,59.99067,0,98.3663,0.322258,60.05553,0,54.567,4.473340,60.12006,0,PMU
427,3.566667,14413.4,2.903276,59.98951,0,14419.3,0.812938,60.09792,0,14556.2,-1.272319,59.88460,0,79.709,2.762269,60.00233,0,98.5325,0.638453,59.98834,0,54.5851,-1.482034,59.99650,0,PMU,14393.3,2.526926,60.03614,0,14457.8,0.434479,60.07227,0,14535.1,4.629547,59.86839,0,78.6894,2.382697,59.97435,0,97.5579,0.258275,59.94638,0,54.6799,4.408541,59.92889,0,PMU,14477.9,-0.626507,59.94405,0,14390.3,3.562400,59.91141,0,14523.5,1.484964,60.11540,0,78.7069,-0.767319,59.97902,0,97.8656,3.392910,60.03730,0,54.254,1.260784,60.11540,0,PMU,14396.5,2.539133,60.03147,0,14458.7,0.446669,60.07227,0,14535.3,4.641748,59.86595,0,78.5724,2.394825,60.00117,0,97.5987,0.269732,59.93822,0,54.8229,4.418793,59.84496,0,PMU,14400.4,2.589295,60.02914,0,14454.9,0.496898,60.07927,0,14538.4,4.692527,59.86861,0,78.8158,2.444566,59.99650,0,98.0709,0.318801,59.93398,0,54.6572,4.467053,59.87994,0,PMU
428,3.575000,14503.5,2.902849,59.99184,0,14375.3,0.806835,59.88343,0,14506.9,-1.267192,60.09792,0,79.666,2.761720,59.98951,0,98.6674,0.638575,60.00233,0,54.6337,-1.482949,59.98251,0,PMU,14478.5,2.524057,59.94521,0,14389.2,0.429718,59.90908,0,14521.6,4.635406,60.11191,0,78.8878,2.383551,60.01632,0,97.8958,0.260167,60.03614,0,54.7186,4.411593,60.05828,0,PMU,14394.6,-0.624493,60.03847,0,14460.6,3.566184,60.07227,0,14535,1.478067,59.86828,0,78.6086,-0.766891,60.00816,0,97.4661,3.389858,59.94172,0,54.3844,1.254497,59.87994,0,PMU,14479.6,2.536386,59.94754,0,14389.1,0.441864,59.90824,0,14521.4,4.647669,60.11307,0,78.5479,2.394337,59.99067,0,97.846,0.272112,60.04546,0,54.6561,4.424652,60.11191,0,PMU,14487.2,2.586915,59.95454,0,14390,0.491893,59.90441,0,14522.1,4.698552,60.11507,0,78.8889,2.444322,59.99534,0,98.4137,0.321609,60.05362,0,54.6259,4.472241,60.09908,0,PMU
429,3.583333,14413.4,2.902360,59.99067,0,14419.8,0.811900,60.09675,0,14556,-1.273296,59.88343,0,79.777,2.761554,59.99684,0,98.7689,0.637720,59.98368,0,54.6599,-1.482888,60.00117,0,PMU,14393.8,2.525949,60.03614,0,14458,0.433563,60.07344,0,14535.4,4.628570,59.86944,0,78.7513,2.382514,59.98018,0,97.5697,0.257298,59.94521,0,54.698,4.406710,59.90675,0,PMU,14477.9,-0.627362,59.94521,0,14389.8,3.561606,59.91257,0,14523.5,1.484170,60.11656,0,78.722,-0.768295,59.97319,0,97.6547,3.392055,60.04196,0,54.2087,1.259319,60.09209,0,PMU,14394.9,2.538034,60.03147,0,14457.5,0.445570,60.07078,0,14533.9,4.640589,59.86478,0,78.5712,2.394215,59.99767,0,97.6044,0.268939,59.93939,0,54.7846,4.418670,59.88576,0,PMU,14400.5,2.588441,60.02914,0,14454.9,0.496043,60.07927,0,14538.4,4.691672,59.86861,0,78.7831,2.443528,59.98485,0,98.0482,0.317825,59.92773,0,54.5718,4.465344,59.86828,0,PMU
430,3.591667,14503.9,2.901994,59.99301,0,14376.3,0.805858,59.88460,0,14506.5,-1.268169,60.09792,0,79.7081,2.761066,59.99067,0,98.7229,0.637232,59.99067,0,54.6846,-1.483682,59.98485,0,PMU,14478.8,2.523142,59.94638,0,14388.9,0.428802,59.90908,0,14521.5,4.634613,60.11540,0,78.8434,2.382575,60.00117,0,97.938,0.259068,60.03380,0,54.5354,4.409945,60.06178,0,PMU,14394.6,-0.625348,60.03847,0,14460.1,3.565329,60.07111,0,14534.5,1.477212,59.86712,0,78.6081,-0.767929,60.00699,0,97.4619,3.389065,59.94289,0,54.3167,1.254314,59.90441,0,PMU,14478.6,2.535349,59.94871,0,14388.1,0.440765,59.90824,0,14520.7,4.646570,60.11424,0,78.5387,2.393483,59.98601,0,97.8955,0.271136,60.04196,0,54.7719,4.423797,60.09792,0,PMU,14487.1,2.586060,59.95454,0,14390.5,0.491038,59.90441,0,14522.2,4.697636,60.11390,0,78.8112,2.442918,59.98834,0,98.357,0.320510,60.05129,0,54.5721,4.472302,60.13289,0,PMU
431,3.600000,14413.5,2.901445,59.98951,0,14420.8,0.811107,60.10025,0,14556.6,-1.274211,59.88460,0,79.7878,2.760517,59.98951,0,98.5091,0.636195,59.98018,0,54.6467,-1.483987,59.99417,0,PMU,14393.7,2.525156,60.03847,0,14458.1,0.432648,60.07344,0,14535,4.627777,59.86944,0,78.6433,2.381659,59.98251,0,97.567,0.255956,59.94055,0,54.4125,4.403597,59.87877,0,PMU,14477.7,-0.628155,59.94638,0,14390,3.560752,59.91257,0,14523.9,1.483316,60.11656,0,78.7057,-0.769272,59.97436,0,97.7256,3.391140,60.03963,0,54.277,1.258587,60.08160,0,PMU,14393.3,2.536997,60.03147,0,14456,0.444532,60.07195,0,14532.1,4.639612,59.86711,0,78.5693,2.393299,59.99650,0,97.4894,0.267962,59.93938,0,54.7477,4.416842,59.86715,0,PMU,14400.5,2.587586,60.02914,0,14455.3,0.495250,60.08043,0,14538.9,4.690818,59.86978,0,78.7461,2.442491,59.99184,0,97.904,0.316787,59.92889,0,54.6508,4.464673,59.85429,0,PMU
432,3.608333,14504.2,2.901079,59.99301,0,14376.6,0.805065,59.88460,0,14506.9,-1.269023,60.09908,0,79.7197,2.760456,59.99883,0,98.5088,0.636072,59.99767,0,54.6717,-1.484719,59.98601,0,PMU,14478.3,2.522226,59.94405,0,14388.7,0.427948,59.91024,0,14521.4,4.633758,60.11424,0,78.7174,2.381354,59.99417,0,97.7255,0.257848,60.03614,0,54.2073,4.406954,60.06411,0,PMU,14395,-0.626141,60.03847,0,14460.5,3.564536,60.07227,0,14535,1.476480,59.86945,0,78.664,-0.768234,60.01981,0,97.5079,3.388210,59.94405,0,54.3007,1.252910,59.89159,0,PMU,14477,2.534311,59.94871,0,14387,0.439728,59.90824,0,14518.6,4.645471,60.11191,0,78.5001,2.392628,59.98718,0,97.926,0.270464,60.04779,0,54.7297,4.423370,60.12469,0,PMU,14487,2.585206,59.95454,0,14390.2,0.490184,59.90325,0,14522.2,4.696799,60.11424,0,78.8536,2.442125,59.99301,0,98.3437,0.319961,60.06061,0,54.543,4.470837,60.11773,0,PMU
433,3.616667,14412.9,2.900529,59.98951,0,14420.6,0.810252,60.09908,0,14556.5,-1.275127,59.88343,0,79.7566,2.759479,59.98135,0,98.3758,0.635279,59.98485,0,54.6354,-1.484964,59.99534,0,PMU,14393.7,2.524179,60.03730,0,14458.2,0.431732,60.07227,0,14534.7,4.626800,59.86711,0,78.5645,2.381049,59.99417,0,97.4886,0.255162,59.94871,0,54.2959,4.402743,59.91957,0,PMU,14478.5,-0.628870,59.94788,0,14390.5,3.560019,59.91374,0,14524.4,1.482583,60.11656,0,78.7164,-0.770370,59.95921,0,97.8267,3.390346,60.04079,0,54.2573,1.258770,60.11191,0,PMU,14392.2,2.535959,60.03147,0,14455.4,0.443434,60.07078,0,14531.2,4.638513,59.86711,0,78.5651,2.392445,59.99650,0,97.6451,0.266863,59.93122,0,54.7847,4.415682,59.85317,0,PMU,14400.5,2.586732,60.02914,0,14455.4,0.494334,60.07927,0,14538.5,4.689902,59.86828,0,78.8997,2.441820,59.99417,0,98.0516,0.316055,59.92540,0,54.6866,4.465161,59.89159,0,PMU
434,3.625000,14503.4,2.900102,59.99184,0,14376.2,0.804149,59.88343,0,14506.6,-1.270061,60.09675,0,79.6639,2.759601,60.00233,0,98.4852,0.635523,60.00466,0,54.6242,-1.485940,59.98135,0,PMU,14478.7,2.521372,59.94638,0,14389,0.426971,59.90908,0,14521.1,4.632782,60.11424,0,78.7021,2.380927,59.99767,0,97.8307,0.256932,60.03380,0,54.2669,4.406283,60.06761,0,PMU,14396,-0.626813,60.03930,0,14461.4,3.563804,60.07227,0,14535.8,1.475748,59.86945,0,78.6303,-0.769516,60.01632,0,97.5099,3.387234,59.94056,0,54.3362,1.251812,59.86711,0,PMU,14476.3,2.533273,59.94871,0,14386.9,0.438690,59.90940,0,14518.2,4.644434,60.11307,0,78.5278,2.391835,59.98834,0,97.8972,0.269427,60.04896,0,54.6851,4.421539,60.11186,0,PMU,14486.6,2.584351,59.95454,0,14391.1,0.489390,59.90558,0,14522.5,4.695884,60.11424,0,78.9556,2.441026,59.98485,0,98.3303,0.319107,60.05828,0,54.709,4.470959,60.11074,0,PMU
435,3.633333,14412.5,2.899614,59.99067,0,14420.3,0.809276,60.09792,0,14556,-1.276101,59.88464,0,79.7273,2.758686,59.98251,0,98.535,0.635096,59.99184,0,54.6235,-1.485513,60.00816,0,PMU,14393.8,2.523386,60.03847,0,14459.6,0.430878,60.07460,0,14534.8,4.625885,59.86828,0,78.5801,2.380561,59.99301,0,97.4745,0.254308,59.94988,0,54.3062,4.401400,59.90675,0,PMU,14478.8,-0.629603,59.94671,0,14391.1,3.559348,59.91491,0,14525.1,1.481851,60.11656,0,78.6388,-0.771408,59.96386,0,97.8363,3.389492,60.04313,0,54.2024,1.257122,60.10141,0,PMU,14391.3,2.534921,60.03147,0,14455.3,0.442457,60.07195,0,14531.3,4.637537,59.86828,0,78.6048,2.391163,59.98718,0,97.6095,0.265948,59.93356,0,54.7716,4.415316,59.88114,0,PMU,14400.5,2.585938,60.03031,0,14455.7,0.493541,60.07927,0,14538.8,4.689109,59.87061,0,78.8947,2.440843,59.99650,0,97.937,0.315261,59.92656,0,54.7055,4.464185,59.87061,0,PMU
436,3.641667,14503.1,2.899187,59.99184,0,14375.6,0.803233,59.88460,0,14505.8,-1.270976,60.09788,0,79.6587,2.758930,60.00466,0,98.5618,0.634974,59.99767,0,54.6408,-1.486123,59.98834,0,PMU,14478.8,2.520517,59.94521,0,14390.4,0.426178,59.91025,0,14521.8,4.631927,60.11540,0,78.685,2.379828,59.98601,0,97.8392,0.256139,60.03497,0,54.2989,4.406527,60.09791,0,PMU,14396,-0.627606,60.03813,0,14461.8,3.563071,60.07111,0,14536.2,1.474954,59.86828,0,78.6214,-0.770431,60.01865,0,97.5341,3.386196,59.93705,0,54.3879,1.252056,59.90325,0,PMU,14476.6,2.532297,59.94988,0,14386.7,0.437836,59.91173,0,14519,4.643518,60.11424,0,78.547,2.390919,59.99534,0,97.8324,0.268328,60.04546,0,54.7571,4.419952,60.08855,0,PMU,14486.7,2.583497,59.95337,0,14391,0.488475,59.90325,0,14522.2,4.695029,60.11307,0,78.8581,2.440294,59.98951,0,98.4429,0.318557,60.06295,0,54.6584,4.470044,60.11190,0,PMU
437,3.650000,14411.9,2.898637,59.98951,0,14420.2,0.808360,60.09792,0,14555.1,-1.277139,59.88231,0,79.6509,2.757526,59.97319,0,98.44,0.633814,59.97785,0,54.583,-1.486734,59.98834,0,PMU,14394.2,2.522593,60.03963,0,14460.6,0.430023,60.07343,0,14535.4,4.624969,59.86711,0,78.572,2.379645,59.99650,0,97.5671,0.253331,59.94638,0,54.4143,4.400546,59.88577,0,PMU,14479.9,-0.630396,59.94671,0,14392.2,3.558616,59.91491,0,14526.3,1.480996,60.11540,0,78.6574,-0.772079,59.96853,0,97.7411,3.388271,60.03963,0,54.3706,1.256573,60.08626,0,PMU,14391.2,2.534067,60.03380,0,14454.6,0.441620,60.07227,0,14531.4,4.636743,59.87061,0,78.6061,2.390004,59.98251,0,97.477,0.264971,59.93589,0,54.6451,4.413424,59.87531,0,PMU,14400.1,2.585023,60.02914,0,14455.4,0.492625,60.07926,0,14538.7,4.688193,59.86944,0,78.884,2.439988,59.99417,0,97.9979,0.314590,59.92423,0,54.7529,4.463575,59.87644,0,PMU
438,3.658333,14503,2.898149,59.99067,0,14375.5,0.802257,59.88343,0,14505.8,-1.271953,60.09904,0,79.6358,2.757953,60.00816,0,98.4435,0.633387,59.99184,0,54.5953,-1.487222,59.99068,0,PMU,14478.5,2.519663,59.94405,0,14390.4,0.425385,59.91141,0,14522.4,4.631134,60.11773,0,78.702,2.379218,59.99184,0,97.7729,0.255467,60.04080,0,54.2223,4.404635,60.07810,0,PMU,14396.8,-0.628338,60.03930,0,14462.6,3.562339,60.07111,0,14537.2,1.474222,59.87061,0,78.643,-0.771103,60.01865,0,97.4193,3.385341,59.94405,0,54.3692,1.250652,59.88693,0,PMU,14476.9,2.531442,59.94988,0,14387.1,0.436920,59.91024,0,14518.9,4.642664,60.11307,0,78.5432,2.389820,59.99650,0,97.8913,0.267291,60.04430,0,54.6315,4.419159,60.10953,0,PMU,14486,2.582581,59.95337,0,14390.5,0.487621,59.90442,0,14522.1,4.694114,60.11307,0,78.8737,2.438768,59.97669,0,98.3485,0.317886,60.06295,0,54.6136,4.468945,60.10258,0,PMU
439,3.666667,14411.7,2.897661,59.99067,0,14420.2,0.807323,60.09675,0,14555.4,-1.278176,59.88114,0,79.7072,2.756488,59.97202,0,98.3426,0.632349,59.98018,0,54.5822,-1.487527,59.99417,0,PMU,14394.9,2.521677,60.03847,0,14460.8,0.429169,60.07227,0,14535.4,4.624115,59.86595,0,78.554,2.378668,59.98951,0,97.5807,0.252782,59.94871,0,54.3628,4.400362,59.91841,0,PMU,14480.2,-0.631129,59.94671,0,14392.5,3.557822,59.91374,0,14526.6,1.480264,60.11540,0,78.6177,-0.773056,59.96270,0,97.7708,3.387600,60.04313,0,54.318,1.256267,60.10724,0,PMU,14392.2,2.533151,60.03264,0,14455.8,0.440765,60.07344,0,14533,4.635889,59.87061,0,78.603,2.388417,59.97319,0,97.4808,0.263629,59.93006,0,54.6419,4.412447,59.87182,0,PMU,14400.2,2.584168,60.03031,0,14455.2,0.491771,60.07926,0,14538.6,4.687339,59.87061,0,78.8542,2.439012,60.00466,0,97.9656,0.313675,59.91957,0,54.7271,4.463330,59.89276,0,PMU
440,3.675000,14503.1,2.897111,59.98951,0,14375.5,0.801281,59.88460,0,14506.5,-1.272991,60.09904,0,79.7173,2.756855,60.00699,0,98.4792,0.632471,60.00233,0,54.6211,-1.488137,59.98834,0,PMU,14479,2.518808,59.94521,0,14391.2,0.424469,59.91025,0,14522.8,4.630157,60.11540,0,78.7008,2.378485,59.99650,0,97.8753,0.254552,60.03380,0,54.3438,4.404207,60.07343,0,PMU,14397.2,-0.629114,60.03847,0,14462.5,3.561545,60.07111,0,14537.6,1.473428,59.86945,0,78.6288,-0.772140,60.01749,0,97.4656,3.384609,59.94288,0,54.4012,1.249554,59.87178,0,PMU,14478.2,2.530527,59.94988,0,14388,0.436127,59.91141,0,14520.6,4.641931,60.11540,0,78.6889,2.389332,60.01749,0,97.7599,0.266375,60.05246,0,54.526,4.417513,60.09675,0,PMU,14485.8,2.581727,59.95337,0,14390.7,0.486766,59.90442,0,14522.2,4.693198,60.11191,0,78.8947,2.438463,59.98951,0,98.3627,0.317276,60.06878,0,54.6906,4.468457,60.09791,0,PMU
441,3.683333,14412.3,2.896745,59.99301,0,14420.9,0.806346,60.09675,0,14555.8,-1.279153,59.88231,0,79.4838,2.754841,59.96153,0,98.5206,0.631617,59.98368,0,54.633,-1.488198,59.99883,0,PMU,14395,2.520823,60.03847,0,14461.3,0.428253,60.07227,0,14535.5,4.623199,59.86711,0,78.5642,2.378241,59.99534,0,97.4471,0.251927,59.94988,0,54.3655,4.399203,59.90442,0,PMU,14479.8,-0.631922,59.94638,0,14392.6,3.557029,59.91374,0,14526.6,1.479470,60.11540,0,78.5961,-0.773727,59.96969,0,97.8103,3.387173,60.04896,0,54.294,1.254741,60.09908,0,PMU,14392.9,2.532297,60.03380,0,14456.3,0.439911,60.07227,0,14533.7,4.635040,59.86839,0,78.8387,2.387946,59.97352,0,97.5262,0.262853,59.93272,0,54.6146,4.412996,59.91374,0,PMU,14399.7,2.583314,60.03031,0,14455,0.490977,60.08043,0,14538.7,4.686545,59.87294,0,78.8761,2.438218,59.99534,0,98.0069,0.312942,59.91724,0,54.6745,4.462110,59.87877,0,PMU
442,3.691667,14503.8,2.896318,59.99184,0,14376.2,0.800304,59.88460,0,14506.6,-1.273906,60.10021,0,79.4,2.755024,60.00350,0,98.517,0.631434,59.99650,0,54.6675,-1.488626,59.99184,0,PMU,14478.3,2.517893,59.94405,0,14391,0.423493,59.90908,0,14522.4,4.629242,60.11540,0,78.6479,2.377143,59.97902,0,97.8779,0.254002,60.03963,0,54.2919,4.404146,60.09442,0,PMU,14396.5,-0.630030,60.03614,0,14462.3,3.560691,60.06994,0,14537.4,1.472574,59.86828,0,78.6139,-0.773178,60.01049,0,97.5014,3.384060,59.94055,0,54.4415,1.249737,59.90441,0,PMU,14479.3,2.529611,59.94871,0,14389,0.435272,59.91141,0,14521.7,4.641016,60.11413,0,78.8651,2.389088,60.02182,0,97.876,0.265399,60.04863,0,54.6783,4.417330,60.08276,0,PMU,14485.1,2.580934,59.95454,0,14389.8,0.485973,59.90442,0,14521.1,4.692405,60.11191,0,78.8041,2.437547,59.98718,0,98.268,0.316299,60.06411,0,54.5919,4.467725,60.10724,0,PMU
443,3.700000,14412.3,2.895891,59.99184,0,14421.7,0.805431,60.09791,0,14555.2,-1.280069,59.88231,0,79.3417,2.753498,59.97086,0,98.3807,0.630396,59.98018,0,54.6104,-1.488992,59.99301,0,PMU,14394.7,2.519785,60.03614,0,14461.3,0.427216,60.07110,0,14535.1,4.622223,59.86595,0,78.5435,2.376776,59.99301,0,97.5767,0.251012,59.94288,0,54.3995,4.397860,59.87994,0,PMU,14480.2,-0.632777,59.94754,0,14392.7,3.556235,59.91491,0,14526.6,1.478616,60.11540,0,78.5953,-0.774460,59.97552,0,97.7671,3.386318,60.04313,0,54.4062,1.253887,60.07927,0,PMU,14393.4,2.531503,60.03614,0,14456.7,0.439178,60.07460,0,14534.5,4.634308,59.87188,0,78.8526,2.387152,59.96303,0,97.5501,0.262242,59.93972,0,54.6317,4.411898,59.89625,0,PMU,14399,2.582459,60.02914,0,14454.5,0.490123,60.07926,0,14538.4,4.685630,59.87061,0,78.8381,2.437547,60.00000,0,97.8974,0.312027,59.91840,0,54.7244,4.461194,59.87528,0,PMU
444,3.708333,14502.5,2.895402,59.99067,0,14375.7,0.799389,59.88460,0,14505.8,-1.274822,60.10021,0,79.3326,2.753986,60.00932,0,98.4555,0.630579,60.00350,0,54.613,-1.489480,59.99067,0,PMU,14478.5,2.516855,59.94405,0,14390.9,0.422577,59.91141,0,14523.6,4.628326,60.11657,0,78.6899,2.376227,59.98951,0,97.8445,0.253392,60.04546,0,54.2292,4.402559,60.08975,0,PMU,14396.1,-0.630823,60.03730,0,14462.2,3.559897,60.06994,0,14537.1,1.471780,59.86944,0,78.6656,-0.773910,60.01049,0,97.397,3.383083,59.93822,0,54.3837,1.248294,59.89318,0,PMU,14479.4,2.528818,59.94871,0,14389.2,0.434418,59.90908,0,14521.5,4.640222,60.11296,0,78.8698,2.388068,60.01749,0,97.9834,0.264666,60.04629,0,54.6552,4.417330,60.10375,0,PMU,14484.6,2.580018,59.95337,0,14389.9,0.485057,59.90325,0,14521.3,4.691489,60.11191,0,78.9513,2.436448,59.97902,0,98.3746,0.315567,60.06761,0,54.6261,4.466687,60.10491,0,PMU
445,3.716667,14410.7,2.894975,59.99184,0,14419.8,0.804515,60.09791,0,14553.8,-1.280984,59.88231,0,79.3282,2.753071,59.98252,0,98.3814,0.629847,59.98601,0,54.5832,-1.489602,59.99767,0,PMU,14394.9,2.518869,60.03847,0,14461,0.426361,60.07227,0,14535.3,4.621368,59.86711,0,78.5464,2.376227,60.00000,0,97.6471,0.250523,59.94521,0,54.3283,4.397799,59.90908,0,PMU,14479.4,-0.633631,59.94638,0,14392.7,3.555320,59.91257,0,14525.8,1.477701,60.11307,0,78.6031,-0.775314,59.97319,0,97.7875,3.385341,60.04313,0,54.3478,1.253399,60.09749,0,PMU,14394,2.530710,60.03614,0,14457.3,0.438324,60.07460,0,14535.3,4.633453,59.87072,0,78.8267,2.385565,59.95221,0,97.5626,0.261388,59.93739,0,54.6889,4.411287,59.88460,0,PMU,14399.1,2.581605,60.03031,0,14455.1,0.489268,60.08043,0,14538.8,4.684775,59.87178,0,79.0049,2.436021,59.99184,0,98.0383,0.311538,59.92306,0,54.7821,4.460645,59.88460,0,PMU
446,3.725000,14500.5,2.894365,59.98834,0,14373.3,0.798412,59.88344,0,14504.3,-1.275798,60.09904,0,79.3313,2.753315,60.00466,0,98.4972,0.630152,60.00583,0,54.5709,-1.490579,59.98135,0,PMU,14478,2.516001,59.94521,0,14390.5,0.421723,59.91141,0,14523.6,4.627472,60.11657,0,78.6965,2.375373,59.98368,0,97.8176,0.252354,60.03497,0,54.2411,4.401705,60.07460,0,PMU,14395.7,-0.631678,60.03730,0,14462.3,3.558982,60.06994,0,14536.8,1.470865,59.86944,0,78.6128,-0.774887,60.00816,0,97.4459,3.382046,59.93705,0,54.4054,1.247012,59.87803,0,PMU,14479.8,2.527964,59.94755,0,14389.4,0.433624,59.91024,0,14522.4,4.639429,60.11413,0,78.8863,2.386847,60.02448,0,97.8753,0.263812,60.04629,0,54.5789,4.415499,60.08043,0,PMU,14485.1,2.579225,59.95454,0,14390.8,0.484264,59.90442,0,14522.4,4.690696,60.11307,0,79.0229,2.435472,59.98951,0,98.4732,0.314834,60.06295,0,54.7237,4.465588,60.09442,0,PMU
447,3.733333,14409,2.893938,59.99184,0,14417.8,0.803417,60.09558,0,14551.3,-1.282083,59.87998,0,79.294,2.752399,59.98251,0,98.4604,0.629237,59.98251,0,54.5249,-1.490762,59.99650,0,PMU,14394.6,2.518015,60.03847,0,14460.6,0.425446,60.07111,0,14535,4.620514,59.86712,0,78.5644,2.375373,60.00000,0,97.5109,0.249364,59.94288,0,54.2649,4.396334,59.89742,0,PMU,14478.8,-0.634547,59.94521,0,14392.4,3.554404,59.91257,0,14524.9,1.476785,60.11307,0,78.5377,-0.775863,59.98135,0,97.6901,3.384731,60.05129,0,54.2959,1.251568,60.08700,0,PMU,14393.9,2.529855,60.03613,0,14457.3,0.437469,60.07344,0,14535.3,4.632599,59.86955,0,78.8262,2.384650,59.95804,0,97.6027,0.260533,59.93739,0,54.6446,4.411287,59.91957,0,PMU,14399.9,2.580873,60.03147,0,14456.3,0.488536,60.08160,0,14540.5,4.684043,59.87294,0,79.0151,2.434862,59.98835,0,98.1386,0.310501,59.91724,0,54.7167,4.458875,59.87178,0,PMU
448,3.741667,14498,2.893328,59.98835,0,14371.4,0.797313,59.88344,0,14501.9,-1.276895,60.09908,0,79.277,2.752338,59.99883,0,98.5317,0.628992,59.99534,0,54.5296,-1.491494,59.98601,0,PMU,14477.9,2.515085,59.94405,0,14390.3,0.420807,59.91141,0,14523.5,4.626556,60.11540,0,78.7069,2.374274,59.97902,0,97.8656,0.251317,60.03730,0,54.254,4.402376,60.11540,0,PMU,14395.6,-0.632593,60.03730,0,14462.2,3.558066,60.06994,0,14536.9,1.469888,59.86828,0,78.6106,-0.775680,60.00350,0,97.6002,3.381618,59.94055,0,54.4279,1.246768,59.90833,0,PMU,14479.6,2.527048,59.94638,0,14389.6,0.432770,59.91024,0,14522.2,4.638452,60.11180,0,78.896,2.385932,60.02448,0,97.8061,0.262486,60.03730,0,54.6495,4.414583,60.06295,0,PMU,14486.3,2.578553,59.95570,0,14391.6,0.483592,59.90558,0,14523.2,4.690024,60.11424,0,78.9682,2.434373,59.99067,0,98.4276,0.313430,60.05595,0,54.6322,4.464673,60.11073,0,PMU
449,3.750000,14407.4,2.892839,59.99067,0,14416.5,0.802379,60.09675,0,14549.6,-1.283120,59.88110,0,79.2336,2.751056,59.97552,0,98.3559,0.628155,59.98401,0,54.5527,-1.491433,60.00117,0,PMU,14394.6,2.517099,60.03847,0,14460.6,0.424591,60.07227,0,14535,4.619660,59.86828,0,78.6086,2.374701,60.00816,0,97.4661,0.248265,59.94172,0,54.3844,4.396090,59.87994,0,PMU,14479.1,-0.635401,59.94638,0,14392.4,3.553550,59.91374,0,14525.7,1.475931,60.11540,0,78.57,-0.776596,59.98251,0,97.8366,3.383755,60.04080,0,54.3705,1.250103,60.06369,0,PMU,14393.8,2.528940,60.03613,0,14457.5,0.436615,60.07344,0,14535.4,4.631622,59.86955,0,78.7691,2.384101,59.96503,0,97.3487,0.259740,59.94754,0,54.6006,4.409762,59.90791,0,PMU,14400.2,2.580140,60.03031,0,14456.6,0.487804,60.08043,0,14540.8,4.683310,59.87178,0,79.0001,2.434129,59.99534,0,98.0294,0.309463,59.92424,0,54.7426,4.457837,59.86945,0,PMU
450,3.758333,14497.4,2.892290,59.98951,0,14370.5,0.796276,59.88344,0,14501.5,-1.277993,60.09792,0,79.2609,2.751117,60.00117,0,98.4397,0.627484,59.98718,0,54.5949,-1.492166,59.98601,0,PMU,14477.9,2.514231,59.94521,0,14389.8,0.420014,59.91257,0,14523.5,4.625763,60.11656,0,78.722,2.373297,59.97319,0,97.6547,0.250462,60.04196,0,54.2087,4.400912,60.09209,0,PMU,14395.5,-0.633448,60.03730,0,14462,3.557212,60.06994,0,14537.1,1.469156,59.87061,0,78.6369,-0.776718,59.99767,0,97.5144,3.380581,59.93939,0,54.2962,1.244693,59.89668,0,PMU,14479.3,2.526072,59.94522,0,14389,0.431732,59.90675,0,14521.3,4.637476,60.11180,0,78.844,2.385321,60.02331,0,97.8115,0.261754,60.03847,0,54.6264,4.414583,60.09209,0,PMU,14486.2,2.577760,59.95454,0,14391.7,0.482799,59.90441,0,14523.3,4.689231,60.11307,0,78.9764,2.433580,59.98951,0,98.439,0.312637,60.06061,0,54.5847,4.463330,60.10491,0,PMU
451,3.766667,14406.9,2.891802,59.99067,0,14415.9,0.801403,60.09792,0,14549.4,-1.284158,59.88227,0,79.2191,2.750202,59.98251,0,98.2848,0.627057,59.99184,0,54.6141,-1.492105,60.00117,0,PMU,14394.6,2.516245,60.03847,0,14460.1,0.423737,60.07111,0,14534.5,4.618805,59.86712,0,78.6081,2.373664,60.00699,0,97.4619,0.247472,59.94289,0,54.3167,4.395907,59.90441,0,PMU,14478.8,-0.636195,59.94754,0,14392.4,3.552636,59.91262,0,14524.6,1.475076,60.11307,0,78.5455,-0.777450,59.98601,0,97.8775,3.382961,60.04546,0,54.2916,1.249920,60.09983,0,PMU,14393.9,2.527964,60.03614,0,14457.6,0.435516,60.07227,0,14535.3,4.630585,59.86839,0,78.6997,2.383429,59.96386,0,97.4593,0.258885,59.94521,0,54.6991,4.408846,59.89043,0,PMU,14400.7,2.579286,60.02914,0,14457.4,0.486949,60.07927,0,14541.1,4.682456,59.87061,0,78.9989,2.433275,59.99417,0,98.0221,0.308609,59.92307,0,54.7314,4.457532,59.88926,0,PMU
452,3.775000,14497.3,2.891313,59.99067,0,14370.1,0.795421,59.88576,0,14502.1,-1.278848,60.10141,0,79.2764,2.750324,60.00233,0,98.4594,0.626935,59.99767,0,54.6391,-1.493081,59.98135,0,PMU,14477.7,2.513437,59.94638,0,14390,0.419159,59.91257,0,14523.9,4.624908,60.11656,0,78.7057,2.372321,59.97436,0,97.7256,0.249547,60.03963,0,54.277,4.400179,60.08160,0,PMU,14395.1,-0.634180,60.03847,0,14461.5,3.556418,60.07223,0,14536.9,1.468301,59.87061,0,78.5782,-0.777877,59.99184,0,97.6506,3.379848,59.94055,0,54.3661,1.244144,59.88968,0,PMU,14478.7,2.525034,59.94405,0,14389.1,0.430695,59.90791,0,14521.4,4.636438,60.11180,0,78.7847,2.384040,60.01166,0,97.8652,0.261082,60.04196,0,54.5556,4.412264,60.06528,0,PMU,14486.5,2.576905,59.95454,0,14392.3,0.481944,59.90441,0,14523.5,4.688376,60.11307,0,78.9941,2.433214,59.99883,0,98.4232,0.311782,60.06061,0,54.7012,4.463025,60.10491,0,PMU
453,3.783333,14406.8,2.890947,59.99301,0,14415.8,0.800548,60.09792,0,14549.2,-1.285012,59.88227,0,79.2286,2.749958,59.99301,0,98.4149,0.626385,59.98951,0,54.6347,-1.493325,59.99534,0,PMU,14395,2.515451,60.03847,0,14460.5,0.422943,60.07227,0,14535,4.618073,59.86945,0,78.664,2.373358,60.01981,0,97.5079,0.246617,59.94405,0,54.3007,4.394503,59.89159,0,PMU,14478.3,-0.636988,59.94638,0,14391.6,3.551843,59.91262,0,14524.4,1.474344,60.11540,0,78.475,-0.778305,59.99184,0,97.9346,3.381862,60.03847,0,54.2159,1.248111,60.07577,0,PMU,14393.3,2.526926,60.03614,0,14457.8,0.434479,60.07227,0,14535.1,4.629547,59.86839,0,78.6894,2.382697,59.97435,0,97.5579,0.258275,59.94638,0,54.6799,4.408541,59.92889,0,PMU,14400.6,2.578492,60.03031,0,14457.9,0.486156,60.08043,0,14541.4,4.681602,59.87061,0,78.9744,2.432359,59.98368,0,98.0038,0.307937,59.92657,0,54.6951,4.456128,59.86828,0,PMU
454,3.791667,14497,2.890459,59.99067,0,14369.6,0.794567,59.88576,0,14501.4,-1.279763,60.10025,0,79.2925,2.750324,60.00699,0,98.4394,0.625714,59.98718,0,54.6609,-1.493814,59.99067,0,PMU,14478.5,2.512722,59.94788,0,14390.5,0.418427,59.91374,0,14524.4,4.624176,60.11656,0,78.7164,2.371222,59.95921,0,97.8267,0.248753,60.04079,0,54.2573,4.400362,60.11191,0,PMU,14394.6,-0.635035,60.03730,0,14461.2,3.555564,60.07107,0,14536.6,1.467447,59.86828,0,78.5505,-0.778732,59.99184,0,97.6543,3.378811,59.94172,0,54.314,1.244144,59.92423,0,PMU,14478.5,2.524057,59.94521,0,14389.2,0.429718,59.90908,0,14521.6,4.635406,60.11191,0,78.8878,2.383551,60.01632,0,97.8958,0.260167,60.03614,0,54.7186,4.411593,60.05828,0,PMU,14486.1,2.576051,59.95337,0,14392.2,0.481151,59.90441,0,14523.4,4.687522,60.11307,0,78.973,2.432359,60.00000,0,98.355,0.310989,60.05828,0,54.6259,4.463269,60.13638,0,PMU
455,3.800000,14406.5,2.890032,59.99184,0,14415.1,0.799633,60.09675,0,14548.4,-1.285867,59.88343,0,79.2599,2.749653,59.98718,0,98.3526,0.625104,59.98834,0,54.6337,-1.494296,59.99078,0,PMU,14396,2.514780,60.03930,0,14461.4,0.422211,60.07227,0,14535.8,4.617340,59.86945,0,78.6303,2.372077,60.01632,0,97.5099,0.245641,59.94056,0,54.3362,4.393404,59.86711,0,PMU,14478.1,-0.637781,59.94754,0,14391.9,3.551049,59.91378,0,14524.5,1.473428,60.11424,0,78.5096,-0.778671,60.00117,0,97.9023,3.380825,60.03847,0,54.3147,1.247623,60.06644,0,PMU,14393.8,2.525949,60.03614,0,14458,0.433563,60.07344,0,14535.4,4.628570,59.86944,0,78.7513,2.382514,59.98018,0,97.5697,0.257298,59.94521,0,54.698,4.406710,59.90675,0,PMU,14399.9,2.577577,60.02914,0,14457.8,0.485301,60.07927,0,14541.3,4.680686,59.86945,0,78.986,2.431566,59.98485,0,97.9731,0.307144,59.92657,0,54.7718,4.455884,59.85895,0,PMU
456,3.808333,14496.7,2.889604,59.99184,0,14369.3,0.793651,59.88576,0,14500.8,-1.280679,60.09908,0,79.2465,2.749408,59.99534,0,98.4629,0.624127,59.98135,0,54.6346,-1.494907,59.98834,0,PMU,14478.8,2.511990,59.94671,0,14391.1,0.417755,59.91491,0,14525.1,4.623443,60.11656,0,78.6388,2.370185,59.96386,0,97.8363,0.247899,60.04313,0,54.2024,4.398714,60.10141,0,PMU,14393.6,-0.635828,60.03730,0,14461,3.554770,60.07107,0,14536.1,1.466592,59.86944,0,78.5857,-0.779648,59.98135,0,97.5716,3.378445,59.95454,0,54.2911,1.242862,59.90908,0,PMU,14478.8,2.523142,59.94638,0,14388.9,0.428802,59.90908,0,14521.5,4.634613,60.11540,0,78.8434,2.382575,60.00117,0,97.938,0.259068,60.03380,0,54.5354,4.409945,60.06178,0,PMU,14486.2,2.575135,59.95337,0,14392,0.480296,59.90441,0,14523.8,4.686728,60.11540,0,78.9897,2.431871,60.00583,0,98.3946,0.310318,60.06062,0,54.621,4.461438,60.10608,0,PMU
457,3.816667,14406.4,2.889177,59.99184,0,14415.1,0.798656,60.09559,0,14548.2,-1.286843,59.88227,0,79.2016,2.748615,59.98485,0,98.3803,0.624249,60.00233,0,54.6294,-1.495456,59.98951,0,PMU,14396,2.513987,60.03813,0,14461.8,0.421479,60.07111,0,14536.2,4.616547,59.86828,0,78.6214,2.371161,60.01865,0,97.5341,0.244603,59.93705,0,54.3879,4.393649,59.90325,0,PMU,14477.1,-0.638636,59.94638,0,14391.1,3.550195,59.91262,0,14523.5,1.472635,60.11540,0,78.5798,-0.779281,60.00699,0,98.0564,3.381008,60.04896,0,54.3019,1.248050,60.09908,0,PMU,14393.7,2.525156,60.03847,0,14458.1,0.432648,60.07344,0,14535,4.627777,59.86944,0,78.6433,2.381659,59.98251,0,97.567,0.255956,59.94055,0,54.4125,4.403597,59.87877,0,PMU,14400.2,2.576722,60.03031,0,14457.6,0.484386,60.07810,0,14540.9,4.679832,59.86828,0,79.048,2.431261,59.98834,0,98.0379,0.306595,59.92889,0,54.7883,4.456128,59.89859,0,PMU
458,3.825000,14496.2,2.888628,59.98951,0,14369.5,0.792675,59.88576,0,14501.3,-1.281655,60.09908,0,79.1999,2.748249,59.99301,0,98.5337,0.623761,59.99067,0,54.6331,-1.496188,59.98601,0,PMU,14479.9,2.511196,59.94671,0,14392.2,0.417023,59.91491,0,14526.3,4.622589,60.11540,0,78.6574,2.369513,59.96853,0,97.7411,0.246679,60.03963,0,54.3706,4.398165,60.08626,0,PMU,14393,-0.636683,60.03730,0,14460.4,3.553916,60.07107,0,14535.5,1.465799,59.86944,0,78.6444,-0.780258,59.98135,0,97.7797,3.378139,59.94521,0,54.3831,1.242618,59.89625,0,PMU,14478.3,2.522226,59.94405,0,14388.7,0.427948,59.91024,0,14521.4,4.633758,60.11424,0,78.7174,2.381354,59.99417,0,97.7255,0.257848,60.03614,0,54.2073,4.406954,60.06411,0,PMU,14486.1,2.574286,59.95348,0,14392,0.479442,59.90558,0,14523.6,4.685874,60.11540,0,79.0386,2.431139,59.99767,0,98.3898,0.309585,60.05712,0,54.7403,4.460950,60.09209,0,PMU
459,3.833333,14406.1,2.888140,59.99067,0,14415.1,0.797680,60.09559,0,14548.3,-1.287820,59.88227,0,79.1981,2.747638,59.98834,0,98.3869,0.623944,60.00350,0,54.5986,-1.496616,59.99184,0,PMU,14396.8,2.513254,60.03930,0,14462.6,0.420746,60.07111,0,14537.2,4.615814,59.87061,0,78.643,2.370490,60.01865,0,97.4193,0.243749,59.94405,0,54.3692,4.392245,59.88693,0,PMU,14477,-0.639490,59.94638,0,14390.3,3.549341,59.91262,0,14523.3,1.471902,60.11657,0,78.6221,-0.779709,60.01049,0,98.0722,3.380581,60.04663,0,54.2562,1.246707,60.07810,0,PMU,14393.7,2.524179,60.03730,0,14458.2,0.431732,60.07227,0,14534.7,4.626800,59.86711,0,78.5645,2.381049,59.99417,0,97.4886,0.255162,59.94871,0,54.2959,4.402743,59.91957,0,PMU,14399.9,2.575868,60.03020,0,14457.5,0.483531,60.07810,0,14540.5,4.679038,59.86945,0,79.0204,2.430345,59.98485,0,97.983,0.305862,59.92889,0,54.7256,4.454175,59.87061,0,PMU
460,3.841667,14496,2.887590,59.98951,0,14369.4,0.791759,59.88693,0,14501.5,-1.282632,60.09908,0,79.2198,2.747272,59.99301,0,98.4017,0.622906,59.98018,0,54.5988,-1.497287,59.98718,0,PMU,14480.2,2.510464,59.94671,0,14392.5,0.416230,59.91374,0,14526.6,4.621857,60.11540,0,78.6177,2.368537,59.96270,0,97.7708,0.246007,60.04313,0,54.318,4.397860,60.10724,0,PMU,14392.1,-0.637476,60.03847,0,14459.9,3.553123,60.07223,0,14534.6,1.465005,59.86828,0,78.6268,-0.780929,59.97669,0,97.723,3.377712,59.94521,0,54.3388,1.242618,59.92190,0,PMU,14478.7,2.521372,59.94638,0,14389,0.426971,59.90908,0,14521.1,4.632782,60.11424,0,78.7021,2.380927,59.99767,0,97.8307,0.256932,60.03380,0,54.2669,4.406283,60.06761,0,PMU,14485.4,2.573432,59.95348,0,14391.4,0.478588,59.90558,0,14522.5,4.684958,60.11307,0,79.0491,2.430467,60.00233,0,98.3305,0.308609,60.05246,0,54.6709,4.461072,60.13172,0,PMU
461,3.850000,14407.6,2.887102,59.99067,0,14416,0.796703,60.09442,0,14549.9,-1.288797,59.88227,0,79.2445,2.746601,59.98718,0,98.3036,0.622784,59.99767,0,54.6127,-1.497775,59.99067,0,PMU,14397.2,2.512478,60.03847,0,14462.5,0.419953,60.07111,0,14537.6,4.615021,59.86945,0,78.6288,2.369452,60.01749,0,97.4656,0.243016,59.94288,0,54.4012,4.391146,59.87178,0,PMU,14476.3,-0.640284,59.94638,0,14390.1,3.548608,59.91378,0,14522.9,1.471109,60.11657,0,78.642,-0.780319,60.01166,0,98.0231,3.379665,60.03730,0,54.32,1.245669,60.05828,0,PMU,14393.8,2.523386,60.03847,0,14459.6,0.430878,60.07460,0,14534.8,4.625885,59.86828,0,78.5801,2.380561,59.99301,0,97.4745,0.254308,59.94988,0,54.3062,4.401400,59.90675,0,PMU,14398.9,2.574891,60.02787,0,14456.9,0.482616,60.07693,0,14539.7,4.678062,59.86828,0,79.0256,2.429002,59.97202,0,97.959,0.305130,59.93356,0,54.767,4.453321,59.85196,0,PMU
462,3.858333,14499.5,2.886614,59.99067,0,14371.9,0.790783,59.88693,0,14504.3,-1.283548,60.10025,0,79.2922,2.746174,59.99184,0,98.4391,0.621625,59.97785,0,54.6459,-1.498508,59.98601,0,PMU,14479.8,2.509671,59.94638,0,14392.6,0.415436,59.91374,0,14526.6,4.621063,60.11540,0,78.5961,2.367866,59.96969,0,97.8103,0.245580,60.04896,0,54.294,4.396334,60.09908,0,PMU,14392,-0.638209,60.03963,0,14460.3,3.552392,60.07227,0,14534.9,1.464212,59.86828,0,78.6425,-0.781784,59.97202,0,97.7053,3.376858,59.94638,0,54.3074,1.241031,59.91141,0,PMU,14478.8,2.520517,59.94521,0,14390.4,0.426178,59.91025,0,14521.8,4.631927,60.11540,0,78.685,2.379828,59.98601,0,97.8392,0.256139,60.03497,0,54.2989,4.406527,60.09791,0,PMU,14485.1,2.572394,59.95232,0,14390.5,0.477611,59.90441,0,14522.6,4.684043,60.11423,0,78.9883,2.429491,60.00933,0,98.4257,0.308243,60.05945,0,54.5905,4.458753,60.10375,0,PMU
463,3.866667,14410.1,2.886308,59.99417,0,14419.2,0.795848,60.09675,0,14552.8,-1.289651,59.88343,0,79.2465,2.745380,59.98485,0,98.379,0.621564,59.99883,0,54.5991,-1.499728,59.97669,0,PMU,14396.5,2.511563,60.03614,0,14462.3,0.419098,60.06994,0,14537.4,4.614166,59.86828,0,78.6139,2.368415,60.01049,0,97.5014,0.242467,59.94055,0,54.4415,4.391329,59.90441,0,PMU,14476.6,-0.640955,59.94754,0,14390.3,3.547937,59.91491,0,14523.1,1.470438,60.11890,0,78.6707,-0.780990,60.01515,0,98.0553,3.379055,60.04196,0,54.3057,1.246036,60.09559,0,PMU,14394.2,2.522593,60.03963,0,14460.6,0.430023,60.07343,0,14535.4,4.624969,59.86711,0,78.572,2.379645,59.99650,0,97.5671,0.253331,59.94638,0,54.4143,4.400546,59.88577,0,PMU,14398.4,2.573920,60.02914,0,14456.3,0.481578,60.07577,0,14539,4.677085,59.86712,0,78.9788,2.428392,59.97902,0,98.1139,0.304520,59.92889,0,54.7405,4.453199,59.89392,0,PMU
464,3.875000,14502.1,2.885759,59.98951,0,14374.8,0.789928,59.88693,0,14507.5,-1.284402,60.10025,0,79.2697,2.744831,59.98951,0,98.487,0.620465,59.97902,0,54.5768,-1.500583,59.98368,0,PMU,14480.2,2.508816,59.94754,0,14392.7,0.414643,59.91491,0,14526.6,4.620209,60.11540,0,78.5953,2.367133,59.97552,0,97.7671,0.244725,60.04313,0,54.4062,4.395480,60.07927,0,PMU,14392.4,-0.638880,60.03963,0,14460.7,3.551782,60.07344,0,14534.7,1.463541,59.86828,0,78.6432,-0.782516,59.97086,0,97.7191,3.376308,59.94754,0,54.3935,1.240237,59.88926,0,PMU,14478.5,2.519663,59.94405,0,14390.4,0.425385,59.91141,0,14522.4,4.631134,60.11773,0,78.702,2.379218,59.99184,0,97.7729,0.255467,60.04080,0,54.2223,4.404635,60.07810,0,PMU,14484.8,2.571479,59.95337,0,14390.5,0.476634,59.90558,0,14522.3,4.683005,60.11307,0,78.9652,2.428941,60.01049,0,98.432,0.307022,60.04779,0,54.6756,4.458081,60.09325,0,PMU
465,3.883333,14413.1,2.885515,59.99534,0,14422.5,0.795055,60.09792,0,14555.9,-1.290444,59.88460,0,79.3055,2.744404,59.99184,0,98.4892,0.620526,60.00117,0,54.5818,-1.500827,59.99534,0,PMU,14396.1,2.510769,60.03730,0,14462.2,0.418305,60.06994,0,14537.1,4.613373,59.86944,0,78.6656,2.367682,60.01049,0,97.397,0.241491,59.93822,0,54.3837,4.389887,59.89318,0,PMU,14477.1,-0.641627,59.94754,0,14390.8,3.547265,59.91374,0,14523.9,1.469766,60.11890,0,78.7131,-0.781540,60.01865,0,98.0071,3.378384,60.03963,0,54.2644,1.244144,60.07460,0,PMU,14394.9,2.521677,60.03847,0,14460.8,0.429169,60.07227,0,14535.4,4.624115,59.86595,0,78.554,2.378668,59.98951,0,97.5807,0.252782,59.94871,0,54.3628,4.400362,59.91841,0,PMU,14398.5,2.573066,60.03031,0,14456.9,0.480724,60.07810,0,14539,4.676169,59.86945,0,78.8881,2.427415,59.97086,0,97.9422,0.303299,59.92889,0,54.6418,4.451062,59.86595,0,PMU
466,3.891667,14503.3,2.884966,59.98951,0,14376.5,0.789135,59.88693,0,14508.3,-1.285195,60.10025,0,79.3001,2.744038,59.99301,0,98.4881,0.619488,59.98018,0,54.5709,-1.501315,59.99068,0,PMU,14479.4,2.507962,59.94638,0,14392.7,0.413727,59.91257,0,14525.8,4.619293,60.11307,0,78.6031,2.366279,59.97319,0,97.7875,0.243749,60.04313,0,54.3478,4.394991,60.09749,0,PMU,14393.3,-0.639490,60.04080,0,14461.9,3.551111,60.07344,0,14535.1,1.462810,59.86715,0,78.6469,-0.783004,59.97202,0,97.7034,3.375393,59.94288,0,54.3948,1.240237,59.92540,0,PMU,14479,2.518808,59.94521,0,14391.2,0.424469,59.91025,0,14522.8,4.630157,60.11540,0,78.7008,2.378485,59.99650,0,97.8753,0.254552,60.03380,0,54.3438,4.404207,60.07343,0,PMU,14484.5,2.570624,59.95337,0,14390.4,0.475780,59.90558,0,14521.9,4.682151,60.11423,0,78.8661,2.427904,60.00933,0,98.2402,0.305984,60.05129,0,54.584,4.458081,60.13405,0,PMU
467,3.900000,14413.2,2.884600,59.99301,0,14422.8,0.794140,60.09559,0,14555.4,-1.291360,59.88227,0,79.2835,2.743549,59.99067,0,98.4052,0.619366,59.99767,0,54.5322,-1.501865,59.98951,0,PMU,14395.7,2.509915,60.03730,0,14462.3,0.417389,60.06994,0,14536.8,4.612457,59.86944,0,78.6128,2.366706,60.00816,0,97.4459,0.240453,59.93705,0,54.4054,4.388605,59.87803,0,PMU,14478.4,-0.642298,59.94638,0,14391.6,3.546594,59.91374,0,14525.8,1.469095,60.12002,0,78.7007,-0.782455,60.01049,0,98.0348,3.377651,60.04313,0,54.3962,1.243350,60.05945,0,PMU,14395,2.520823,60.03847,0,14461.3,0.428253,60.07227,0,14535.5,4.623199,59.86711,0,78.5642,2.378241,59.99534,0,97.4471,0.251927,59.94988,0,54.3655,4.399203,59.90442,0,PMU,14397.9,2.572150,60.02914,0,14456.4,0.479808,60.07694,0,14538.5,4.675193,59.86712,0,78.8083,2.426073,59.96503,0,97.8723,0.302383,59.93123,0,54.7098,4.450513,59.85546,0,PMU
468,3.908333,14503.2,2.883989,59.98834,0,14377.2,0.788097,59.88460,0,14507.9,-1.286233,60.09792,0,79.2801,2.743305,59.99534,0,98.3353,0.618268,59.97902,0,54.5031,-1.502414,59.98951,0,PMU,14478.8,2.507046,59.94521,0,14392.4,0.412812,59.91257,0,14524.9,4.618378,60.11307,0,78.5377,2.365729,59.98135,0,97.6901,0.243138,60.05129,0,54.2959,4.393160,60.08700,0,PMU,14394.8,-0.640162,60.04080,0,14462.7,3.550439,60.07344,0,14536.1,1.462200,59.86832,0,78.6254,-0.783798,59.97435,0,97.7443,3.374660,59.94288,0,54.3772,1.238467,59.90675,0,PMU,14478.3,2.517893,59.94405,0,14391,0.423493,59.90908,0,14522.4,4.629242,60.11540,0,78.6479,2.377143,59.97902,0,97.8779,0.254002,60.03963,0,54.2919,4.404146,60.09442,0,PMU,14484.8,2.569648,59.95221,0,14390.3,0.474803,59.90441,0,14522.3,4.681235,60.11540,0,78.9223,2.427171,60.02098,0,98.2989,0.305191,60.05362,0,54.5907,4.456800,60.12006,0,PMU
469,3.916667,14413.2,2.883501,59.99067,0,14423.3,0.793041,60.09442,0,14555.5,-1.292458,59.88111,0,79.2632,2.742634,59.98718,0,98.3216,0.618756,60.00933,0,54.5123,-1.502780,59.99301,0,PMU,14395.6,2.508999,60.03730,0,14462.2,0.416474,60.06994,0,14536.9,4.611481,59.86828,0,78.6106,2.365912,60.00350,0,97.6002,0.240026,59.94055,0,54.4279,4.388361,59.90833,0,PMU,14479.8,-0.642969,59.94638,0,14392.5,3.545984,59.91491,0,14526.7,1.468423,60.11886,0,78.7202,-0.783004,60.01515,0,98.0514,3.376980,60.04430,0,54.3806,1.243533,60.09675,0,PMU,14394.7,2.519785,60.03614,0,14461.3,0.427216,60.07110,0,14535.1,4.622223,59.86595,0,78.5435,2.376776,59.99301,0,97.5767,0.251012,59.94288,0,54.3995,4.397860,59.87994,0,PMU,14398.4,2.571235,60.03031,0,14456.7,0.478832,60.07694,0,14538.3,4.674277,59.86711,0,78.8807,2.425584,59.96969,0,97.9194,0.301773,59.93472,0,54.7561,4.451123,59.89159,0,PMU
470,3.925000,14503.3,2.882891,59.98834,0,14377.4,0.786998,59.88460,0,14508.3,-1.287332,60.09791,0,79.2853,2.742085,59.98951,0,98.3958,0.617657,59.97902,0,54.5417,-1.502963,59.99650,0,PMU,14479.1,2.506192,59.94638,0,14392.4,0.411957,59.91374,0,14525.7,4.617523,60.11540,0,78.57,2.364997,59.98251,0,97.8366,0.242162,60.04080,0,54.3705,4.391695,60.06369,0,PMU,14395.7,-0.640772,60.04196,0,14463.3,3.549768,60.07227,0,14536.9,1.461529,59.86832,0,78.5867,-0.784225,59.97669,0,97.7778,3.374172,59.94638,0,54.4568,1.237552,59.88577,0,PMU,14478.5,2.516855,59.94405,0,14390.9,0.422577,59.91141,0,14523.6,4.628326,60.11657,0,78.6899,2.376227,59.98951,0,97.8445,0.253392,60.04546,0,54.2292,4.402559,60.08975,0,PMU,14484.6,2.568732,59.95221,0,14390.6,0.473949,59.90675,0,14522.4,4.680259,60.11424,0,78.9203,2.426317,60.01399,0,98.3049,0.304214,60.04663,0,54.7004,4.456006,60.09325,0,PMU
471,3.933333,14413.1,2.882463,59.99184,0,14423.3,0.792003,60.09559,0,14555.3,-1.293557,59.88111,0,79.2514,2.741291,59.98485,0,98.3047,0.617962,60.00583,0,54.5502,-1.503390,59.99184,0,PMU,14395.5,2.508145,60.03730,0,14462,0.415619,60.06994,0,14537.1,4.610749,59.87061,0,78.6369,2.364875,59.99767,0,97.5144,0.238988,59.93939,0,54.2962,4.386286,59.89668,0,PMU,14479.8,-0.643702,59.94405,0,14392.8,3.545312,59.91491,0,14527.6,1.467752,60.11886,0,78.621,-0.784042,60.00350,0,98.06,3.376064,60.03614,0,54.2805,1.241397,60.07343,0,PMU,14394.9,2.518869,60.03847,0,14461,0.426361,60.07227,0,14535.3,4.621368,59.86711,0,78.5464,2.376227,60.00000,0,97.6471,0.250523,59.94521,0,54.3283,4.397799,59.90908,0,PMU,14398,2.570380,60.03147,0,14456.4,0.477977,60.07694,0,14538.2,4.673362,59.86828,0,78.7935,2.424486,59.96503,0,97.7707,0.300552,59.93006,0,54.6853,4.449292,59.87177,0,PMU
472,3.941667,14503.5,2.881914,59.98951,0,14377.5,0.785963,59.88464,0,14508.2,-1.288369,60.09908,0,79.2904,2.741108,59.99650,0,98.3716,0.616925,59.98018,0,54.5304,-1.503757,59.99301,0,PMU,14478.8,2.505398,59.94754,0,14392.4,0.411044,59.91262,0,14524.6,4.616669,60.11307,0,78.5455,2.364142,59.98601,0,97.8775,0.241368,60.04546,0,54.2916,4.391512,60.09983,0,PMU,14396,-0.641505,60.04196,0,14464.1,3.549096,60.07227,0,14537.3,1.460796,59.86715,0,78.5262,-0.784955,59.98256,0,97.6303,3.373076,59.94292,0,54.3796,1.237369,59.92307,0,PMU,14478,2.516001,59.94521,0,14390.5,0.421723,59.91141,0,14523.6,4.627472,60.11657,0,78.6965,2.375373,59.98368,0,97.8176,0.252354,60.03497,0,54.2411,4.401705,60.07460,0,PMU,14484.7,2.567817,59.95104,0,14390.3,0.473035,59.90562,0,14522.3,4.679404,60.11540,0,78.8953,2.425035,60.01049,0,98.192,0.303177,60.05012,0,54.6662,4.456006,60.12823,0,PMU
473,3.950000,14413,2.881548,59.99301,0,14423.5,0.791027,60.09671,0,14554.6,-1.294534,59.88227,0,79.2728,2.740559,59.98951,0,98.3764,0.616803,59.99767,0,54.5138,-1.504367,59.98834,0,PMU,14395.1,2.507412,60.03847,0,14461.5,0.414826,60.07223,0,14536.9,4.609894,59.87061,0,78.5782,2.363715,59.99184,0,97.6506,0.238256,59.94055,0,54.3661,4.385736,59.88968,0,PMU,14480.7,-0.644312,59.94638,0,14393.5,3.544702,59.91607,0,14528.5,1.467020,60.11886,0,78.653,-0.784530,60.00812,0,97.9397,3.375149,60.03959,0,54.3484,1.241092,60.07110,0,PMU,14394.6,2.518015,60.03847,0,14460.6,0.425446,60.07111,0,14535,4.620514,59.86712,0,78.5644,2.375373,60.00000,0,97.5109,0.249364,59.94288,0,54.2649,4.396334,59.89742,0,PMU,14398.5,2.569465,60.03147,0,14456.3,0.477062,60.07689,0,14538.2,4.672507,59.86828,0,78.7676,2.423509,59.97086,0,97.8926,0.299698,59.93356,0,54.7637,4.448333,59.85346,0,PMU
474,3.958333,14503.1,2.880937,59.98834,0,14377.3,0.785016,59.88521,0,14507,-1.289346,60.09908,0,79.2685,2.740009,59.98951,0,98.2989,0.615948,59.98368,0,54.5182,-1.504184,60.00350,0,PMU,14478.3,2.504605,59.94638,0,14391.6,0.410250,59.91262,0,14524.4,4.615936,60.11540,0,78.475,2.363288,59.99184,0,97.9346,0.240270,60.03847,0,54.2159,4.389703,60.07577,0,PMU,14396.6,-0.642115,60.04196,0,14464.6,3.548486,60.07227,0,14537.1,1.460186,59.86948,0,78.513,-0.785597,59.97963,0,97.5504,3.372160,59.94292,0,54.2981,1.235843,59.89976,0,PMU,14477.9,2.515085,59.94405,0,14390.3,0.420807,59.91141,0,14523.5,4.626556,60.11540,0,78.7069,2.374274,59.97902,0,97.8656,0.251317,60.03730,0,54.254,4.402376,60.11540,0,PMU,14484.7,2.566962,59.95221,0,14390.5,0.472120,59.90562,0,14522.4,4.678489,60.11424,0,78.8423,2.424059,60.01049,0,98.3251,0.302566,60.05479,0,54.5903,4.454114,60.11041,0,PMU
475,3.966667,14412.9,2.880510,59.99184,0,14423,0.789989,60.09497,0,14554.7,-1.295510,59.88227,0,79.2339,2.739460,59.98951,0,98.3513,0.615704,59.99534,0,54.523,-1.505099,59.98251,0,PMU,14394.6,2.506558,60.03730,0,14461.2,0.413971,60.07107,0,14536.6,4.609040,59.86828,0,78.5505,2.362861,59.99184,0,97.6543,0.237218,59.94172,0,54.314,4.385736,59.92423,0,PMU,14480.3,-0.644983,59.94522,0,14394.1,3.543969,59.91374,0,14528.1,1.466287,60.11653,0,78.5844,-0.785780,59.99650,0,97.9861,3.374538,60.04542,0,54.2631,1.240970,60.09791,0,PMU,14394.6,2.517099,60.03847,0,14460.6,0.424591,60.07227,0,14535,4.619660,59.86828,0,78.6086,2.374701,60.00816,0,97.4661,0.248265,59.94172,0,54.3844,4.396090,59.87994,0,PMU,14398.5,2.568610,60.03147,0,14457,0.476146,60.07689,0,14538,4.671592,59.86828,0,78.69,2.422655,59.97319,0,97.9521,0.299209,59.93589,0,54.7159,4.448394,59.89076,0,PMU
476,3.975000,14503.3,2.879900,59.98834,0,14376.8,0.783920,59.88409,0,14507.1,-1.290322,60.09908,0,79.2644,2.739216,59.99534,0,98.4632,0.615094,59.98834,0,54.5428,-1.505038,60.00117,0,PMU,14478.1,2.503811,59.94754,0,14391.9,0.409457,59.91378,0,14524.5,4.615021,60.11424,0,78.5096,2.362922,60.00117,0,97.9023,0.239232,60.03847,0,54.3147,4.389215,60.06644,0,PMU,14396.4,-0.642847,60.04079,0,14464.6,3.547632,60.06994,0,14537.1,1.459392,59.86832,0,78.4868,-0.786266,59.99072,0,97.8419,3.371672,59.94525,0,54.3605,1.235233,59.89043,0,PMU,14477.9,2.514231,59.94521,0,14389.8,0.420014,59.91257,0,14523.5,4.625763,60.11656,0,78.722,2.373297,59.97319,0,97.6547,0.250462,60.04196,0,54.2087,4.400912,60.09209,0,PMU,14484.8,2.566108,59.95221,0,14390.9,0.471265,59.90679,0,14522.7,4.677634,60.11540,0,78.8095,2.422899,60.00466,0,98.3226,0.301651,60.04663,0,54.7042,4.453504,60.09758,0,PMU
477,3.983333,14412.9,2.879534,59.99301,0,14422.9,0.788891,60.09493,0,14554.3,-1.296548,59.88111,0,79.3207,2.738972,59.99534,0,98.5762,0.614728,59.99301,0,54.5726,-1.505710,59.98718,0,PMU,14393.6,2.505764,60.03730,0,14461,0.413178,60.07107,0,14536.1,4.608185,59.86944,0,78.5857,2.361945,59.98135,0,97.5716,0.236852,59.95454,0,54.2911,4.384454,59.90908,0,PMU,14479.7,-0.645838,59.94289,0,14393.5,3.543054,59.91257,0,14528.1,1.465433,60.11536,0,78.591,-0.786388,59.99767,0,98.1346,3.373625,60.03730,0,54.2088,1.239566,60.08276,0,PMU,14394.6,2.516245,60.03847,0,14460.1,0.423737,60.07111,0,14534.5,4.618805,59.86712,0,78.6081,2.373664,60.00699,0,97.4619,0.247472,59.94289,0,54.3167,4.395907,59.90441,0,PMU,14399,2.567817,60.03264,0,14457.4,0.475353,60.07806,0,14538.5,4.670798,59.86944,0,78.6724,2.421922,59.98135,0,97.9332,0.298355,59.93705,0,54.7165,4.447112,59.87794,0,PMU
478,3.991667,14503.1,2.878923,59.98834,0,14377.4,0.782882,59.88525,0,14507,-1.291360,60.09908,0,79.4021,2.738361,59.98834,0,98.5746,0.614361,59.99301,0,54.5976,-1.505649,60.00117,0,PMU,14477.1,2.502957,59.94638,0,14391.1,0.408602,59.91262,0,14523.5,4.614227,60.11540,0,78.5798,2.362311,60.00699,0,98.0564,0.239415,60.04896,0,54.3019,4.389642,60.09908,0,PMU,14396.3,-0.643763,60.03963,0,14464.5,3.546777,60.07111,0,14537,1.458538,59.86832,0,78.5153,-0.786937,59.98951,0,97.7231,3.370695,59.94405,0,54.3439,1.235660,59.92540,0,PMU,14477.7,2.513437,59.94638,0,14390,0.419159,59.91257,0,14523.9,4.624908,60.11656,0,78.7057,2.372321,59.97436,0,97.7256,0.249547,60.03963,0,54.277,4.400179,60.08160,0,PMU,14485.1,2.565314,59.95221,0,14391,0.470472,59.90679,0,14523,4.676780,60.11424,0,78.7712,2.421861,59.99883,0,98.33,0.300796,60.04663,0,54.6925,4.453260,60.11740,0,PMU
479,4.000000,14412.6,2.878557,59.99301,0,14423.1,0.787914,60.09610,0,14554.5,-1.297524,59.88227,0,79.3817,2.737629,59.98601,0,98.5407,0.613446,59.98251,0,54.5738,-1.506808,59.97785,0,PMU,14393,2.504910,60.03730,0,14460.4,0.412323,60.07107,0,14535.5,4.607392,59.86944,0,78.6444,2.361335,59.98135,0,97.7797,0.236547,59.94521,0,54.3831,4.384210,59.89625,0,PMU,14480.1,-0.646692,59.94405,0,14393.8,3.542260,59.91374,0,14528.4,1.464578,60.11536,0,78.6458,-0.787243,59.99417,0,98.0451,3.372587,60.03614,0,54.3464,1.239322,60.06994,0,PMU,14395,2.515451,60.03847,0,14460.5,0.422943,60.07227,0,14535,4.618073,59.86945,0,78.664,2.373358,60.01981,0,97.5079,0.246617,59.94405,0,54.3007,4.394503,59.89159,0,PMU,14399.1,2.567023,60.03264,0,14457.5,0.474559,60.07806,0,14538.7,4.669944,59.86944,0,78.6275,2.421251,59.98834,0,97.8776,0.297501,59.93705,0,54.7659,4.445892,59.85928,0,PMU
480,4.008333,14502.9,2.877964,59.98868,0,14377.2,0.782028,59.88758,0,14507.4,-1.292275,60.10025,0,79.431,2.737324,59.99417,0,98.4253,0.613141,59.99417,0,54.5716,-1.506625,60.00350,0,PMU,14477,2.502102,59.94638,0,14390.3,0.407748,59.91262,0,14523.3,4.613495,60.11657,0,78.6221,2.361884,60.01049,0,98.0722,0.238988,60.04663,0,54.2562,4.388300,60.07810,0,PMU,14396.2,-0.644495,60.04196,0,14465.3,3.545984,60.07111,0,14537,1.457744,59.86948,0,78.5143,-0.787914,59.98718,0,97.6952,3.369597,59.94288,0,54.3515,1.234317,59.90442,0,PMU,14478.5,2.512722,59.94788,0,14390.5,0.418427,59.91374,0,14524.4,4.624176,60.11656,0,78.7164,2.371222,59.95921,0,97.8267,0.248753,60.04079,0,54.2573,4.400362,60.11191,0,PMU,14485.2,2.564460,59.95104,0,14391.3,0.469618,59.90562,0,14523.4,4.675986,60.11540,0,78.8145,2.421312,60.00117,0,98.3168,0.300064,60.04896,0,54.6523,4.451429,60.10574,0,PMU
481,4.016667,14413,2.877598,59.99301,0,14422.7,0.786998,60.09493,0,14555,-1.298379,59.88343,0,79.3809,2.736347,59.98135,0,98.4404,0.612225,59.98252,0,54.5375,-1.507846,59.97669,0,PMU,14392.1,2.504116,60.03847,0,14459.9,0.411530,60.07223,0,14534.6,4.606598,59.86828,0,78.6268,2.360663,59.97669,0,97.723,0.236119,59.94521,0,54.3388,4.384210,59.92190,0,PMU,14479.6,-0.647425,59.94405,0,14394.1,3.541528,59.91491,0,14527.9,1.463785,60.11536,0,78.5821,-0.788707,59.98485,0,98.0031,3.371611,60.03847,0,54.3108,1.239322,60.09558,0,PMU,14396,2.514780,60.03930,0,14461.4,0.422211,60.07227,0,14535.8,4.617340,59.86945,0,78.6303,2.372077,60.01632,0,97.5099,0.245641,59.94056,0,54.3362,4.393404,59.86711,0,PMU,14399.4,2.566169,60.03264,0,14457.8,0.473705,60.07806,0,14538.7,4.669150,59.86944,0,78.7257,2.421129,59.99650,0,98.0687,0.297073,59.94288,0,54.798,4.446197,59.90008,0,PMU
482,4.025000,14503.6,2.877049,59.98951,0,14377.2,0.781112,59.88758,0,14508,-1.293130,60.10025,0,79.3888,2.735859,59.99067,0,98.4861,0.612592,60.00699,0,54.5575,-1.507724,60.00233,0,PMU,14476.3,2.501309,59.94638,0,14390.1,0.407015,59.91378,0,14522.9,4.612702,60.11657,0,78.642,2.361274,60.01166,0,98.0231,0.238073,60.03730,0,54.32,4.387262,60.05828,0,PMU,14395.8,-0.645227,60.04196,0,14465.3,3.545251,60.07111,0,14536.8,1.457012,59.87065,0,78.4891,-0.788707,60.00000,0,97.719,3.368925,59.94871,0,54.382,1.233463,59.88810,0,PMU,14478.8,2.511990,59.94671,0,14391.1,0.417755,59.91491,0,14525.1,4.623443,60.11656,0,78.6388,2.370185,59.96386,0,97.8363,0.247899,60.04313,0,54.2024,4.398714,60.10141,0,PMU,14485.4,2.563666,59.95221,0,14391,0.468824,59.90679,0,14523.3,4.675193,60.11540,0,78.8076,2.420396,59.98601,0,98.4263,0.299332,60.04313,0,54.7691,4.450635,60.08476,0,PMU
483,4.033333,14413,2.876743,59.99417,0,14422.8,0.786144,60.09610,0,14554.7,-1.299294,59.88227,0,79.3525,2.735554,59.99417,0,98.4867,0.611188,59.97319,0,54.5292,-1.509006,59.97552,0,PMU,14392,2.503384,60.03963,0,14460.3,0.410800,60.07227,0,14534.9,4.605805,59.86828,0,78.6425,2.359809,59.97202,0,97.7053,0.235265,59.94638,0,54.3074,4.382623,59.91141,0,PMU,14479.3,-0.648218,59.94288,0,14393.7,3.540735,59.91374,0,14527.7,1.463055,60.11540,0,78.5948,-0.789501,59.98485,0,97.9096,3.370939,60.03847,0,54.2243,1.237674,60.08043,0,PMU,14396,2.513987,60.03813,0,14461.8,0.421479,60.07111,0,14536.2,4.616547,59.86828,0,78.6214,2.371161,60.01865,0,97.5341,0.244603,59.93705,0,54.3879,4.393649,59.90325,0,PMU,14399.4,2.565436,60.03380,0,14457.9,0.472913,60.07810,0,14538.4,4.668357,59.86944,0,78.6933,2.420213,59.99650,0,98.0192,0.296158,59.93938,0,54.7261,4.444000,59.87327,0,PMU
484,4.041667,14503.5,2.876072,59.98718,0,14377.1,0.780136,59.88525,0,14507.8,-1.294045,60.10025,0,79.3776,2.734821,59.98601,0,98.4164,0.611554,60.00699,0,54.5627,-1.508762,60.00466,0,PMU,14476.6,2.500637,59.94754,0,14390.3,0.406344,59.91491,0,14523.1,4.612030,60.11890,0,78.6707,2.360602,60.01515,0,98.0553,0.237462,60.04196,0,54.3057,4.387628,60.09559,0,PMU,14395.9,-0.646021,60.04196,0,14465.2,3.544458,60.07111,0,14536.8,1.456219,59.86944,0,78.5347,-0.789318,60.00350,0,97.6626,3.368742,59.95804,0,54.3972,1.234073,59.93122,0,PMU,14479.9,2.511196,59.94671,0,14392.2,0.417023,59.91491,0,14526.3,4.622589,60.11540,0,78.6574,2.369513,59.96853,0,97.7411,0.246679,60.03963,0,54.3706,4.398165,60.08626,0,PMU,14485.1,2.562873,59.95104,0,14391,0.468031,59.90675,0,14522.9,4.674338,60.11424,0,78.8456,2.419725,59.99067,0,98.3504,0.298233,60.03963,0,54.6881,4.450025,60.11507,0,PMU
485,4.050000,14413.4,2.875767,59.99417,0,14422.7,0.785138,60.09554,0,14555.1,-1.300271,59.88110,0,79.3287,2.734516,59.99417,0,98.4968,0.610150,59.97319,0,54.516,-1.510165,59.97319,0,PMU,14392.4,2.502713,60.03963,0,14460.7,0.410189,60.07344,0,14534.7,4.605133,59.86828,0,78.6432,2.359076,59.97086,0,97.7191,0.234716,59.94754,0,54.3935,4.381830,59.88926,0,PMU,14479.1,-0.649012,59.94288,0,14393.5,3.540002,59.91491,0,14527.7,1.462200,60.11424,0,78.654,-0.790172,59.98368,0,98.0716,3.370329,60.03031,0,54.4503,1.237369,60.06295,0,PMU,14396.8,2.513254,60.03930,0,14462.6,0.420746,60.07111,0,14537.2,4.615814,59.87061,0,78.643,2.370490,60.01865,0,97.4193,0.243749,59.94405,0,54.3692,4.392245,59.88693,0,PMU,14399.1,2.564521,60.03147,0,14457.3,0.472059,60.07694,0,14538.4,4.667503,59.86944,0,78.6887,2.419178,59.98955,0,97.9548,0.294937,59.93705,0,54.7631,4.443084,59.86744,0,PMU
486,4.058333,14504.5,2.875157,59.98834,0,14377,0.779159,59.88580,0,14508.2,-1.294961,60.10141,0,79.3601,2.733723,59.98485,0,98.4577,0.610516,60.00699,0,54.5662,-1.509860,60.00583,0,PMU,14477.1,2.499966,59.94754,0,14390.8,0.405673,59.91374,0,14523.9,4.611359,60.11890,0,78.7131,2.360053,60.01865,0,98.0071,0.236791,60.03963,0,54.2644,4.385736,60.07460,0,PMU,14395.9,-0.646753,60.04313,0,14465.6,3.543725,60.07111,0,14537.4,1.455486,59.87178,0,78.5612,-0.790111,60.00117,0,97.6964,3.368010,59.95570,0,54.4542,1.232669,59.91024,0,PMU,14480.2,2.510464,59.94671,0,14392.5,0.416230,59.91374,0,14526.6,4.621857,60.11540,0,78.6177,2.368537,59.96270,0,97.7708,0.246007,60.04313,0,54.318,4.397860,60.10724,0,PMU,14484.9,2.562018,59.95221,0,14390.4,0.467176,59.90675,0,14522.8,4.673484,60.11424,0,78.7313,2.418751,59.99184,0,98.3958,0.297745,60.05362,0,54.5872,4.447845,60.09092,0,PMU
487,4.066667,14413.7,2.874790,59.99301,0,14423.1,0.784164,60.09559,0,14555.3,-1.301247,59.87994,0,79.2733,2.733540,59.99650,0,98.4844,0.609174,59.97435,0,54.5164,-1.511508,59.96853,0,PMU,14393.3,2.502102,60.04080,0,14461.9,0.409518,60.07344,0,14535.1,4.604403,59.86715,0,78.6469,2.358588,59.97202,0,97.7034,0.233800,59.94288,0,54.3948,4.381830,59.92540,0,PMU,14478.8,-0.649683,59.94405,0,14393.7,3.539270,59.91491,0,14527.4,1.461468,60.11424,0,78.593,-0.791515,59.97319,0,98.0527,3.369719,60.03264,0,54.4053,1.237674,60.09559,0,PMU,14397.2,2.512478,60.03847,0,14462.5,0.419953,60.07111,0,14537.6,4.615021,59.86945,0,78.6288,2.369452,60.01749,0,97.4656,0.243016,59.94288,0,54.4012,4.391146,59.87178,0,PMU,14399,2.563666,60.03147,0,14457.3,0.471143,60.07577,0,14537.8,4.666648,59.86944,0,78.737,2.418934,60.00350,0,98.0552,0.294573,59.93943,0,54.7082,4.443206,59.91141,0,PMU
488,4.075000,14504.3,2.874119,59.98718,0,14377.6,0.778183,59.88576,0,14508.7,-1.295998,60.10025,0,79.3048,2.732624,59.98251,0,98.5986,0.609418,60.00466,0,54.5858,-1.511508,60.00000,0,PMU,14478.4,2.499295,59.94638,0,14391.6,0.405001,59.91374,0,14525.8,4.610687,60.12002,0,78.7007,2.359138,60.01049,0,98.0348,0.236058,60.04313,0,54.3962,4.384943,60.05945,0,PMU,14395.2,-0.647547,60.04080,0,14464.8,3.542932,60.06994,0,14537.4,1.454693,59.87061,0,78.4985,-0.791271,60.00466,0,97.7971,3.367460,59.95687,0,54.4886,1.231754,59.88693,0,PMU,14479.8,2.509671,59.94638,0,14392.6,0.415436,59.91374,0,14526.6,4.621063,60.11540,0,78.5961,2.367866,59.96969,0,97.8103,0.245580,60.04896,0,54.294,4.396334,60.09908,0,PMU,14484.3,2.561103,59.95104,0,14390,0.466261,59.90675,0,14522.3,4.672568,60.11307,0,78.7727,2.417713,59.97669,0,98.3018,0.296707,60.04076,0,54.6636,4.447112,60.07460,0,PMU
489,4.083333,14414.1,2.873814,59.99417,0,14423.8,0.783188,60.09559,0,14555.9,-1.302224,59.88110,0,79.371,2.733112,60.00933,0,98.5493,0.607892,59.97086,0,54.5613,-1.512240,59.98601,0,PMU,14394.8,2.501431,60.04080,0,14462.7,0.408846,60.07344,0,14536.1,4.603793,59.86832,0,78.6254,2.357795,59.97435,0,97.7443,0.233068,59.94288,0,54.3772,4.380060,59.90675,0,PMU,14478.1,-0.650537,59.94288,0,14392.9,3.538415,59.91374,0,14527.5,1.460674,60.11424,0,78.5346,-0.792736,59.97202,0,98.0726,3.368925,60.02798,0,54.3356,1.235477,60.07111,0,PMU,14396.5,2.511563,60.03614,0,14462.3,0.419098,60.06994,0,14537.4,4.614166,59.86828,0,78.6139,2.368415,60.01049,0,97.5014,0.242467,59.94055,0,54.4415,4.391329,59.90441,0,PMU,14398.5,2.562751,60.03147,0,14456.6,0.470228,60.07577,0,14537.3,4.665735,59.86948,0,78.7385,2.417835,60.00233,0,97.899,0.293352,59.93593,0,54.6562,4.441253,59.88809,0,PMU
490,4.091667,14504.5,2.873142,59.98718,0,14378.1,0.777206,59.88576,0,14509,-1.296975,60.10025,0,79.3936,2.732075,59.98018,0,98.5628,0.608807,60.01749,0,54.6514,-1.512057,60.00350,0,PMU,14479.8,2.498623,59.94638,0,14392.5,0.404391,59.91491,0,14526.7,4.610016,60.11886,0,78.7202,2.358588,60.01515,0,98.0514,0.235387,60.04430,0,54.3806,4.385126,60.09675,0,PMU,14395.1,-0.648401,60.04080,0,14464.6,3.542077,60.06994,0,14537.4,1.453838,59.86944,0,78.518,-0.792064,60.01282,0,97.7101,3.366484,59.95337,0,54.4489,1.231693,59.92773,0,PMU,14480.2,2.508816,59.94754,0,14392.7,0.414643,59.91491,0,14526.6,4.620209,60.11540,0,78.5953,2.367133,59.97552,0,97.7671,0.244725,60.04313,0,54.4062,4.395480,60.07927,0,PMU,14484,2.560126,59.94988,0,14390,0.465284,59.90558,0,14522.1,4.671592,60.11186,0,78.8893,2.417408,59.99184,0,98.2669,0.295669,60.04425,0,54.6578,4.447418,60.11773,0,PMU
491,4.100000,14414.4,2.872837,59.99417,0,14424,0.782211,60.09559,0,14556,-1.303201,59.88110,0,79.3466,2.732258,60.00350,0,98.6426,0.606610,59.95804,0,54.5524,-1.513583,59.97086,0,PMU,14395.7,2.500821,60.04196,0,14463.3,0.408175,60.07227,0,14536.9,4.603121,59.86832,0,78.5867,2.357368,59.97669,0,97.7778,0.232579,59.94638,0,54.4568,4.379145,59.88577,0,PMU,14477.7,-0.651392,59.94288,0,14392.8,3.537622,59.91491,0,14527.4,1.459759,60.11307,0,78.5673,-0.793285,59.97669,0,97.9599,3.367644,60.02215,0,54.4403,1.234989,60.06295,0,PMU,14396.1,2.510769,60.03730,0,14462.2,0.418305,60.06994,0,14537.1,4.613373,59.86944,0,78.6656,2.367682,60.01049,0,97.397,0.241491,59.93822,0,54.3837,4.389887,59.89318,0,PMU,14398.6,2.561713,60.03031,0,14456.8,0.469251,60.07577,0,14537.9,4.664697,59.86832,0,78.7761,2.416614,59.98485,0,97.9068,0.292315,59.93593,0,54.7677,4.440765,59.87294,0,PMU
492,4.108333,14504.7,2.872166,59.98718,0,14378.1,0.776230,59.88576,0,14509.2,-1.298013,60.09908,0,79.3268,2.730793,59.97202,0,98.5101,0.607282,60.01282,0,54.6204,-1.513522,60.00117,0,PMU,14479.8,2.497891,59.94405,0,14392.8,0.403720,59.91491,0,14527.6,4.609345,60.11886,0,78.621,2.357551,60.00350,0,98.06,0.234472,60.03614,0,54.2805,4.382990,60.07343,0,PMU,14395.4,-0.649256,60.04080,0,14464.9,3.541284,60.06994,0,14537.9,1.453045,59.87178,0,78.5856,-0.792736,60.01049,0,97.6368,3.365568,59.96037,0,54.4685,1.230289,59.91024,0,PMU,14479.4,2.507962,59.94638,0,14392.7,0.413727,59.91257,0,14525.8,4.619293,60.11307,0,78.6031,2.366279,59.97319,0,97.7875,0.243749,60.04313,0,54.3478,4.394991,60.09749,0,PMU,14484.3,2.559150,59.95105,0,14390,0.464369,59.90675,0,14522.8,4.670676,60.11420,0,78.7953,2.416187,59.99184,0,98.3206,0.294876,60.04892,0,54.5674,4.445342,60.08743,0,PMU
493,4.116667,14414.7,2.871861,59.99417,0,14424,0.781234,60.09559,0,14555.8,-1.304238,59.88110,0,79.2984,2.730976,60.00350,0,98.5137,0.605817,59.97202,0,54.5176,-1.514621,59.97902,0,PMU,14396,2.500088,60.04196,0,14464.1,0.407504,60.07227,0,14537.3,4.602389,59.86715,0,78.5262,2.356637,59.98256,0,97.6303,0.231483,59.94292,0,54.3796,4.378962,59.92307,0,PMU,14477.6,-0.652246,59.94288,0,14392.2,3.536829,59.91491,0,14527,1.459026,60.11424,0,78.6008,-0.794140,59.97319,0,98.0776,3.367216,60.03147,0,54.4904,1.235294,60.09559,0,PMU,14395.7,2.509915,60.03730,0,14462.3,0.417389,60.06994,0,14536.8,4.612457,59.86944,0,78.6128,2.366706,60.00816,0,97.4459,0.240453,59.93705,0,54.4054,4.388605,59.87803,0,PMU,14398.2,2.560737,60.03030,0,14456.8,0.468336,60.07577,0,14537.9,4.663782,59.86832,0,78.7323,2.415943,59.99534,0,98.0158,0.291521,59.93593,0,54.7031,4.440582,59.90908,0,PMU
494,4.125000,14504.1,2.871189,59.98718,0,14378.1,0.775192,59.88460,0,14509.1,-1.299050,60.09908,0,79.2188,2.729208,59.96624,0,98.6255,0.606427,60.01166,0,54.5834,-1.514987,59.99301,0,PMU,14480.7,2.497281,59.94638,0,14393.5,0.403109,59.91607,0,14528.5,4.608612,60.11886,0,78.653,2.357062,60.00812,0,97.9397,0.233556,60.03959,0,54.3484,4.382684,60.07110,0,PMU,14395.2,-0.650049,60.04196,0,14464.6,3.540490,60.06994,0,14537.8,1.452190,59.86944,0,78.5905,-0.793712,60.00816,0,97.8528,3.364897,59.95570,0,54.5941,1.228763,59.87527,0,PMU,14478.8,2.507046,59.94521,0,14392.4,0.412812,59.91257,0,14524.9,4.618378,60.11307,0,78.5377,2.365729,59.98135,0,97.6901,0.243138,60.05129,0,54.2959,4.393160,60.08700,0,PMU,14484.2,2.558174,59.95105,0,14389.9,0.463453,59.90675,0,14522.1,4.669700,60.11303,0,78.6951,2.415821,59.99767,0,98.2843,0.293719,60.04196,0,54.6449,4.444671,60.07810,0,PMU
495,4.133333,14414.2,2.870762,59.99184,0,14424,0.780197,60.09559,0,14555.5,-1.305337,59.87994,0,79.244,2.729758,60.01049,0,98.4881,0.604596,59.96503,0,54.4941,-1.515597,59.98834,0,PMU,14396.6,2.499478,60.04196,0,14464.6,0.406893,60.07227,0,14537.1,4.601779,59.86948,0,78.513,2.355996,59.97963,0,97.5504,0.230567,59.94292,0,54.2981,4.377436,59.89976,0,PMU,14477,-0.653040,59.94288,0,14392.5,3.536035,59.91491,0,14526.9,1.458233,60.11540,0,78.5681,-0.794933,59.97669,0,97.9706,3.365751,60.01632,0,54.3687,1.232730,60.07577,0,PMU,14395.6,2.508999,60.03730,0,14462.2,0.416474,60.06994,0,14536.9,4.611481,59.86828,0,78.6106,2.365912,60.00350,0,97.6002,0.240026,59.94055,0,54.4279,4.388361,59.90833,0,PMU,14398.1,2.559821,60.03147,0,14456.4,0.467298,60.07344,0,14537.3,4.662744,59.86715,0,78.616,2.415760,59.99883,0,98.0285,0.290117,59.93122,0,54.6962,4.439117,59.89392,0,PMU
496,4.141667,14503.8,2.870030,59.98601,0,14377.8,0.774093,59.88343,0,14508.8,-1.300149,60.09908,0,79.2993,2.728415,59.97435,0,98.5925,0.605939,60.02564,0,54.6051,-1.515841,59.99534,0,PMU,14480.3,2.496609,59.94522,0,14394.1,0.402377,59.91374,0,14528.1,4.607880,60.11653,0,78.5844,2.355813,59.99650,0,97.9861,0.232946,60.04542,0,54.2631,4.382562,60.09791,0,PMU,14395,-0.650904,60.04080,0,14464.7,3.539758,60.07110,0,14537.6,1.451336,59.86828,0,78.6209,-0.794567,60.00699,0,97.4004,3.363249,59.95221,0,54.4962,1.228946,59.92773,0,PMU,14479.1,2.506192,59.94638,0,14392.4,0.411957,59.91374,0,14525.7,4.617523,60.11540,0,78.57,2.364997,59.98251,0,97.8366,0.242162,60.04080,0,54.3705,4.391695,60.06369,0,PMU,14483.7,2.557258,59.95105,0,14390.3,0.462415,59.90675,0,14522,4.668601,60.11186,0,78.694,2.414783,59.98135,0,98.3332,0.292681,60.04896,0,54.6671,4.445342,60.11890,0,PMU
497,4.150000,14413.3,2.869663,59.99301,0,14423.6,0.779037,60.09442,0,14554.6,-1.306496,59.87877,0,79.3428,2.729086,60.01282,0,98.6789,0.604291,59.96853,0,54.5101,-1.516330,59.99067,0,PMU,14396.4,2.498745,60.04079,0,14464.6,0.406039,60.06994,0,14537.1,4.600985,59.86832,0,78.4868,2.355327,59.99072,0,97.8419,0.230079,59.94525,0,54.3605,4.376825,59.89043,0,PMU,14477.3,-0.653833,59.94405,0,14392.5,3.535303,59.91491,0,14527.5,1.457378,60.11540,0,78.6114,-0.795238,59.98718,0,97.7356,3.364287,60.01982,0,54.4775,1.232364,60.06528,0,PMU,14395.5,2.508145,60.03730,0,14462,0.415619,60.06994,0,14537.1,4.610749,59.87061,0,78.6369,2.364875,59.99767,0,97.5144,0.238988,59.93939,0,54.2962,4.386286,59.89668,0,PMU,14397.8,2.558845,60.03031,0,14456.7,0.466322,60.07460,0,14537.4,4.661706,59.86832,0,78.5779,2.414356,59.99184,0,97.9048,0.289141,59.93239,0,54.7787,4.438201,59.86362,0,PMU
498,4.158333,14503.2,2.868931,59.98601,0,14377.8,0.772934,59.88343,0,14508.4,-1.301369,60.09792,0,79.324,2.727621,59.97202,0,98.741,0.605145,60.01632,0,54.6108,-1.516940,59.98834,0,PMU,14479.7,2.495755,59.94289,0,14393.5,0.401461,59.91257,0,14528.1,4.607025,60.11536,0,78.591,2.355205,59.99767,0,98.1346,0.232032,60.03730,0,54.2088,4.381159,60.08276,0,PMU,14395.3,-0.651697,60.04080,0,14464.9,3.538965,60.06994,0,14538.3,1.450603,59.87061,0,78.6504,-0.795299,59.99883,0,97.4915,3.362761,59.97086,0,54.4867,1.227786,59.91257,0,PMU,14478.8,2.505398,59.94754,0,14392.4,0.411044,59.91262,0,14524.6,4.616669,60.11307,0,78.5455,2.364142,59.98601,0,97.8775,0.241368,60.04546,0,54.2916,4.391512,60.09983,0,PMU,14483.2,2.556220,59.94988,0,14389.9,0.461500,59.90791,0,14521.9,4.667686,60.11420,0,78.6237,2.413563,59.98485,0,98.2619,0.292010,60.05479,0,54.5512,4.443023,60.09209,0,PMU
499,4.166667,14413.3,2.868565,59.99301,0,14424,0.777877,60.09442,0,14555,-1.307578,59.88143,0,79.3821,2.728110,60.00933,0,98.7028,0.603681,59.97202,0,54.5161,-1.517184,59.99534,0,PMU,14396.3,2.497830,60.03963,0,14464.5,0.405184,60.07111,0,14537,4.600131,59.86832,0,78.5153,2.354655,59.98951,0,97.7231,0.229103,59.94405,0,54.3439,4.377253,59.92540,0,PMU,14478,-0.654505,59.94638,0,14393.1,3.534570,59.91608,0,14527.3,1.456768,60.11773,0,78.5842,-0.795787,59.99067,0,97.8909,3.364409,60.03147,0,54.4867,1.233035,60.10025,0,PMU,14395.1,2.507412,60.03847,0,14461.5,0.414826,60.07223,0,14536.9,4.609894,59.87061,0,78.5782,2.363715,59.99184,0,97.6506,0.238256,59.94055,0,54.3661,4.385736,59.88968,0,PMU,14397.1,2.557868,60.03147,0,14456.3,0.465345,60.07344,0,14536.9,4.660730,59.86715,0,78.5749,2.413441,59.99767,0,97.9904,0.288408,59.93122,0,54.7198,4.438079,59.90558,0,PMU
500,4.175000,14503.4,2.867893,59.98718,0,14378.1,0.771835,59.88460,0,14508.4,-1.302407,60.09875,0,79.3267,2.726523,59.96969,0,98.8395,0.603925,60.00466,0,54.6153,-1.518222,59.98018,0,PMU,14480.1,2.494900,59.94405,0,14393.8,0.400668,59.91374,0,14528.4,4.606171,60.11536,0,78.6458,2.354350,59.99417,0,98.0451,0.230995,60.03614,0,54.3464,4.380914,60.06994,0,PMU,14395.6,-0.652307,60.04196,0,14465.2,3.538293,60.07110,0,14538,1.449932,59.86944,0,78.6123,-0.796032,59.99534,0,97.5436,3.362333,59.96037,0,54.5982,1.226688,59.87877,0,PMU,14478.3,2.504605,59.94638,0,14391.6,0.410250,59.91262,0,14524.4,4.615936,60.11540,0,78.475,2.363288,59.99184,0,97.9346,0.240270,60.03847,0,54.2159,4.389703,60.07577,0,PMU,14483,2.555244,59.94988,0,14390.2,0.460462,59.90675,0,14521.9,4.666648,60.11303,0,78.7236,2.412708,59.98601,0,98.2811,0.291094,60.05129,0,54.6438,4.442169,60.07810,0,PMU
501,4.183333,14413.3,2.867588,59.99417,0,14424.3,0.776901,60.09675,0,14554.8,-1.308676,59.88027,0,79.4479,2.726950,60.00816,0,98.496,0.601972,59.96270,0,54.5339,-1.517977,60.00466,0,PMU,14396.2,2.497098,60.04196,0,14465.3,0.404391,60.07111,0,14537,4.599337,59.86948,0,78.5143,2.353679,59.98718,0,97.6952,0.228004,59.94288,0,54.3515,4.375910,59.90442,0,PMU,14477.4,-0.655176,59.94521,0,14393.2,3.533899,59.91608,0,14527.3,1.456097,60.11773,0,78.5446,-0.796337,59.99417,0,97.7637,3.363920,60.03031,0,54.4057,1.230655,60.07577,0,PMU,14394.6,2.506558,60.03730,0,14461.2,0.413971,60.07107,0,14536.6,4.609040,59.86828,0,78.5505,2.362861,59.99184,0,97.6543,0.237218,59.94172,0,54.314,4.385736,59.92423,0,PMU,14397.4,2.556892,60.03147,0,14456.5,0.464430,60.07577,0,14537.3,4.659753,59.86832,0,78.687,2.412891,60.00350,0,98.064,0.287615,59.93356,0,54.6981,4.436248,59.88693,0,PMU
502,4.191667,14503.5,2.866917,59.98718,0,14377.9,0.770858,59.88460,0,14508.3,-1.303445,60.09992,0,79.3606,2.725302,59.96853,0,98.6008,0.602826,60.01632,0,54.6406,-1.519137,59.97785,0,PMU,14479.6,2.494168,59.94405,0,14394.1,0.399935,59.91491,0,14527.9,4.605377,60.11536,0,78.5821,2.352885,59.98485,0,98.0031,0.230018,60.03847,0,54.3108,4.380914,60.09558,0,PMU,14395,-0.653040,60.04080,0,14464.7,3.537561,60.06994,0,14537.5,1.449200,59.86828,0,78.5675,-0.797008,59.98718,0,97.6198,3.361601,59.95570,0,54.54,1.226810,59.92656,0,PMU,14478.1,2.503811,59.94754,0,14391.9,0.409457,59.91378,0,14524.5,4.615021,60.11424,0,78.5096,2.362922,60.00117,0,97.9023,0.239232,60.03847,0,54.3147,4.389215,60.06644,0,PMU,14483,2.554328,59.95104,0,14390.1,0.459547,59.90675,0,14521.4,4.665674,60.11307,0,78.7439,2.411854,59.98018,0,98.4111,0.290301,60.05129,0,54.6311,4.442474,60.11890,0,PMU
503,4.200000,14413.4,2.866551,59.99301,0,14424.3,0.775863,60.09559,0,14554.1,-1.309653,59.88143,0,79.4359,2.725851,60.01049,0,98.4996,0.600873,59.96270,0,54.5165,-1.519076,60.00117,0,PMU,14395.8,2.496365,60.04196,0,14465.3,0.403659,60.07111,0,14536.8,4.598605,59.87065,0,78.4891,2.352885,60.00000,0,97.719,0.227333,59.94871,0,54.382,4.375055,59.88810,0,PMU,14477.3,-0.655847,59.94638,0,14392.5,3.533228,59.91724,0,14527,1.455364,60.11773,0,78.5423,-0.796886,60.00233,0,97.7789,3.362944,60.02565,0,54.5726,1.230472,60.06994,0,PMU,14393.6,2.505764,60.03730,0,14461,0.413178,60.07107,0,14536.1,4.608185,59.86944,0,78.5857,2.361945,59.98135,0,97.5716,0.236852,59.95454,0,54.2911,4.384454,59.90908,0,PMU,14396.9,2.555976,60.03147,0,14456.3,0.463453,60.07460,0,14537.1,4.658838,59.86944,0,78.6026,2.411793,59.99883,0,98.0156,0.286455,59.92656,0,54.7542,4.434600,59.84963,0,PMU
504,4.208333,14502.9,2.865940,59.98834,0,14377.8,0.769760,59.88343,0,14507.6,-1.304482,60.09875,0,79.295,2.724570,59.97552,0,98.5693,0.601056,60.00350,0,54.5558,-1.520724,59.96853,0,PMU,14479.3,2.493375,59.94288,0,14393.7,0.399142,59.91374,0,14527.7,4.604647,60.11540,0,78.5948,2.352092,59.98485,0,97.9096,0.229347,60.03847,0,54.2243,4.379267,60.08043,0,PMU,14394.5,-0.653772,60.03963,0,14464.4,3.536829,60.06878,0,14536.7,1.448467,59.86828,0,78.6507,-0.797374,59.99067,0,97.5978,3.361113,59.96503,0,54.58,1.225833,59.91141,0,PMU,14477.1,2.502957,59.94638,0,14391.1,0.408602,59.91262,0,14523.5,4.614227,60.11540,0,78.5798,2.362311,60.00699,0,98.0564,0.239415,60.04896,0,54.3019,4.389642,60.09908,0,PMU,14482.7,2.553413,59.95104,0,14390.3,0.458631,59.90791,0,14521.6,4.664758,60.11307,0,78.6192,2.410694,59.97902,0,98.3516,0.289324,60.05479,0,54.5451,4.439971,60.10258,0,PMU
505,4.216667,14413,2.865574,59.99301,0,14424.4,0.774826,60.09675,0,14553.8,-1.310690,59.88143,0,79.415,2.724814,60.00466,0,98.535,0.600202,59.98368,0,54.4809,-1.519870,60.01632,0,PMU,14395.9,2.495572,60.04196,0,14465.2,0.402865,60.07111,0,14536.8,4.597811,59.86944,0,78.5347,2.352275,60.00350,0,97.6626,0.227149,59.95804,0,54.3972,4.375666,59.93122,0,PMU,14477.1,-0.656641,59.94521,0,14392.7,3.532434,59.91607,0,14526.6,1.454571,60.11657,0,78.684,-0.796825,60.01049,0,97.9871,3.362822,60.03264,0,54.6157,1.231204,60.10258,0,PMU,14393,2.504910,60.03730,0,14460.4,0.412323,60.07107,0,14535.5,4.607392,59.86944,0,78.6444,2.361335,59.98135,0,97.7797,0.236547,59.94521,0,54.3831,4.384210,59.89625,0,PMU,14396.9,2.555061,60.03147,0,14456.5,0.462537,60.07460,0,14536.7,4.657861,59.86828,0,78.5989,2.411060,60.00699,0,98.0377,0.285296,59.92307,0,54.7285,4.434539,59.89625,0,PMU
506,4.225000,14502.3,2.864903,59.98718,0,14376.6,0.768723,59.88344,0,14507.2,-1.305459,60.09992,0,79.2822,2.723654,59.97785,0,98.7817,0.600202,60.00000,0,54.5483,-1.521640,59.96620,0,PMU,14479.1,2.492581,59.94288,0,14393.5,0.398410,59.91491,0,14527.7,4.603793,60.11424,0,78.654,2.351420,59.98368,0,98.0716,0.228736,60.03031,0,54.4503,4.378962,60.06295,0,PMU,14393.9,-0.654566,60.03963,0,14464.6,3.536096,60.06994,0,14536.9,1.447613,59.86712,0,78.7421,-0.798046,59.97669,0,97.6394,3.360258,59.95104,0,54.7294,1.224918,59.87994,0,PMU,14477,2.502102,59.94638,0,14390.3,0.407748,59.91262,0,14523.3,4.613495,60.11657,0,78.6221,2.361884,60.01049,0,98.0722,0.238988,60.04663,0,54.2562,4.388300,60.07810,0,PMU,14482.8,2.552436,59.94988,0,14390.7,0.457655,59.90675,0,14521.6,4.663782,60.11307,0,78.6619,2.409901,59.97785,0,98.3679,0.288103,60.05362,0,54.677,4.439422,60.09325,0,PMU
507,4.233333,14412.1,2.864475,59.99184,0,14423.7,0.773727,60.09558,0,14553,-1.311789,59.87910,0,79.3915,2.723593,59.99883,0,98.5696,0.598859,59.97435,0,54.4726,-1.521334,60.00583,0,PMU,14395.9,2.494839,60.04313,0,14465.6,0.402133,60.07111,0,14537.4,4.597079,59.87178,0,78.5612,2.351481,60.00117,0,97.6964,0.226417,59.95570,0,54.4542,4.374262,59.91024,0,PMU,14476.9,-0.657434,59.94521,0,14393.2,3.531763,59.91724,0,14527.8,1.453777,60.11773,0,78.8131,-0.797191,60.01632,0,97.8781,3.361845,60.03031,0,54.5571,1.228885,60.07577,0,PMU,14392.1,2.504116,60.03847,0,14459.9,0.411530,60.07223,0,14534.6,4.606598,59.86828,0,78.6268,2.360663,59.97669,0,97.723,0.236119,59.94521,0,54.3388,4.384210,59.92190,0,PMU,14397.4,2.554145,60.03264,0,14456.9,0.461622,60.07576,0,14537.1,4.656946,59.86944,0,78.6458,2.410206,60.00583,0,97.9097,0.284319,59.92773,0,54.7344,4.433258,59.88227,0,PMU
508,4.241667,14501.7,2.863743,59.98601,0,14375.9,0.767563,59.88227,0,14506.5,-1.306618,60.09875,0,79.2795,2.722861,59.98601,0,98.7498,0.598981,60.00233,0,54.5329,-1.522982,59.96853,0,PMU,14478.8,2.491910,59.94405,0,14393.7,0.397677,59.91491,0,14527.4,4.603060,60.11424,0,78.593,2.350078,59.97319,0,98.0527,0.228126,60.03264,0,54.4053,4.379267,60.09559,0,PMU,14394.3,-0.655359,60.03963,0,14464.7,3.535364,60.06878,0,14537.5,1.446881,59.86828,0,78.7973,-0.798656,59.97202,0,97.7416,3.359160,59.94871,0,54.6354,1.224307,59.91257,0,PMU,14476.3,2.501309,59.94638,0,14390.1,0.407015,59.91378,0,14522.9,4.612702,60.11657,0,78.642,2.361274,60.01166,0,98.0231,0.238073,60.03730,0,54.32,4.387262,60.05828,0,PMU,14482.9,2.551582,59.95104,0,14390.7,0.456678,59.90558,0,14521.4,4.662866,60.11307,0,78.6171,2.408741,59.97202,0,98.369,0.287310,60.05712,0,54.6733,4.439422,60.11773,0,PMU
509,4.250000,14411.2,2.863316,59.99184,0,14423.8,0.772567,60.09558,0,14552.4,-1.312949,59.87910,0,79.3828,2.722433,59.99184,0,98.7211,0.597943,59.98018,0,54.4624,-1.522616,60.00699,0,PMU,14395.2,2.494046,60.04080,0,14464.8,0.401339,60.06994,0,14537.4,4.596285,59.87061,0,78.4985,2.350322,60.00466,0,97.7971,0.225868,59.95687,0,54.4886,4.373346,59.88693,0,PMU,14477.3,-0.658228,59.94521,0,14393,3.531030,59.91724,0,14528.5,1.453045,60.11773,0,78.8346,-0.797985,60.01282,0,97.7879,3.360808,60.03147,0,54.612,1.228031,60.07111,0,PMU,14392,2.503384,60.03963,0,14460.3,0.410800,60.07227,0,14534.9,4.605805,59.86828,0,78.6425,2.359809,59.97202,0,97.7053,0.235265,59.94638,0,54.3074,4.382623,59.91141,0,PMU,14397.5,2.553230,60.03147,0,14457.2,0.460645,60.07576,0,14536.9,4.655969,59.86828,0,78.5861,2.409046,60.00583,0,98.0236,0.283282,59.92307,0,54.8036,4.431915,59.85663,0,PMU
510,4.258333,14501.7,2.862644,59.98718,0,14376,0.766464,59.88344,0,14506.2,-1.307700,60.10025,0,79.2505,2.721762,59.98718,0,98.7663,0.597943,60.00000,0,54.5012,-1.523959,59.97435,0,PMU,14478.1,2.491055,59.94288,0,14392.9,0.396823,59.91374,0,14527.5,4.602267,60.11424,0,78.5346,2.348857,59.97202,0,98.0726,0.227333,60.02798,0,54.3356,4.377069,60.07111,0,PMU,14394.1,-0.656214,60.03847,0,14464.2,3.534570,60.06761,0,14537.7,1.446087,59.86712,0,78.7593,-0.799938,59.96270,0,97.4854,3.358610,59.95804,0,54.5823,1.222659,59.89742,0,PMU,14476.6,2.500637,59.94754,0,14390.3,0.406344,59.91491,0,14523.1,4.612030,60.11890,0,78.6707,2.360602,60.01515,0,98.0553,0.237462,60.04196,0,54.3057,4.387628,60.09559,0,PMU,14483.2,2.550605,59.94988,0,14391.2,0.455824,59.90792,0,14522,4.662012,60.11540,0,78.5623,2.408009,59.98018,0,98.3406,0.286333,60.05828,0,54.6177,4.437347,60.10374,0,PMU
511,4.266667,14411,2.862217,59.99185,0,14424,0.771408,60.09442,0,14552.6,-1.314047,59.87877,0,79.3586,2.720908,59.98368,0,98.6612,0.597396,59.98955,0,54.462,-1.523471,60.00933,0,PMU,14395.1,2.493191,60.04080,0,14464.6,0.400485,60.06994,0,14537.4,4.595431,59.86944,0,78.518,2.349528,60.01282,0,97.7101,0.224891,59.95337,0,54.4489,4.373285,59.92773,0,PMU,14477.6,-0.659082,59.94521,0,14392.9,3.530115,59.91491,0,14528.4,1.452190,60.11656,0,78.8431,-0.799022,60.01749,0,97.8867,3.360319,60.03264,0,54.5967,1.228763,60.11657,0,PMU,14392.4,2.502713,60.03963,0,14460.7,0.410189,60.07344,0,14534.7,4.605133,59.86828,0,78.6432,2.359076,59.97086,0,97.7191,0.234716,59.94754,0,54.3935,4.381830,59.88926,0,PMU,14396.9,2.552314,60.03264,0,14456.8,0.459791,60.07576,0,14536.2,4.655115,59.86828,0,78.5598,2.407948,59.99883,0,98.0002,0.282427,59.92540,0,54.7651,4.431854,59.89509,0,PMU
512,4.275000,14501.8,2.861546,59.98718,0,14376,0.765366,59.88460,0,14506.7,-1.308798,60.10025,0,79.2525,2.720602,59.99417,0,98.8635,0.597030,59.99301,0,54.4347,-1.525910,59.95341,0,PMU,14477.7,2.490201,59.94288,0,14392.8,0.396029,59.91491,0,14527.4,4.601351,60.11307,0,78.5673,2.348308,59.97669,0,97.9599,0.226051,60.02215,0,54.4403,4.376581,60.06295,0,PMU,14393.6,-0.657068,60.03847,0,14463.7,3.533655,60.06761,0,14536.7,1.445172,59.86595,0,78.7738,-0.800670,59.96853,0,97.5274,3.357512,59.94638,0,54.6849,1.222598,59.88227,0,PMU,14477.1,2.499966,59.94754,0,14390.8,0.405673,59.91374,0,14523.9,4.611359,60.11890,0,78.7131,2.360053,60.01865,0,98.0071,0.236791,60.03963,0,54.2644,4.385736,60.07460,0,PMU,14482.4,2.549690,59.94988,0,14389.9,0.454847,59.90558,0,14521.1,4.661035,60.11307,0,78.5549,2.407215,59.98601,0,98.2943,0.285235,60.05362,0,54.6766,4.436492,60.08859,0,PMU
513,4.283333,14411,2.861119,59.99184,0,14424.3,0.770309,60.09442,0,14553,-1.315146,59.87877,0,79.4251,2.719809,59.98485,0,98.7241,0.596420,59.98834,0,54.3642,-1.525238,60.01282,0,PMU,14395.4,2.492337,60.04080,0,14464.9,0.399691,60.06994,0,14537.9,4.594637,59.87178,0,78.5856,2.348857,60.01049,0,97.6368,0.223976,59.96037,0,54.4685,4.371881,59.91024,0,PMU,14476.7,-0.660118,59.94176,0,14391.9,3.529199,59.91491,0,14528.2,1.451275,60.11656,0,78.8532,-0.800060,60.01166,0,97.7803,3.359709,60.04196,0,54.5086,1.226932,60.08276,0,PMU,14393.3,2.502102,60.04080,0,14461.9,0.409518,60.07344,0,14535.1,4.604403,59.86715,0,78.6469,2.358588,59.97202,0,97.7034,0.233800,59.94288,0,54.3948,4.381830,59.92540,0,PMU,14396.7,2.551399,60.03264,0,14456.3,0.458814,60.07576,0,14535.4,4.654077,59.86711,0,78.5065,2.406971,59.99534,0,97.9774,0.281512,59.92889,0,54.6652,4.429840,59.87295,0,PMU
514,4.291667,14502.6,2.860508,59.98834,0,14376.9,0.764328,59.88577,0,14507.4,-1.309897,60.10025,0,79.3586,2.720114,60.00583,0,98.8895,0.596420,60.00000,0,54.4221,-1.526398,59.97785,0,PMU,14477.6,2.489346,59.94288,0,14392.2,0.395236,59.91491,0,14527,4.600619,60.11424,0,78.6008,2.347453,59.97319,0,98.0776,0.225624,60.03147,0,54.4904,4.376886,60.09559,0,PMU,14393.3,-0.658045,60.03959,0,14463.2,3.532678,60.06644,0,14536.3,1.444256,59.86595,0,78.8154,-0.801159,59.97902,0,97.6775,3.356902,59.94638,0,54.5997,1.222598,59.91724,0,PMU,14478.4,2.499295,59.94638,0,14391.6,0.405001,59.91374,0,14525.8,4.610687,60.12002,0,78.7007,2.359138,60.01049,0,98.0348,0.236058,60.04313,0,54.3962,4.384943,60.05945,0,PMU,14481.8,2.548774,59.94988,0,14389.7,0.453810,59.90442,0,14520.1,4.660058,60.11424,0,78.4686,2.406422,59.98951,0,98.4542,0.284380,60.05479,0,54.5991,4.436431,60.12589,0,PMU
515,4.300000,14411.4,2.860142,59.99301,0,14425,0.769272,60.09442,0,14553.1,-1.316122,59.88110,0,79.4553,2.718771,59.97435,0,98.8305,0.595809,59.98834,0,54.4135,-1.526032,60.00699,0,PMU,14395.2,2.491543,60.04196,0,14464.6,0.398898,60.06994,0,14537.8,4.593783,59.86944,0,78.5905,2.347880,60.00816,0,97.8528,0.223304,59.95570,0,54.5941,4.370356,59.87527,0,PMU,14477.1,-0.661033,59.94292,0,14392.2,3.528223,59.91491,0,14528.4,1.450298,60.11540,0,78.929,-0.800487,60.01282,0,97.8906,3.358793,60.03613,0,54.5867,1.226200,60.06878,0,PMU,14394.8,2.501431,60.04080,0,14462.7,0.408846,60.07344,0,14536.1,4.603793,59.86832,0,78.6254,2.357795,59.97435,0,97.7443,0.233068,59.94288,0,54.3772,4.380060,59.90675,0,PMU,14395.9,2.550422,60.03147,0,14456.1,0.457777,60.07577,0,14534.5,4.653039,59.86595,0,78.445,2.406055,59.99301,0,98.0339,0.280474,59.92540,0,54.7388,4.429107,59.86012,0,PMU
516,4.308333,14502.7,2.859471,59.98718,0,14377.1,0.763290,59.88577,0,14507.6,-1.310874,60.10025,0,79.3214,2.718893,60.00233,0,98.8366,0.595321,59.99067,0,54.4177,-1.527314,59.97552,0,PMU,14477,2.488553,59.94288,0,14392.5,0.394443,59.91491,0,14526.9,4.599825,60.11540,0,78.5681,2.346660,59.97669,0,97.9706,0.224159,60.01632,0,54.3687,4.374323,60.07577,0,PMU,14393.6,-0.658838,60.04192,0,14464,3.531824,60.06877,0,14536.6,1.443402,59.86828,0,78.7969,-0.801952,59.97203,0,97.7041,3.356108,59.94872,0,54.5556,1.221075,59.90212,0,PMU,14479.8,2.498623,59.94638,0,14392.5,0.404391,59.91491,0,14526.7,4.610016,60.11886,0,78.7202,2.358588,60.01515,0,98.0514,0.235387,60.04430,0,54.3806,4.385126,60.09675,0,PMU,14480.9,2.547676,59.94754,0,14389,0.452894,59.90675,0,14520.2,4.659021,60.11424,0,78.489,2.405933,59.99767,0,98.3446,0.283648,60.06062,0,54.5937,4.434967,60.11190,0,PMU
517,4.316667,14411.8,2.859166,59.99417,0,14425.4,0.768295,60.09559,0,14553.2,-1.317160,59.87994,0,79.3842,2.717307,59.96969,0,98.7594,0.595077,59.99534,0,54.4095,-1.527192,60.00233,0,PMU,14395,2.490689,60.04080,0,14464.7,0.398165,60.07110,0,14537.6,4.592928,59.86828,0,78.6209,2.347026,60.00699,0,97.4004,0.221656,59.95221,0,54.4962,4.370539,59.92773,0,PMU,14476.8,-0.661827,59.94292,0,14392.3,3.527429,59.91607,0,14528.1,1.449505,60.11656,0,78.9137,-0.801586,60.00699,0,98.0483,3.358183,60.03963,0,54.6161,1.227115,60.11536,0,PMU,14395.7,2.500821,60.04196,0,14463.3,0.408175,60.07227,0,14536.9,4.603121,59.86832,0,78.5867,2.357368,59.97669,0,97.7778,0.232579,59.94638,0,54.4568,4.379145,59.88577,0,PMU,14395.7,2.549384,60.03264,0,14455.4,0.456800,60.07460,0,14534.5,4.652063,59.86711,0,78.5136,2.405384,59.98951,0,98.0623,0.279986,59.93006,0,54.7563,4.429413,59.89393,0,PMU
518,4.325000,14503.1,2.858433,59.98601,0,14377,0.762253,59.88460,0,14508,-1.311911,60.10025,0,79.3065,2.717795,60.00933,0,98.9188,0.594222,59.98368,0,54.4056,-1.528534,59.97435,0,PMU,14477.3,2.487759,59.94405,0,14392.5,0.393710,59.91491,0,14527.5,4.598971,60.11540,0,78.6114,2.346355,59.98718,0,97.7356,0.222694,60.01982,0,54.4775,4.373957,60.06528,0,PMU,14393.2,-0.659632,60.04192,0,14463.6,3.531030,60.06877,0,14536.7,1.442608,59.86828,0,78.765,-0.803050,59.97203,0,97.5952,3.354582,59.93122,0,54.7102,1.220648,59.87648,0,PMU,14479.8,2.497891,59.94405,0,14392.8,0.403720,59.91491,0,14527.6,4.609345,60.11886,0,78.621,2.357551,60.00350,0,98.06,0.234472,60.03614,0,54.2805,4.382990,60.07343,0,PMU,14481.4,2.546699,59.94871,0,14388.7,0.451918,59.90675,0,14520.7,4.658044,60.11424,0,78.6374,2.405506,60.00233,0,98.4241,0.282610,60.05012,0,54.7343,4.434112,60.08975,0,PMU
519,4.333333,14412.2,2.858189,59.99534,0,14426.2,0.767258,60.09559,0,14553.9,-1.318137,59.88110,0,79.4338,2.716147,59.96853,0,98.753,0.593734,59.99067,0,54.4132,-1.528534,60.00000,0,PMU,14395.3,2.489896,60.04080,0,14464.9,0.397372,60.06994,0,14538.3,4.592196,59.87061,0,78.6504,2.346293,59.99883,0,97.4915,0.221168,59.97086,0,54.4867,4.369379,59.91257,0,PMU,14476.8,-0.662681,59.94176,0,14391.7,3.526636,59.91607,0,14528.4,1.448711,60.11656,0,78.8935,-0.802806,60.00466,0,97.7481,3.357085,60.04779,0,54.5304,1.224979,60.08272,0,PMU,14396,2.500088,60.04196,0,14464.1,0.407504,60.07227,0,14537.3,4.602389,59.86715,0,78.5262,2.356637,59.98256,0,97.6303,0.231483,59.94292,0,54.3796,4.378962,59.92307,0,PMU,14396.5,2.548469,60.03380,0,14456.3,0.455885,60.07577,0,14535,4.651147,59.86828,0,78.6066,2.404591,59.98251,0,98.0981,0.279314,59.93705,0,54.7596,4.427521,59.87411,0,PMU
520,4.341667,14503.9,2.857457,59.98601,0,14377.8,0.761337,59.88693,0,14508.6,-1.312766,60.10258,0,79.4473,2.717245,60.02098,0,98.8392,0.593551,59.99650,0,54.4098,-1.529145,59.98834,0,PMU,14478,2.487088,59.94638,0,14393.1,0.392978,59.91608,0,14527.3,4.598361,60.11773,0,78.5842,2.345805,59.99067,0,97.8909,0.222816,60.03147,0,54.4867,4.374628,60.10025,0,PMU,14393.4,-0.660545,60.04080,0,14463.3,3.530176,60.06761,0,14536.3,1.441754,59.86712,0,78.7622,-0.803722,59.98251,0,97.6142,3.353667,59.93472,0,54.5981,1.220648,59.91728,0,PMU,14480.7,2.497281,59.94638,0,14393.5,0.403109,59.91607,0,14528.5,4.608612,60.11886,0,78.653,2.357062,60.00812,0,97.9397,0.233556,60.03959,0,54.3484,4.382684,60.07110,0,PMU,14481.9,2.545783,59.94871,0,14389.9,0.451002,59.90675,0,14521.3,4.657129,60.11424,0,78.5917,2.403858,59.98601,0,98.4499,0.282000,60.05129,0,54.6989,4.433807,60.12006,0,PMU
521,4.350000,14412.8,2.857335,59.99767,0,14427.1,0.766403,60.09675,0,14553.8,-1.318991,59.88110,0,79.4094,2.715292,59.96270,0,98.7921,0.592757,59.98485,0,54.4035,-1.529389,59.99534,0,PMU,14395.6,2.489285,60.04196,0,14465.2,0.396701,60.07110,0,14538,4.591525,59.86944,0,78.6123,2.345561,59.99534,0,97.5436,0.220741,59.96037,0,54.5982,4.368280,59.87877,0,PMU,14476.4,-0.663597,59.94172,0,14391.8,3.525720,59.91491,0,14528.2,1.447796,60.11540,0,78.9237,-0.803478,60.00466,0,97.8161,3.356352,60.05129,0,54.6161,1.224002,60.06407,0,PMU,14396.6,2.499478,60.04196,0,14464.6,0.406893,60.07227,0,14537.1,4.601779,59.86948,0,78.513,2.355996,59.97963,0,97.5504,0.230567,59.94292,0,54.2981,4.377436,59.89976,0,PMU,14397.4,2.547614,60.03497,0,14457.9,0.455091,60.07810,0,14536.6,4.650293,59.86945,0,78.5809,2.403187,59.98718,0,98.0156,0.278216,59.92773,0,54.8311,4.426727,59.86479,0,PMU
522,4.358333,14504.4,2.856663,59.98718,0,14378.3,0.760483,59.88693,0,14508.3,-1.313620,60.10258,0,79.3473,2.716208,60.01749,0,98.647,0.591720,59.98018,0,54.3763,-1.530121,59.98601,0,PMU,14477.4,2.486417,59.94521,0,14393.2,0.392306,59.91608,0,14527.3,4.597689,60.11773,0,78.5446,2.345256,59.99417,0,97.7637,0.222328,60.03031,0,54.4057,4.372248,60.07577,0,PMU,14393.3,-0.661461,60.04080,0,14463.3,3.529260,60.06761,0,14536.3,1.440899,59.86828,0,78.7525,-0.804210,59.98601,0,97.5688,3.353178,59.93938,0,54.5605,1.219122,59.90679,0,PMU,14480.3,2.496609,59.94522,0,14394.1,0.402377,59.91374,0,14528.1,4.607880,60.11653,0,78.5844,2.355813,59.99650,0,97.9861,0.232946,60.04542,0,54.2631,4.382562,60.09791,0,PMU,14482.9,2.544990,59.94988,0,14390.9,0.450270,59.90791,0,14523.3,4.656396,60.11656,0,78.6284,2.402760,59.99184,0,98.3047,0.280657,60.04662,0,54.652,4.432098,60.10258,0,PMU
523,4.366667,14412.6,2.856480,59.99650,0,14427.2,0.765549,60.09675,0,14553.4,-1.319907,59.87994,0,79.2873,2.713828,59.95454,0,98.5538,0.591964,60.00466,0,54.4303,-1.530732,59.98834,0,PMU,14395,2.488553,60.04080,0,14464.7,0.395968,60.06994,0,14537.5,4.590792,59.86828,0,78.5675,2.344585,59.98718,0,97.6198,0.220008,59.95570,0,54.54,4.368403,59.92656,0,PMU,14475.8,-0.664451,59.94288,0,14391.6,3.524866,59.91607,0,14527.9,1.446942,60.11540,0,78.8701,-0.804759,59.98951,0,97.9892,3.355986,60.05362,0,54.6101,1.224552,60.10370,0,PMU,14396.4,2.498745,60.04079,0,14464.6,0.406039,60.06994,0,14537.1,4.600985,59.86832,0,78.4868,2.355327,59.99072,0,97.8419,0.230079,59.94525,0,54.3605,4.376825,59.89043,0,PMU,14398,2.546821,60.03497,0,14458.8,0.454298,60.07694,0,14537.3,4.649500,59.86828,0,78.5645,2.402272,59.99067,0,97.9253,0.277178,59.93356,0,54.7608,4.426422,59.89159,0,PMU
524,4.375000,14503.9,2.855748,59.98601,0,14378.6,0.759567,59.88576,0,14508.4,-1.314658,60.10025,0,79.3198,2.714865,60.01981,0,98.6833,0.590987,59.98135,0,54.4682,-1.531037,59.99417,0,PMU,14477.3,2.485745,59.94638,0,14392.5,0.391635,59.91724,0,14527,4.596957,60.11773,0,78.5423,2.344707,60.00233,0,97.7789,0.221351,60.02565,0,54.5726,4.372065,60.06994,0,PMU,14392.7,-0.662315,60.04080,0,14462.9,3.528406,60.06761,0,14536,1.439984,59.86711,0,78.8003,-0.805003,59.99534,0,97.5846,3.352263,59.92889,0,54.691,1.218816,59.89047,0,PMU,14479.7,2.495755,59.94289,0,14393.5,0.401461,59.91257,0,14528.1,4.607025,60.11536,0,78.591,2.355205,59.99767,0,98.1346,0.232032,60.03730,0,54.2088,4.381159,60.08276,0,PMU,14483.3,2.544138,59.94875,0,14391.4,0.449476,59.90791,0,14523.8,4.655542,60.11540,0,78.6434,2.401966,59.99417,0,98.1102,0.279192,60.03846,0,54.6763,4.430816,60.08393,0,PMU
525,4.383333,14413.3,2.855504,59.99534,0,14427.7,0.764572,60.09559,0,14554.1,-1.320883,59.88110,0,79.3604,2.713339,59.97086,0,98.5616,0.590682,59.99417,0,54.5221,-1.530915,60.00233,0,PMU,14394.5,2.487820,60.03963,0,14464.4,0.395236,60.06878,0,14536.7,4.590060,59.86828,0,78.6507,2.344218,59.99067,0,97.5978,0.219520,59.96503,0,54.58,4.367426,59.91141,0,PMU,14475.2,-0.665428,59.94055,0,14391.3,3.524011,59.91607,0,14528.1,1.446026,60.11540,0,79.0025,-0.805492,59.99067,0,97.8323,3.354949,60.05129,0,54.5526,1.222476,60.06990,0,PMU,14396.3,2.497830,60.03963,0,14464.5,0.405184,60.07111,0,14537,4.600131,59.86832,0,78.5153,2.354655,59.98951,0,97.7231,0.229103,59.94405,0,54.3439,4.377253,59.92540,0,PMU,14398.5,2.545967,60.03493,0,14459.5,0.453505,60.07693,0,14537.7,4.648645,59.86828,0,78.6105,2.401722,59.99534,0,97.7276,0.276507,59.94872,0,54.7062,4.424896,59.88693,0,PMU
526,4.391667,14504.9,2.854771,59.98601,0,14379.1,0.758713,59.88809,0,14509.4,-1.315512,60.10258,0,79.3871,2.714255,60.01749,0,98.6238,0.590194,59.99067,0,54.5385,-1.531403,59.99067,0,PMU,14477.1,2.484952,59.94521,0,14392.7,0.390841,59.91607,0,14526.6,4.596163,60.11657,0,78.684,2.344768,60.01049,0,97.9871,0.221229,60.03264,0,54.6157,4.372797,60.10258,0,PMU,14392.5,-0.663231,60.04196,0,14462.7,3.527490,60.06644,0,14536.2,1.439068,59.86711,0,78.8792,-0.805553,59.99883,0,97.6857,3.350371,59.91257,0,54.6112,1.218511,59.92427,0,PMU,14480.1,2.494900,59.94405,0,14393.8,0.400668,59.91374,0,14528.4,4.606171,60.11536,0,78.6458,2.354350,59.99417,0,98.0451,0.230995,60.03614,0,54.3464,4.380914,60.06994,0,PMU,14483,2.543283,59.94875,0,14391.2,0.448561,59.90558,0,14523.3,4.654626,60.11423,0,78.6402,2.400990,59.98601,0,98.2474,0.279009,60.04779,0,54.6264,4.431305,60.12240,0,PMU
527,4.400000,14413.6,2.854649,59.99767,0,14427.8,0.763657,60.09442,0,14553.9,-1.321799,59.87993,0,79.3518,2.712485,59.96620,0,98.6335,0.589645,59.98951,0,54.5181,-1.532196,59.98485,0,PMU,14393.9,2.487027,60.03963,0,14464.6,0.394504,60.06994,0,14536.9,4.589206,59.86712,0,78.7421,2.343547,59.97669,0,97.6394,0.218666,59.95104,0,54.7294,4.366510,59.87994,0,PMU,14475.3,-0.666282,59.94172,0,14391.3,3.523096,59.91607,0,14528.5,1.445110,60.11540,0,79.0466,-0.806468,59.98251,0,97.8673,3.353423,60.05828,0,54.6615,1.221624,60.05945,0,PMU,14396.2,2.497098,60.04196,0,14465.3,0.404391,60.07111,0,14537,4.599337,59.86948,0,78.5143,2.353679,59.98718,0,97.6952,0.228004,59.94288,0,54.3515,4.375910,59.90442,0,PMU,14397.9,2.545051,60.03376,0,14459.5,0.452467,60.07460,0,14537.1,4.647669,59.86712,0,78.6378,2.400624,59.99301,0,97.9719,0.275958,59.94172,0,54.7604,4.424103,59.86245,0,PMU
528,4.408333,14504.7,2.853917,59.98601,0,14379.7,0.757797,59.88809,0,14509.1,-1.316489,60.10141,0,79.3473,2.712973,60.00933,0,98.554,0.588851,59.98485,0,54.4898,-1.532929,59.98601,0,PMU,14476.9,2.484158,59.94521,0,14393.2,0.390170,59.91724,0,14527.8,4.595370,60.11773,0,78.8131,2.344401,60.01632,0,97.8781,0.220253,60.03031,0,54.5571,4.370478,60.07577,0,PMU,14392.5,-0.664024,60.04313,0,14463.2,3.526697,60.06878,0,14536.4,1.438275,59.86944,0,78.8706,-0.806163,60.00583,0,97.6648,3.350676,59.94754,0,54.6162,1.216985,59.91141,0,PMU,14479.6,2.494168,59.94405,0,14394.1,0.399935,59.91491,0,14527.9,4.605377,60.11536,0,78.5821,2.352885,59.98485,0,98.0031,0.230018,60.03847,0,54.3108,4.380914,60.09558,0,PMU,14482.4,2.542246,59.94642,0,14390.5,0.447523,59.90558,0,14523.2,4.653650,60.11423,0,78.7377,2.400318,59.99417,0,98.3308,0.278277,60.04430,0,54.5681,4.429474,60.10258,0,PMU
529,4.416667,14413.6,2.853734,59.99650,0,14428.2,0.762741,60.09442,0,14553.9,-1.322714,59.88110,0,79.2499,2.711203,59.96620,0,98.5127,0.588607,59.99534,0,54.4625,-1.533417,59.99067,0,PMU,14394.3,2.486233,60.03963,0,14464.7,0.393771,60.06878,0,14537.5,4.588473,59.86828,0,78.7973,2.342937,59.97202,0,97.7416,0.217567,59.94871,0,54.6354,4.365900,59.91257,0,PMU,14475.2,-0.667076,59.94172,0,14391.6,3.522302,59.91607,0,14528,1.444317,60.11540,0,79.0324,-0.807384,59.97669,0,98.0654,3.353606,60.05595,0,54.688,1.221990,60.09559,0,PMU,14395.8,2.496365,60.04196,0,14465.3,0.403659,60.07111,0,14536.8,4.598605,59.87065,0,78.4891,2.352885,60.00000,0,97.719,0.227333,59.94871,0,54.382,4.375055,59.88810,0,PMU,14397.4,2.543955,60.03264,0,14458.9,0.451429,60.07460,0,14536.3,4.646692,59.86712,0,78.6893,2.399891,59.99184,0,98.0688,0.275164,59.94055,0,54.7322,4.423614,59.88809,0,PMU
530,4.425000,14504.1,2.852879,59.98368,0,14379.2,0.756821,59.88693,0,14509.2,-1.317404,60.10141,0,79.2833,2.711631,60.00816,0,98.6003,0.587814,59.98485,0,54.4625,-1.534028,59.98834,0,PMU,14477.3,2.483365,59.94521,0,14393,0.389438,59.91724,0,14528.5,4.594637,60.11773,0,78.8346,2.343608,60.01282,0,97.7879,0.219215,60.03147,0,54.612,4.369623,60.07111,0,PMU,14391.9,-0.664879,60.04196,0,14463.1,3.525842,60.06761,0,14536.1,1.437420,59.86828,0,78.9689,-0.806468,60.01749,0,97.7608,3.350066,59.93239,0,54.7335,1.215948,59.88460,0,PMU,14479.3,2.493375,59.94288,0,14393.7,0.399142,59.91374,0,14527.7,4.604647,60.11540,0,78.5948,2.352092,59.98485,0,97.9096,0.229347,60.03847,0,54.2243,4.379267,60.08043,0,PMU,14481.8,2.541208,59.94754,0,14390.2,0.446547,59.90675,0,14523.1,4.652551,60.11190,0,78.7575,2.399159,59.98601,0,98.3324,0.276812,60.03147,0,54.7164,4.429230,60.10724,0,PMU
531,4.433333,14413.1,2.852696,59.99650,0,14427.6,0.761703,60.09325,0,14553.7,-1.323752,59.87877,0,79.2478,2.710349,59.97552,0,98.5083,0.587447,59.99301,0,54.4347,-1.534455,59.99184,0,PMU,14394.1,2.485379,60.03847,0,14464.2,0.392978,60.06761,0,14537.7,4.587680,59.86712,0,78.7593,2.341655,59.96270,0,97.4854,0.217018,59.95804,0,54.5823,4.364252,59.89742,0,PMU,14474.5,-0.667991,59.94055,0,14391.1,3.521404,59.91524,0,14527.5,1.443463,60.11540,0,79.0664,-0.808544,59.96037,0,97.9582,3.352385,60.04430,0,54.5412,1.219244,60.06295,0,PMU,14395.9,2.495572,60.04196,0,14465.2,0.402865,60.07111,0,14536.8,4.597811,59.86944,0,78.5347,2.352275,60.00350,0,97.6626,0.227149,59.95804,0,54.3972,4.375666,59.93122,0,PMU,14397.5,2.542978,60.03380,0,14458.8,0.450453,60.07460,0,14536.8,4.645715,59.86945,0,78.7232,2.399098,59.99883,0,97.9361,0.274004,59.94638,0,54.7804,4.423187,59.88460,0,PMU
532,4.441667,14503.4,2.851719,59.98135,0,14378.1,0.755722,59.88576,0,14509,-1.318503,60.10024,0,79.2858,2.710715,60.00699,0,98.65,0.586837,59.98834,0,54.4396,-1.535126,59.98718,0,PMU,14477.6,2.482510,59.94521,0,14392.9,0.388522,59.91491,0,14528.4,4.593783,60.11656,0,78.8431,2.342570,60.01749,0,97.8867,0.218727,60.03264,0,54.5967,4.370356,60.11657,0,PMU,14391.8,-0.665733,60.04313,0,14463.2,3.524988,60.06844,0,14535.2,1.436566,59.86828,0,78.914,-0.807445,60.02098,0,97.6033,3.349150,59.93822,0,54.5806,1.215826,59.93472,0,PMU,14479.1,2.492581,59.94288,0,14393.5,0.398410,59.91491,0,14527.7,4.603793,60.11424,0,78.654,2.351420,59.98368,0,98.0716,0.228736,60.03031,0,54.4503,4.378962,60.06295,0,PMU,14481.8,2.540292,59.94871,0,14389.8,0.445631,59.90791,0,14522.7,4.651697,60.11423,0,78.6879,2.397938,59.97785,0,98.2583,0.275530,60.02914,0,54.716,4.429779,60.12589,0,PMU
533,4.450000,14412.4,2.851475,59.99534,0,14426.6,0.760483,60.09092,0,14553.2,-1.324911,59.87761,0,79.2214,2.709372,59.97435,0,98.6758,0.585738,59.97902,0,54.4149,-1.535920,59.98485,0,PMU,14393.6,2.484524,60.03847,0,14463.7,0.392062,60.06761,0,14536.7,4.586764,59.86595,0,78.7738,2.340922,59.96853,0,97.5274,0.215919,59.94638,0,54.6849,4.364191,59.88227,0,PMU,14474.2,-0.668785,59.94172,0,14391,3.520550,59.91524,0,14526.7,1.442547,60.11424,0,78.9807,-0.809276,59.96503,0,97.9358,3.351408,60.04313,0,54.6058,1.218389,60.04896,0,PMU,14395.9,2.494839,60.04313,0,14465.6,0.402133,60.07111,0,14537.4,4.597079,59.87178,0,78.5612,2.351481,60.00117,0,97.6964,0.226417,59.95570,0,54.4542,4.374262,59.91024,0,PMU,14397.4,2.542123,60.03497,0,14459,0.449598,60.07577,0,14536.2,4.644739,59.86712,0,78.6163,2.397572,59.99301,0,97.6064,0.272357,59.93938,0,54.8278,4.422272,59.85662,0,PMU
534,4.458333,14503.3,2.850560,59.98251,0,14378.5,0.754501,59.88576,0,14509,-1.319724,60.09908,0,79.2711,2.709616,60.00466,0,98.64,0.585372,59.99301,0,54.4705,-1.535859,60.00117,0,PMU,14476.7,2.481475,59.94176,0,14391.9,0.387607,59.91491,0,14528.2,4.592867,60.11656,0,78.8532,2.341533,60.01166,0,97.7803,0.218116,60.04196,0,54.5086,4.368525,60.08276,0,PMU,14391.4,-0.666587,60.04196,0,14463,3.524133,60.06844,0,14534.7,1.435711,59.86944,0,78.8934,-0.808116,60.02215,0,97.6136,3.348540,59.94521,0,54.5624,1.214117,59.91840,0,PMU,14478.8,2.491910,59.94405,0,14393.7,0.397677,59.91491,0,14527.4,4.603060,60.11424,0,78.593,2.350078,59.97319,0,98.0527,0.228126,60.03264,0,54.4053,4.379267,60.09559,0,PMU,14481.2,2.539316,59.94638,0,14390,0.444838,59.90908,0,14523,4.650720,60.11423,0,78.612,2.396595,59.98135,0,97.8373,0.274371,60.03847,0,54.6416,4.427826,60.10608,0,PMU
535,4.466667,14412.9,2.850377,59.99650,0,14426.7,0.759445,60.09442,0,14554,-1.326010,59.87994,0,79.2674,2.708518,59.97902,0,98.6207,0.584579,59.98485,0,54.4751,-1.536225,59.99301,0,PMU,14393.3,2.483548,60.03959,0,14463.2,0.391086,60.06644,0,14536.3,4.585849,59.86595,0,78.8154,2.340434,59.97902,0,97.6775,0.215309,59.94638,0,54.5997,4.364191,59.91724,0,PMU,14473.3,-0.669578,59.94288,0,14390.8,3.519695,59.91524,0,14525.4,1.441693,60.11424,0,78.9153,-0.810313,59.95804,0,98.0644,3.350676,60.04080,0,54.5904,1.218572,60.08509,0,PMU,14395.2,2.494046,60.04080,0,14464.8,0.401339,60.06994,0,14537.4,4.596285,59.87061,0,78.4985,2.350322,60.00466,0,97.7971,0.225868,59.95687,0,54.4886,4.373346,59.88693,0,PMU,14397.1,2.541086,60.03380,0,14458.9,0.448683,60.07344,0,14536.2,4.643762,59.86712,0,78.5937,2.396412,59.99650,0,97.5474,0.271258,59.94055,0,54.7882,4.421844,59.88576,0,PMU
536,4.475000,14503.4,2.849583,59.98485,0,14378.4,0.753525,59.88693,0,14509.4,-1.320700,60.10141,0,79.318,2.708640,60.00233,0,98.8066,0.584579,60.00000,0,54.4972,-1.536652,59.99184,0,PMU,14477.1,2.480559,59.94292,0,14392.2,0.386630,59.91491,0,14528.4,4.591891,60.11540,0,78.929,2.341106,60.01282,0,97.8906,0.217201,60.03613,0,54.5867,4.367792,60.06878,0,PMU,14390.7,-0.667381,60.04196,0,14463.2,3.523340,60.06961,0,14534.2,1.434796,59.86828,0,78.9092,-0.808666,60.03147,0,97.5605,3.347441,59.93822,0,54.6744,1.213629,59.90558,0,PMU,14478.1,2.491055,59.94288,0,14392.9,0.396823,59.91374,0,14527.5,4.602267,60.11424,0,78.5346,2.348857,59.97202,0,98.0726,0.227333,60.02798,0,54.3356,4.377069,60.07111,0,PMU,14481,2.538400,59.94871,0,14389.8,0.443861,59.90791,0,14522.8,4.649744,60.11424,0,78.5852,2.395619,59.98485,0,97.8121,0.273394,60.04080,0,54.7327,4.426788,60.09442,0,PMU
537,4.483333,14412.5,2.849461,59.99767,0,14426.7,0.758408,60.09325,0,14553.6,-1.326986,59.87994,0,79.2658,2.707480,59.97785,0,98.6846,0.583724,59.98368,0,54.4663,-1.537323,59.98718,0,PMU,14393.6,2.482754,60.04192,0,14464,0.390231,60.06877,0,14536.6,4.584994,59.86828,0,78.7969,2.339641,59.97203,0,97.7041,0.214516,59.94872,0,54.5556,4.362667,59.90212,0,PMU,14472.8,-0.670433,59.94172,0,14391,3.518963,59.91640,0,14526.4,1.440899,60.11657,0,78.9281,-0.810924,59.95687,0,97.8444,3.349822,60.04546,0,54.5451,1.216924,60.06295,0,PMU,14395.1,2.493191,60.04080,0,14464.6,0.400485,60.06994,0,14537.4,4.595431,59.86944,0,78.518,2.349528,60.01282,0,97.7101,0.224891,59.95337,0,54.4489,4.373285,59.92773,0,PMU,14397.2,2.540170,60.03380,0,14459.2,0.447706,60.07344,0,14536.2,4.642786,59.86711,0,78.6102,2.395680,60.00117,0,97.5644,0.270709,59.94871,0,54.7733,4.420257,59.87527,0,PMU
538,4.491667,14502.8,2.848546,59.98251,0,14378.6,0.752505,59.88726,0,14509.1,-1.321738,60.10024,0,79.3025,2.707602,60.00233,0,98.7346,0.583785,60.00117,0,54.4964,-1.537934,59.98834,0,PMU,14476.8,2.479766,59.94292,0,14392.3,0.385837,59.91607,0,14528.1,4.591097,60.11656,0,78.9137,2.340007,60.00699,0,98.0483,0.216591,60.03963,0,54.6161,4.368708,60.11536,0,PMU,14391,-0.668174,60.04313,0,14463.1,3.522546,60.06844,0,14534.8,1.434063,59.86944,0,78.9099,-0.809703,60.02331,0,97.6029,3.346892,59.94405,0,54.6024,1.213812,59.94055,0,PMU,14477.7,2.490201,59.94288,0,14392.8,0.396029,59.91491,0,14527.4,4.601351,60.11307,0,78.5673,2.348308,59.97669,0,97.9599,0.226051,60.02215,0,54.4403,4.376581,60.06295,0,PMU,14480.8,2.537485,59.94871,0,14389.9,0.442884,59.90791,0,14522.5,4.648767,60.11424,0,78.578,2.394764,59.98251,0,97.9557,0.272967,60.04313,0,54.739,4.426910,60.12706,0,PMU
539,4.500000,14412.3,2.848423,59.99767,0,14426.8,0.757370,60.09292,0,14553.3,-1.328085,59.87877,0,79.2209,2.706382,59.97669,0,98.6643,0.582748,59.98018,0,54.4587,-1.538422,59.99067,0,PMU,14393.2,2.481961,60.04192,0,14463.6,0.389438,60.06877,0,14536.7,4.584201,59.86828,0,78.765,2.338542,59.97203,0,97.5952,0.212990,59.93122,0,54.7102,4.362240,59.87648,0,PMU,14473,-0.671226,59.94172,0,14390.5,3.518169,59.91640,0,14526.5,1.440167,60.11657,0,78.8875,-0.811961,59.95687,0,97.8263,3.348540,60.03147,0,54.5836,1.215887,60.03963,0,PMU,14395.4,2.492337,60.04080,0,14464.9,0.399691,60.06994,0,14537.9,4.594637,59.87178,0,78.5856,2.348857,60.01049,0,97.6368,0.223976,59.96037,0,54.4685,4.371881,59.91024,0,PMU,14396.5,2.539133,60.03147,0,14458.7,0.446669,60.07227,0,14535.3,4.641748,59.86595,0,78.5724,2.394825,60.00117,0,97.5987,0.269732,59.93822,0,54.8229,4.418793,59.84496,0,PMU
540,4.508333,14502.5,2.847508,59.98251,0,14378.8,0.751467,59.88726,0,14508.9,-1.322836,60.10024,0,79.3288,2.706687,60.00583,0,98.6941,0.582870,60.00233,0,54.4861,-1.538910,59.99067,0,PMU,14476.8,2.478911,59.94176,0,14391.7,0.385043,59.91607,0,14528.4,4.590304,60.11656,0,78.8935,2.338786,60.00466,0,97.7481,0.215492,60.04779,0,54.5304,4.366571,60.08272,0,PMU,14391.4,-0.668907,60.04430,0,14463.7,3.521814,60.06961,0,14535.4,1.433392,59.87061,0,78.9292,-0.810802,60.02215,0,97.5572,3.346404,59.95920,0,54.5527,1.212164,59.92889,0,PMU,14477.6,2.489346,59.94288,0,14392.2,0.395236,59.91491,0,14527,4.600619,60.11424,0,78.6008,2.347453,59.97319,0,98.0776,0.225624,60.03147,0,54.4904,4.376886,60.09559,0,PMU,14479.6,2.536386,59.94754,0,14389.1,0.441864,59.90824,0,14521.4,4.647669,60.11307,0,78.5479,2.394337,59.99067,0,97.846,0.272112,60.04546,0,54.6561,4.424652,60.11191,0,PMU
541,4.516667,14411.8,2.847325,59.99650,0,14426.7,0.756332,60.09292,0,14552.7,-1.329123,59.87994,0,79.2434,2.705527,59.97785,0,98.6497,0.581954,59.98251,0,54.4679,-1.539032,59.99767,0,PMU,14393.4,2.481048,60.04080,0,14463.3,0.388583,60.06761,0,14536.3,4.583346,59.86712,0,78.7622,2.337871,59.98251,0,97.6142,0.212074,59.93472,0,54.5981,4.362240,59.91728,0,PMU,14473.9,-0.671898,59.94288,0,14391.5,3.517437,59.91640,0,14526.9,1.439434,60.11540,0,78.927,-0.812816,59.96153,0,98.0914,3.348174,60.03380,0,54.628,1.216497,60.08276,0,PMU,14395.2,2.491543,60.04196,0,14464.6,0.398898,60.06994,0,14537.8,4.593783,59.86944,0,78.5905,2.347880,60.00816,0,97.8528,0.223304,59.95570,0,54.5941,4.370356,59.87527,0,PMU,14394.9,2.538034,60.03147,0,14457.5,0.445570,60.07078,0,14533.9,4.640589,59.86478,0,78.5712,2.394215,59.99767,0,97.6044,0.268939,59.93939,0,54.7846,4.418670,59.88576,0,PMU
542,4.525000,14502,2.846411,59.98256,0,14378,0.750368,59.88610,0,14508.3,-1.323935,60.09908,0,79.2907,2.705710,60.00350,0,98.7099,0.581954,60.00000,0,54.4881,-1.539704,59.98718,0,PMU,14476.4,2.477996,59.94172,0,14391.8,0.384128,59.91491,0,14528.2,4.589388,60.11540,0,78.9237,2.338115,60.00466,0,97.8161,0.214760,60.05129,0,54.6161,4.365595,60.06407,0,PMU,14393.1,-0.669639,60.04313,0,14465.2,3.521038,60.06878,0,14537.1,1.432598,59.86944,0,79.0139,-0.812084,60.01399,0,97.7011,3.345610,59.95104,0,54.7223,1.211065,59.89625,0,PMU,14477,2.488553,59.94288,0,14392.5,0.394443,59.91491,0,14526.9,4.599825,60.11540,0,78.5681,2.346660,59.97669,0,97.9706,0.224159,60.01632,0,54.3687,4.374323,60.07577,0,PMU,14478.6,2.535349,59.94871,0,14388.1,0.440765,59.90824,0,14520.7,4.646570,60.11424,0,78.5387,2.393483,59.98601,0,97.8955,0.271136,60.04196,0,54.7719,4.423797,60.09792,0,PMU
543,4.533333,14411.3,2.846289,59.99767,0,14426.2,0.755234,60.09292,0,14551.9,-1.330221,59.87993,0,79.2328,2.704856,59.98368,0,98.6632,0.581039,59.98252,0,54.4428,-1.540192,59.99067,0,PMU,14393.3,2.480132,60.04080,0,14463.3,0.387668,60.06761,0,14536.3,4.582492,59.86828,0,78.7525,2.337383,59.98601,0,97.5688,0.211586,59.93938,0,54.5605,4.360714,59.90679,0,PMU,14476,-0.672630,59.94288,0,14393.1,3.516766,59.91840,0,14529.5,1.438824,60.11890,0,78.9307,-0.814098,59.96153,0,98.0421,3.347197,60.03031,0,54.4913,1.213629,60.04896,0,PMU,14395,2.490689,60.04080,0,14464.7,0.398165,60.07110,0,14537.6,4.592928,59.86828,0,78.6209,2.347026,60.00699,0,97.4004,0.221656,59.95221,0,54.4962,4.370539,59.92773,0,PMU,14393.3,2.536997,60.03147,0,14456,0.444532,60.07195,0,14532.1,4.639612,59.86711,0,78.5693,2.393299,59.99650,0,97.4894,0.267962,59.93938,0,54.7477,4.416842,59.86715,0,PMU
544,4.541667,14501.1,2.845374,59.98251,0,14377.8,0.749270,59.88610,0,14507.6,-1.325033,60.09908,0,79.3201,2.704917,60.00117,0,98.7128,0.581161,60.00233,0,54.4581,-1.540741,59.98951,0,PMU,14475.8,2.477141,59.94288,0,14391.6,0.383273,59.91607,0,14527.9,4.588534,60.11540,0,78.8701,2.336833,59.98951,0,97.9892,0.214393,60.05362,0,54.6101,4.366144,60.10370,0,PMU,14394.5,-0.670311,60.04430,0,14466.3,3.520428,60.06994,0,14538.4,1.432005,59.86978,0,78.9628,-0.813365,60.01399,0,97.6885,3.344756,59.95337,0,54.5126,1.210516,59.94055,0,PMU,14477.3,2.487759,59.94405,0,14392.5,0.393710,59.91491,0,14527.5,4.598971,60.11540,0,78.6114,2.346355,59.98718,0,97.7356,0.222694,60.01982,0,54.4775,4.373957,60.06528,0,PMU,14477,2.534311,59.94871,0,14387,0.439728,59.90824,0,14518.6,4.645471,60.11191,0,78.5001,2.392628,59.98718,0,97.926,0.270464,60.04779,0,54.7297,4.423370,60.12469,0,PMU
545,4.550000,14410.7,2.845191,59.99650,0,14426.1,0.754135,60.09292,0,14551.7,-1.331320,59.87994,0,79.2021,2.703818,59.97902,0,98.648,0.580062,59.97902,0,54.4169,-1.541351,59.98834,0,PMU,14392.7,2.479278,60.04080,0,14462.9,0.386813,60.06761,0,14536,4.581576,59.86711,0,78.8003,2.336589,59.99534,0,97.5846,0.210670,59.92889,0,54.691,4.360409,59.89047,0,PMU,14475.8,-0.673301,59.94288,0,14393.5,3.516033,59.91607,0,14529.1,1.438091,60.11624,0,78.8836,-0.814647,59.97552,0,97.8795,3.345854,60.02098,0,54.472,1.212469,60.03730,0,PMU,14395.3,2.489896,60.04080,0,14464.9,0.397372,60.06994,0,14538.3,4.592196,59.87061,0,78.6504,2.346293,59.99883,0,97.4915,0.221168,59.97086,0,54.4867,4.369379,59.91257,0,PMU,14392.2,2.535959,60.03147,0,14455.4,0.443434,60.07078,0,14531.2,4.638513,59.86711,0,78.5651,2.392445,59.99650,0,97.6451,0.266863,59.93122,0,54.7847,4.415682,59.85317,0,PMU
546,4.558333,14500.9,2.844336,59.98368,0,14377.4,0.748232,59.88726,0,14507.4,-1.326071,60.10025,0,79.2969,2.703635,59.99650,0,98.6369,0.579879,59.99650,0,54.4455,-1.541657,59.99417,0,PMU,14475.2,2.476165,59.94055,0,14391.3,0.382419,59.91607,0,14528.1,4.587619,60.11540,0,79.0025,2.336101,59.99067,0,97.8323,0.213356,60.05129,0,54.5526,4.364069,60.06990,0,PMU,14394.2,-0.671104,60.04196,0,14466.6,3.519573,60.06761,0,14537.5,1.431151,59.86744,0,78.9847,-0.814098,60.01049,0,97.5519,3.344145,59.96736,0,54.477,1.209417,59.94172,0,PMU,14478,2.487088,59.94638,0,14393.1,0.392978,59.91608,0,14527.3,4.598361,60.11773,0,78.5842,2.345805,59.99067,0,97.8909,0.222816,60.03147,0,54.4867,4.374628,60.10025,0,PMU,14476.3,2.533273,59.94871,0,14386.9,0.438690,59.90940,0,14518.2,4.644434,60.11307,0,78.5278,2.391835,59.98834,0,97.8972,0.269427,60.04896,0,54.6851,4.421539,60.11186,0,PMU
547,4.566667,14410.5,2.844214,59.99767,0,14426,0.753176,60.09442,0,14551.8,-1.332358,59.87994,0,79.1816,2.702780,59.98368,0,98.6312,0.579391,59.99067,0,54.4154,-1.542267,59.98834,0,PMU,14392.5,2.478362,60.04196,0,14462.7,0.385898,60.06644,0,14536.2,4.580661,59.86711,0,78.8792,2.336040,59.99883,0,97.6857,0.208778,59.91257,0,54.6112,4.360104,59.92427,0,PMU,14475.9,-0.674156,59.94172,0,14393.7,3.515118,59.91491,0,14528.7,1.437115,60.11390,0,78.8939,-0.815135,59.98018,0,98.082,3.345549,60.02681,0,54.5368,1.213262,60.07344,0,PMU,14395.6,2.489285,60.04196,0,14465.2,0.396701,60.07110,0,14538,4.591525,59.86944,0,78.6123,2.345561,59.99534,0,97.5436,0.220741,59.96037,0,54.5982,4.368280,59.87877,0,PMU,14391.3,2.534921,60.03147,0,14455.3,0.442457,60.07195,0,14531.3,4.637537,59.86828,0,78.6048,2.391163,59.98718,0,97.6095,0.265948,59.93356,0,54.7716,4.415316,59.88114,0,PMU
548,4.575000,14499.5,2.843360,59.98368,0,14376.7,0.747317,59.88809,0,14506.6,-1.326986,60.10258,0,79.2469,2.702536,59.99534,0,98.6367,0.579147,59.99534,0,54.4141,-1.542755,59.99067,0,PMU,14475.3,2.475310,59.94172,0,14391.3,0.381503,59.91607,0,14528.5,4.586703,60.11540,0,79.0466,2.335124,59.98251,0,97.8673,0.211830,60.05828,0,54.6615,4.363217,60.05945,0,PMU,14394.1,-0.672081,60.03963,0,14466.8,3.518597,60.06644,0,14537.8,1.430113,59.86628,0,78.9733,-0.815379,59.99534,0,97.6621,3.343413,59.95920,0,54.6037,1.208074,59.90092,0,PMU,14477.4,2.486417,59.94521,0,14393.2,0.392306,59.91608,0,14527.3,4.597689,60.11773,0,78.5446,2.345256,59.99417,0,97.7637,0.222328,60.03031,0,54.4057,4.372248,60.07577,0,PMU,14476.6,2.532297,59.94988,0,14386.7,0.437836,59.91173,0,14519,4.643518,60.11424,0,78.547,2.390919,59.99534,0,97.8324,0.268328,60.04546,0,54.7571,4.419952,60.08855,0,PMU
549,4.583333,14409.4,2.843238,59.99767,0,14424.1,0.752261,60.09442,0,14550.3,-1.333212,59.88110,0,79.1585,2.702109,59.99184,0,98.499,0.577804,59.97435,0,54.3958,-1.542938,59.99650,0,PMU,14392.5,2.477569,60.04313,0,14463.2,0.385104,60.06878,0,14536.4,4.579867,59.86944,0,78.8706,2.335430,60.00583,0,97.6648,0.209083,59.94754,0,54.6162,4.358578,59.91141,0,PMU,14475.6,-0.675193,59.94055,0,14392.8,3.514202,59.91607,0,14528.9,1.436260,60.11740,0,78.8904,-0.816051,59.98718,0,97.9683,3.344817,60.02681,0,54.4286,1.211248,60.06062,0,PMU,14395,2.488553,60.04080,0,14464.7,0.395968,60.06994,0,14537.5,4.590792,59.86828,0,78.5675,2.344585,59.98718,0,97.6198,0.220008,59.95570,0,54.54,4.368403,59.92656,0,PMU,14391.2,2.534067,60.03380,0,14454.6,0.441620,60.07227,0,14531.4,4.636743,59.87061,0,78.6061,2.390004,59.98251,0,97.477,0.264971,59.93589,0,54.6451,4.413424,59.87531,0,PMU
550,4.591667,14497.8,2.842383,59.98368,0,14374.2,0.746340,59.88693,0,14504.6,-1.327963,60.10025,0,79.2619,2.701804,59.99417,0,98.5407,0.578170,60.00699,0,54.4467,-1.543121,59.99650,0,PMU,14475.2,2.474517,59.94172,0,14391.6,0.380710,59.91607,0,14528,4.585910,60.11540,0,79.0324,2.334209,59.97669,0,98.0654,0.212013,60.05595,0,54.688,4.363583,60.09559,0,PMU,14394.1,-0.672996,60.04196,0,14466.3,3.517620,60.06528,0,14537,1.429259,59.86628,0,78.9757,-0.816234,59.99650,0,97.7126,3.342803,59.96153,0,54.5001,1.207586,59.93006,0,PMU,14477.3,2.485745,59.94638,0,14392.5,0.391635,59.91724,0,14527,4.596957,60.11773,0,78.5423,2.344707,60.00233,0,97.7789,0.221351,60.02565,0,54.5726,4.372065,60.06994,0,PMU,14476.9,2.531442,59.94988,0,14387.1,0.436920,59.91024,0,14518.9,4.642664,60.11307,0,78.5432,2.389820,59.99650,0,97.8913,0.267291,60.04430,0,54.6315,4.419159,60.10953,0,PMU
551,4.600000,14406.9,2.842200,59.99650,0,14421.3,0.751162,60.09209,0,14547.5,-1.334311,59.87877,0,79.1495,2.701438,59.99301,0,98.5279,0.577438,59.98601,0,54.4149,-1.543671,59.98951,0,PMU,14391.9,2.476714,60.04196,0,14463.1,0.384250,60.06761,0,14536.1,4.579013,59.86828,0,78.9689,2.335124,60.01749,0,97.7608,0.208473,59.93239,0,54.7335,4.357540,59.88460,0,PMU,14475.5,-0.676109,59.94056,0,14392.7,3.513226,59.91607,0,14528.4,1.435284,60.11507,0,78.8831,-0.816417,59.99650,0,97.9072,3.343474,60.01282,0,54.448,1.209966,60.04546,0,PMU,14394.5,2.487820,60.03963,0,14464.4,0.395236,60.06878,0,14536.7,4.590060,59.86828,0,78.6507,2.344218,59.99067,0,97.5978,0.219520,59.96503,0,54.58,4.367426,59.91141,0,PMU,14392.2,2.533151,60.03264,0,14455.8,0.440765,60.07344,0,14533,4.635889,59.87061,0,78.603,2.388417,59.97319,0,97.4808,0.263629,59.93006,0,54.6419,4.412447,59.87182,0,PMU
552,4.608333,14495.1,2.841224,59.98135,0,14371.3,0.745180,59.88576,0,14501.7,-1.329123,60.09908,0,79.2468,2.700766,59.98718,0,98.5939,0.577987,60.01049,0,54.4412,-1.543793,59.99767,0,PMU,14474.5,2.473601,59.94055,0,14391.1,0.379812,59.91524,0,14527.5,4.585055,60.11540,0,79.0664,2.333049,59.96037,0,97.9582,0.210792,60.04430,0,54.5412,4.360836,60.06295,0,PMU,14393.4,-0.673912,60.04196,0,14466.2,3.516704,60.06644,0,14536.6,1.428343,59.86744,0,78.957,-0.817027,59.98834,0,97.6215,3.341782,59.96769,0,54.4823,1.206366,59.93123,0,PMU,14477.1,2.484952,59.94521,0,14392.7,0.390841,59.91607,0,14526.6,4.596163,60.11657,0,78.684,2.344768,60.01049,0,97.9871,0.221229,60.03264,0,54.6157,4.372797,60.10258,0,PMU,14478.2,2.530527,59.94988,0,14388,0.436127,59.91141,0,14520.6,4.641931,60.11540,0,78.6889,2.389332,60.01749,0,97.7599,0.266375,60.05246,0,54.526,4.417513,60.09675,0,PMU
553,4.616667,14405.4,2.840979,59.99534,0,14420.2,0.749941,60.09092,0,14545.4,-1.335531,59.87760,0,79.1865,2.700766,60.00000,0,98.6128,0.577194,59.98485,0,54.4445,-1.544586,59.98485,0,PMU,14391.8,2.475860,60.04313,0,14463.2,0.383395,60.06844,0,14535.2,4.578158,59.86828,0,78.914,2.334148,60.02098,0,97.6033,0.207558,59.93822,0,54.5806,4.357418,59.93472,0,PMU,14475.2,-0.676963,59.94172,0,14392,3.512371,59.91724,0,14527.6,1.434429,60.11624,0,78.9098,-0.817027,60.00000,0,98.0634,3.342742,60.01832,0,54.5149,1.210455,60.07810,0,PMU,14393.9,2.487027,60.03963,0,14464.6,0.394504,60.06994,0,14536.9,4.589206,59.86712,0,78.7421,2.343547,59.97669,0,97.6394,0.218666,59.95104,0,54.7294,4.366510,59.87994,0,PMU,14392.9,2.532297,60.03380,0,14456.3,0.439911,60.07227,0,14533.7,4.635040,59.86839,0,78.8387,2.387946,59.97352,0,97.5262,0.262853,59.93272,0,54.6146,4.412996,59.91374,0,PMU
554,4.625000,14494.7,2.840064,59.98251,0,14371.2,0.743960,59.88576,0,14501.4,-1.330282,60.10025,0,79.2655,2.699424,59.97435,0,98.7435,0.577072,59.99767,0,54.4755,-1.545197,59.98834,0,PMU,14474.2,2.472808,59.94172,0,14391,0.378957,59.91524,0,14526.7,4.584140,60.11424,0,78.9807,2.332317,59.96503,0,97.9358,0.209816,60.04313,0,54.6058,4.359982,60.04896,0,PMU,14392.6,-0.674827,60.04079,0,14465.7,3.515789,60.06528,0,14535.8,1.427367,59.86511,0,78.9659,-0.818170,59.97818,0,97.6569,3.340622,59.95953,0,54.5744,1.205023,59.89626,0,PMU,14476.9,2.484158,59.94521,0,14393.2,0.390170,59.91724,0,14527.8,4.595370,60.11773,0,78.8131,2.344401,60.01632,0,97.8781,0.220253,60.03031,0,54.5571,4.370478,60.07577,0,PMU,14479.3,2.529611,59.94871,0,14389,0.435272,59.91141,0,14521.7,4.641016,60.11413,0,78.8651,2.389088,60.02182,0,97.876,0.265399,60.04863,0,54.6783,4.417330,60.08276,0,PMU
555,4.633333,14405.3,2.839942,59.99767,0,14420.6,0.748904,60.09442,0,14545.9,-1.336569,59.87994,0,79.2011,2.699668,60.00466,0,98.6087,0.575729,59.97435,0,54.4193,-1.545807,59.98834,0,PMU,14391.4,2.475005,60.04196,0,14463,0.382541,60.06844,0,14534.7,4.577304,59.86944,0,78.8934,2.333476,60.02215,0,97.6136,0.206947,59.94521,0,54.5624,4.355709,59.91840,0,PMU,14474.7,-0.677940,59.94056,0,14392.2,3.511456,59.91724,0,14528.1,1.433453,60.11624,0,78.9333,-0.817986,60.00350,0,97.8981,3.341599,60.01865,0,54.419,1.208013,60.05711,0,PMU,14394.3,2.486233,60.03963,0,14464.7,0.393771,60.06878,0,14537.5,4.588473,59.86828,0,78.7973,2.342937,59.97202,0,97.7416,0.217567,59.94871,0,54.6354,4.365900,59.91257,0,PMU,14393.4,2.531503,60.03614,0,14456.7,0.439178,60.07460,0,14534.5,4.634308,59.87188,0,78.8526,2.387152,59.96303,0,97.5501,0.262242,59.93972,0,54.6317,4.411898,59.89625,0,PMU
556,4.641667,14495.6,2.839209,59.98601,0,14371.9,0.743105,59.88926,0,14502.1,-1.331137,60.10375,0,79.2653,2.698159,59.97118,0,98.6623,0.576095,60.00699,0,54.4662,-1.546112,59.99417,0,PMU,14473.3,2.472014,59.94288,0,14390.8,0.378103,59.91524,0,14525.4,4.583285,60.11424,0,78.9153,2.331279,59.95804,0,98.0644,0.209083,60.04080,0,54.5904,4.360165,60.08509,0,PMU,14392.3,-0.675803,60.04080,0,14465.3,3.514812,60.06411,0,14535.7,1.426451,59.86628,0,78.9612,-0.819329,59.97435,0,97.7133,3.339646,59.96270,0,54.5017,1.204290,59.92890,0,PMU,14477.3,2.483365,59.94521,0,14393,0.389438,59.91724,0,14528.5,4.594637,60.11773,0,78.8346,2.343608,60.01282,0,97.7879,0.219215,60.03147,0,54.612,4.369623,60.07111,0,PMU,14479.4,2.528818,59.94871,0,14389.2,0.434418,59.90908,0,14521.5,4.640222,60.11296,0,78.8698,2.388068,60.01749,0,97.9834,0.264666,60.04629,0,54.6552,4.417330,60.10375,0,PMU
557,4.650000,14405.5,2.839148,59.99883,0,14421.3,0.748110,60.09559,0,14546,-1.337423,59.87993,0,79.1972,2.698586,60.00816,0,98.6682,0.574813,59.97552,0,54.4218,-1.546967,59.98368,0,PMU,14390.7,2.474212,60.04196,0,14463.2,0.381747,60.06961,0,14534.2,4.576388,59.86828,0,78.9092,2.332927,60.03147,0,97.5605,0.205849,59.93822,0,54.6744,4.355221,59.90558,0,PMU,14474.5,-0.678916,59.94055,0,14392.1,3.510540,59.91840,0,14528.2,1.432537,60.11624,0,78.9769,-0.818414,60.01749,0,97.9466,3.340439,60.01515,0,54.476,1.207220,60.05595,0,PMU,14394.1,2.485379,60.03847,0,14464.2,0.392978,60.06761,0,14537.7,4.587680,59.86712,0,78.7593,2.341655,59.96270,0,97.4854,0.217018,59.95804,0,54.5823,4.364252,59.89742,0,PMU,14394,2.530710,60.03614,0,14457.3,0.438324,60.07460,0,14535.3,4.633453,59.87072,0,78.8267,2.385565,59.95221,0,97.5626,0.261388,59.93739,0,54.6889,4.411287,59.88460,0,PMU
558,4.658333,14495.8,2.838416,59.98601,0,14372.9,0.742251,59.88809,0,14502.5,-1.331991,60.10375,0,79.2058,2.696755,59.96503,0,98.6629,0.574630,59.99650,0,54.4508,-1.547516,59.98951,0,PMU,14472.8,2.471160,59.94172,0,14391,0.377370,59.91640,0,14526.4,4.582492,60.11657,0,78.9281,2.330669,59.95687,0,97.8444,0.208229,60.04546,0,54.5451,4.358517,60.06295,0,PMU,14392.1,-0.676719,60.04196,0,14465.1,3.513958,60.06528,0,14535.3,1.425536,59.86628,0,78.9984,-0.819634,59.97669,0,97.6727,3.338669,59.96620,0,54.4791,1.203253,59.92424,0,PMU,14477.6,2.482510,59.94521,0,14392.9,0.388522,59.91491,0,14528.4,4.593783,60.11656,0,78.8431,2.342570,60.01749,0,97.8867,0.218727,60.03264,0,54.5967,4.370356,60.11657,0,PMU,14479.8,2.527964,59.94755,0,14389.4,0.433624,59.91024,0,14522.4,4.639429,60.11413,0,78.8863,2.386847,60.02448,0,97.8753,0.263812,60.04629,0,54.5789,4.415499,60.08043,0,PMU
559,4.666667,14406,2.838355,59.99883,0,14422,0.747256,60.09559,0,14546.6,-1.338278,59.87993,0,79.1525,2.697426,60.01282,0,98.5851,0.573898,59.98601,0,54.44,-1.547821,59.99417,0,PMU,14391,2.473418,60.04313,0,14463.1,0.380954,60.06844,0,14534.8,4.575656,59.86944,0,78.9099,2.331890,60.02331,0,97.6029,0.205299,59.94405,0,54.6024,4.355404,59.94055,0,PMU,14474.1,-0.679771,59.94172,0,14391.4,3.509624,59.91724,0,14527.5,1.431578,60.11540,0,78.9896,-0.819085,60.01049,0,97.9056,3.339402,60.01399,0,54.4626,1.207586,60.08276,0,PMU,14393.6,2.484524,60.03847,0,14463.7,0.392062,60.06761,0,14536.7,4.586764,59.86595,0,78.7738,2.340922,59.96853,0,97.5274,0.215919,59.94638,0,54.6849,4.364191,59.88227,0,PMU,14393.9,2.529855,60.03613,0,14457.3,0.437469,60.07344,0,14535.3,4.632599,59.86955,0,78.8262,2.384650,59.95804,0,97.6027,0.260533,59.93739,0,54.6446,4.411287,59.91957,0,PMU
560,4.675000,14496.1,2.837500,59.98368,0,14373.7,0.741396,59.88809,0,14503.4,-1.332907,60.10258,0,79.1806,2.695595,59.96503,0,98.7501,0.573898,60.00000,0,54.4891,-1.548370,59.98951,0,PMU,14473,2.470367,59.94172,0,14390.5,0.376577,59.91640,0,14526.5,4.581759,60.11657,0,78.8875,2.329631,59.95687,0,97.8263,0.206947,60.03147,0,54.5836,4.357479,60.03963,0,PMU,14390.8,-0.677635,60.04080,0,14464.3,3.513042,60.06528,0,14534,1.424498,59.86478,0,78.9286,-0.820855,59.96620,0,97.5128,3.337082,59.95570,0,54.5021,1.201666,59.88693,0,PMU,14476.7,2.481475,59.94176,0,14391.9,0.387607,59.91491,0,14528.2,4.592867,60.11656,0,78.8532,2.341533,60.01166,0,97.7803,0.218116,60.04196,0,54.5086,4.368525,60.08276,0,PMU,14479.6,2.527048,59.94638,0,14389.6,0.432770,59.91024,0,14522.2,4.638452,60.11180,0,78.896,2.385932,60.02448,0,97.8061,0.262486,60.03730,0,54.6495,4.414583,60.06295,0,PMU
561,4.683333,14407,2.837439,59.99883,0,14423.2,0.746462,60.09675,0,14548.1,-1.339069,59.88231,0,79.1991,2.696389,60.01515,0,98.6241,0.572799,59.97902,0,54.4846,-1.548615,59.99534,0,PMU,14391.4,2.472686,60.04430,0,14463.7,0.380221,60.06961,0,14535.4,4.574984,59.87061,0,78.9292,2.330791,60.02215,0,97.5572,0.204811,59.95920,0,54.5527,4.353756,59.92889,0,PMU,14472.5,-0.680869,59.93822,0,14390.7,3.508709,59.91724,0,14527.3,1.430541,60.11540,0,78.9843,-0.820001,60.01632,0,97.698,3.338120,60.01982,0,54.3741,1.205694,60.07694,0,PMU,14393.3,2.483548,60.03959,0,14463.2,0.391086,60.06644,0,14536.3,4.585849,59.86595,0,78.8154,2.340434,59.97902,0,97.6775,0.215309,59.94638,0,54.5997,4.364191,59.91724,0,PMU,14393.8,2.528940,60.03613,0,14457.5,0.436615,60.07344,0,14535.4,4.631622,59.86955,0,78.7691,2.384101,59.96503,0,97.3487,0.259740,59.94754,0,54.6006,4.409762,59.90791,0,PMU
562,4.691667,14496.4,2.836646,59.98485,0,14373.5,0.740603,59.88809,0,14503.8,-1.333639,60.10370,0,79.2205,2.694619,59.96620,0,98.6001,0.572982,60.00350,0,54.5242,-1.548920,59.99417,0,PMU,14473.9,2.469695,59.94288,0,14391.5,0.375844,59.91640,0,14526.9,4.581027,60.11540,0,78.927,2.328777,59.96153,0,98.0914,0.206581,60.03380,0,54.628,4.358090,60.08276,0,PMU,14390.1,-0.678733,60.04080,0,14463.4,3.512066,60.06411,0,14534,1.423522,59.86595,0,78.9988,-0.821038,59.98018,0,97.4556,3.336289,59.96503,0,54.5079,1.201910,59.92773,0,PMU,14477.1,2.480559,59.94292,0,14392.2,0.386630,59.91491,0,14528.4,4.591891,60.11540,0,78.929,2.341106,60.01282,0,97.8906,0.217201,60.03613,0,54.5867,4.367792,60.06878,0,PMU,14479.3,2.526072,59.94522,0,14389,0.431732,59.90675,0,14521.3,4.637476,60.11180,0,78.844,2.385321,60.02331,0,97.8115,0.261754,60.03847,0,54.6264,4.414583,60.09209,0,PMU
563,4.700000,14406.5,2.836585,59.99883,0,14422.2,0.745486,60.09325,0,14547.7,-1.339985,59.87881,0,79.2451,2.695595,60.01865,0,98.5825,0.571518,59.97202,0,54.4668,-1.549835,59.98251,0,PMU,14393.1,2.471953,60.04313,0,14465.2,0.379445,60.06878,0,14537.1,4.574191,59.86944,0,79.0139,2.329509,60.01399,0,97.7011,0.204018,59.95104,0,54.7223,4.352658,59.89625,0,PMU,14472.7,-0.681907,59.93938,0,14390.1,3.507732,59.91724,0,14527.1,1.429564,60.11540,0,79.0559,-0.820123,60.01749,0,97.7108,3.337265,60.01865,0,54.4787,1.204962,60.05828,0,PMU,14393.6,2.482754,60.04192,0,14464,0.390231,60.06877,0,14536.6,4.584994,59.86828,0,78.7969,2.339641,59.97203,0,97.7041,0.214516,59.94872,0,54.5556,4.362667,59.90212,0,PMU,14393.9,2.527964,60.03614,0,14457.6,0.435516,60.07227,0,14535.3,4.630585,59.86839,0,78.6997,2.383429,59.96386,0,97.4593,0.258885,59.94521,0,54.6991,4.408846,59.89043,0,PMU
564,4.708333,14496.3,2.835730,59.98368,0,14373.1,0.739565,59.88693,0,14503.9,-1.334677,60.10137,0,79.2908,2.693947,59.96853,0,98.6362,0.571701,60.00350,0,54.5058,-1.550263,59.99184,0,PMU,14476,2.468963,59.94288,0,14393.1,0.375173,59.91840,0,14529.5,4.580417,60.11890,0,78.9307,2.327495,59.96153,0,98.0421,0.205604,60.03031,0,54.4913,4.355221,60.04896,0,PMU,14389.9,-0.679710,60.04196,0,14463.6,3.511089,60.06411,0,14533.4,1.422545,59.86595,0,78.9636,-0.821832,59.96736,0,97.4029,3.335495,59.96620,0,54.4767,1.200201,59.90908,0,PMU,14476.8,2.479766,59.94292,0,14392.3,0.385837,59.91607,0,14528.1,4.591097,60.11656,0,78.9137,2.340007,60.00699,0,98.0483,0.216591,60.03963,0,54.6161,4.368708,60.11536,0,PMU,14478.7,2.525034,59.94405,0,14389.1,0.430695,59.90791,0,14521.4,4.636438,60.11180,0,78.7847,2.384040,60.01166,0,97.8652,0.261082,60.04196,0,54.5556,4.412264,60.06528,0,PMU
565,4.716667,14407.9,2.835608,59.99767,0,14423.3,0.744448,60.09325,0,14548.3,-1.340961,59.87998,0,79.3557,2.694985,60.01982,0,98.695,0.571029,59.98718,0,54.487,-1.550568,59.99417,0,PMU,14394.5,2.471282,60.04430,0,14466.3,0.378835,60.06994,0,14538.4,4.573598,59.86978,0,78.9628,2.328227,60.01399,0,97.6885,0.203163,59.95337,0,54.5126,4.352108,59.94055,0,PMU,14472.4,-0.682823,59.94055,0,14390.2,3.506756,59.91724,0,14526.5,1.428587,60.11540,0,79.0406,-0.821465,60.00699,0,97.8096,3.336777,60.02448,0,54.4908,1.205023,60.09209,0,PMU,14393.2,2.481961,60.04192,0,14463.6,0.389438,60.06877,0,14536.7,4.584201,59.86828,0,78.765,2.338542,59.97203,0,97.5952,0.212990,59.93122,0,54.7102,4.362240,59.87648,0,PMU,14393.3,2.526926,60.03614,0,14457.8,0.434479,60.07227,0,14535.1,4.629547,59.86839,0,78.6894,2.382697,59.97435,0,97.5579,0.258275,59.94638,0,54.6799,4.408541,59.92889,0,PMU
566,4.725000,14498.1,2.834754,59.98368,0,14374.4,0.738650,59.88926,0,14505.3,-1.335531,60.10370,0,79.2955,2.693032,59.96270,0,98.8359,0.570846,59.99650,0,54.523,-1.551300,59.98601,0,PMU,14475.8,2.468291,59.94288,0,14393.5,0.374440,59.91607,0,14529.1,4.579684,60.11624,0,78.8836,2.326946,59.97552,0,97.8795,0.204262,60.02098,0,54.472,4.354061,60.03730,0,PMU,14389.5,-0.680625,60.04196,0,14463.1,3.510052,60.06295,0,14532.8,1.421507,59.86478,0,78.9644,-0.822747,59.97552,0,97.5562,3.334763,59.96153,0,54.5473,1.199102,59.88693,0,PMU,14476.8,2.478911,59.94176,0,14391.7,0.385043,59.91607,0,14528.4,4.590304,60.11656,0,78.8935,2.338786,60.00466,0,97.7481,0.215492,60.04779,0,54.5304,4.366571,60.08272,0,PMU,14478.5,2.524057,59.94521,0,14389.2,0.429718,59.90908,0,14521.6,4.635406,60.11191,0,78.8878,2.383551,60.01632,0,97.8958,0.260167,60.03614,0,54.7186,4.411593,60.05828,0,PMU
567,4.733333,14409.7,2.834693,59.99883,0,14425,0.743594,60.09442,0,14550,-1.341816,59.87998,0,79.3469,2.693825,60.01515,0,98.6535,0.569381,59.97202,0,54.4584,-1.552033,59.98601,0,PMU,14394.2,2.470489,60.04196,0,14466.6,0.377980,60.06761,0,14537.5,4.572744,59.86744,0,78.9847,2.327495,60.01049,0,97.5519,0.202553,59.96736,0,54.477,4.351010,59.94172,0,PMU,14472.1,-0.683799,59.93939,0,14390.1,3.505718,59.91724,0,14526.5,1.427550,60.11540,0,79.016,-0.822442,60.00583,0,97.862,3.336167,60.02681,0,54.3893,1.203375,60.08160,0,PMU,14393.4,2.481048,60.04080,0,14463.3,0.388583,60.06761,0,14536.3,4.583346,59.86712,0,78.7622,2.337871,59.98251,0,97.6142,0.212074,59.93472,0,54.5981,4.362240,59.91728,0,PMU,14393.8,2.525949,60.03614,0,14458,0.433563,60.07344,0,14535.4,4.628570,59.86944,0,78.7513,2.382514,59.98018,0,97.5697,0.257298,59.94521,0,54.698,4.406710,59.90675,0,PMU
568,4.741667,14500.5,2.833960,59.98601,0,14377.2,0.737857,59.89043,0,14507.5,-1.336386,60.10370,0,79.2861,2.691811,59.96153,0,98.6506,0.569015,59.99301,0,54.5009,-1.552948,59.98251,0,PMU,14475.9,2.467437,59.94172,0,14393.7,0.373525,59.91491,0,14528.7,4.578708,60.11390,0,78.8939,2.326457,59.98018,0,98.082,0.203956,60.02681,0,54.5368,4.354855,60.07344,0,PMU,14389.8,-0.681541,60.04313,0,14463.2,3.509075,60.06411,0,14533.1,1.420592,59.86711,0,78.954,-0.823602,59.97785,0,97.6649,3.333970,59.95804,0,54.4608,1.198675,59.91024,0,PMU,14476.4,2.477996,59.94172,0,14391.8,0.384128,59.91491,0,14528.2,4.589388,60.11540,0,78.9237,2.338115,60.00466,0,97.8161,0.214760,60.05129,0,54.6161,4.365595,60.06407,0,PMU,14478.8,2.523142,59.94638,0,14388.9,0.428802,59.90908,0,14521.5,4.634613,60.11540,0,78.8434,2.382575,60.00117,0,97.938,0.259068,60.03380,0,54.5354,4.409945,60.06178,0,PMU
569,4.750000,14411.3,2.833899,59.99883,0,14427.6,0.742861,60.09558,0,14552,-1.342731,59.87881,0,79.3677,2.692788,60.01865,0,98.4857,0.567428,59.96969,0,54.4533,-1.553253,59.99417,0,PMU,14394.1,2.469512,60.03963,0,14466.8,0.377004,60.06644,0,14537.8,4.571706,59.86628,0,78.9733,2.326213,59.99534,0,97.6621,0.201820,59.95920,0,54.6037,4.349667,59.90092,0,PMU,14472.3,-0.684715,59.93939,0,14390.4,3.504803,59.91841,0,14527.1,1.426695,60.11657,0,79.0509,-0.823541,60.00117,0,97.8421,3.335251,60.02448,0,54.4282,1.202703,60.07694,0,PMU,14393.3,2.480132,60.04080,0,14463.3,0.387668,60.06761,0,14536.3,4.582492,59.86828,0,78.7525,2.337383,59.98601,0,97.5688,0.211586,59.93938,0,54.5605,4.360714,59.90679,0,PMU,14393.7,2.525156,60.03847,0,14458.1,0.432648,60.07344,0,14535,4.627777,59.86944,0,78.6433,2.381659,59.98251,0,97.567,0.255956,59.94055,0,54.4125,4.403597,59.87877,0,PMU
570,4.758333,14501.3,2.833167,59.98601,0,14378.4,0.737063,59.88927,0,14508.9,-1.337240,60.10487,0,79.2759,2.691140,59.96853,0,98.4955,0.567245,59.99650,0,54.4869,-1.553803,59.98951,0,PMU,14475.6,2.466399,59.94055,0,14392.8,0.372609,59.91607,0,14528.9,4.577853,60.11740,0,78.8904,2.325542,59.98718,0,97.9683,0.203224,60.02681,0,54.4286,4.352841,60.06062,0,PMU,14390,-0.682456,60.04313,0,14463.4,3.508221,60.06527,0,14533.2,1.419737,59.86711,0,78.9688,-0.824700,59.97785,0,97.6166,3.333115,59.95920,0,54.4755,1.197943,59.90908,0,PMU,14475.8,2.477141,59.94288,0,14391.6,0.383273,59.91607,0,14527.9,4.588534,60.11540,0,78.8701,2.336833,59.98951,0,97.9892,0.214393,60.05362,0,54.6101,4.366144,60.10370,0,PMU,14478.3,2.522226,59.94405,0,14388.7,0.427948,59.91024,0,14521.4,4.633758,60.11424,0,78.7174,2.381354,59.99417,0,97.7255,0.257848,60.03614,0,54.2073,4.406954,60.06411,0,PMU
571,4.766667,14412.3,2.833045,59.99767,0,14428.5,0.742068,60.09558,0,14553.3,-1.343586,59.87881,0,79.3634,2.691689,60.01049,0,98.4013,0.566396,59.98379,0,54.4496,-1.553925,59.99767,0,PMU,14394.1,2.468597,60.04196,0,14466.3,0.376027,60.06528,0,14537,4.570851,59.86628,0,78.9757,2.325359,59.99650,0,97.7126,0.201210,59.96153,0,54.5001,4.349179,59.93006,0,PMU,14472.9,-0.685569,59.94055,0,14391.1,3.503948,59.91841,0,14528.1,1.425780,60.11540,0,79.0559,-0.824700,60.00000,0,97.9706,3.334336,60.02331,0,54.4599,1.202154,60.08043,0,PMU,14392.7,2.479278,60.04080,0,14462.9,0.386813,60.06761,0,14536,4.581576,59.86711,0,78.8003,2.336589,59.99534,0,97.5846,0.210670,59.92889,0,54.691,4.360409,59.89047,0,PMU,14393.7,2.524179,60.03730,0,14458.2,0.431732,60.07227,0,14534.7,4.626800,59.86711,0,78.5645,2.381049,59.99417,0,97.4886,0.255162,59.94871,0,54.2959,4.402743,59.91957,0,PMU
572,4.775000,14502.3,2.832251,59.98485,0,14379,0.736209,59.88810,0,14509.6,-1.338095,60.10487,0,79.2347,2.689980,59.96736,0,98.5889,0.566641,60.00466,0,54.4959,-1.554901,59.98135,0,PMU,14475.5,2.465484,59.94056,0,14392.7,0.371633,59.91607,0,14528.4,4.576877,60.11507,0,78.8831,2.325176,59.99650,0,97.9072,0.201881,60.01282,0,54.448,4.351559,60.04546,0,PMU,14391,-0.683250,60.04430,0,14464.1,3.507427,60.06644,0,14534.7,1.418944,59.86944,0,78.9738,-0.825677,59.98135,0,97.549,3.331589,59.94754,0,54.4734,1.196600,59.89392,0,PMU,14475.2,2.476165,59.94055,0,14391.3,0.382419,59.91607,0,14528.1,4.587619,60.11540,0,79.0025,2.336101,59.99067,0,97.8323,0.213356,60.05129,0,54.5526,4.364069,60.06990,0,PMU,14478.7,2.521372,59.94638,0,14389,0.426971,59.90908,0,14521.1,4.632782,60.11424,0,78.7021,2.380927,59.99767,0,97.8307,0.256932,60.03380,0,54.2669,4.406283,60.06761,0,PMU
573,4.783333,14412.6,2.832068,59.99650,0,14429,0.741152,60.09442,0,14553.2,-1.344501,59.87764,0,79.3385,2.690652,60.01282,0,98.4504,0.565481,59.97785,0,54.4309,-1.555145,59.99534,0,PMU,14393.4,2.467681,60.04196,0,14466.2,0.375112,60.06644,0,14536.6,4.569936,59.86744,0,78.957,2.324565,59.98834,0,97.6215,0.200189,59.96769,0,54.4823,4.347958,59.93123,0,PMU,14473.2,-0.686363,59.94055,0,14391.1,3.503277,59.92074,0,14528.8,1.425108,60.11773,0,79.0164,-0.825860,59.99650,0,97.6928,3.333420,60.03497,0,54.3713,1.200811,60.08043,0,PMU,14392.5,2.478362,60.04196,0,14462.7,0.385898,60.06644,0,14536.2,4.580661,59.86711,0,78.8792,2.336040,59.99883,0,97.6857,0.208778,59.91257,0,54.6112,4.360104,59.92427,0,PMU,14393.8,2.523386,60.03847,0,14459.6,0.430878,60.07460,0,14534.8,4.625885,59.86828,0,78.5801,2.380561,59.99301,0,97.4745,0.254308,59.94988,0,54.3062,4.401400,59.90675,0,PMU
574,4.791667,14502.6,2.831275,59.98485,0,14379.1,0.735232,59.88693,0,14509.7,-1.339130,60.10258,0,79.2263,2.689126,59.97086,0,98.5948,0.565969,60.00933,0,54.4821,-1.555756,59.98834,0,PMU,14475.2,2.464629,59.94172,0,14392,0.370778,59.91724,0,14527.6,4.576022,60.11624,0,78.9098,2.324565,60.00000,0,98.0634,0.201149,60.01832,0,54.5149,4.352047,60.07810,0,PMU,14390.3,-0.684043,60.04430,0,14463.6,3.506634,60.06411,0,14534.4,1.418212,59.86828,0,78.9315,-0.826531,59.98718,0,97.5288,3.331040,59.95454,0,54.397,1.195807,59.90441,0,PMU,14475.3,2.475310,59.94172,0,14391.3,0.381503,59.91607,0,14528.5,4.586703,60.11540,0,79.0466,2.335124,59.98251,0,97.8673,0.211830,60.05828,0,54.6615,4.363217,60.05945,0,PMU,14478.8,2.520517,59.94521,0,14390.4,0.426178,59.91025,0,14521.8,4.631927,60.11540,0,78.685,2.379828,59.98601,0,97.8392,0.256139,60.03497,0,54.2989,4.406527,60.09791,0,PMU
575,4.800000,14412.6,2.831092,59.99651,0,14429.7,0.740115,60.09325,0,14553.3,-1.345539,59.87760,0,79.3937,2.689736,60.01166,0,98.6508,0.565481,59.99067,0,54.4607,-1.555512,60.00466,0,PMU,14392.6,2.466765,60.04079,0,14465.7,0.374196,60.06528,0,14535.8,4.568959,59.86511,0,78.9659,2.323423,59.97818,0,97.6569,0.199030,59.95953,0,54.5744,4.346615,59.89626,0,PMU,14472.7,-0.687278,59.93822,0,14390.9,3.502362,59.91841,0,14528.4,1.424193,60.11424,0,79.0251,-0.826470,60.00117,0,97.7648,3.332688,60.03147,0,54.363,1.200018,60.08043,0,PMU,14392.5,2.477569,60.04313,0,14463.2,0.385104,60.06878,0,14536.4,4.579867,59.86944,0,78.8706,2.335430,60.00583,0,97.6648,0.209083,59.94754,0,54.6162,4.358578,59.91141,0,PMU,14394.2,2.522593,60.03963,0,14460.6,0.430023,60.07343,0,14535.4,4.624969,59.86711,0,78.572,2.379645,59.99650,0,97.5671,0.253331,59.94638,0,54.4143,4.400546,59.88577,0,PMU
576,4.808333,14502.6,2.830360,59.98601,0,14379.3,0.734255,59.88810,0,14509.9,-1.340107,60.10375,0,79.2595,2.688515,59.97669,0,98.7098,0.565847,60.00699,0,54.5093,-1.556166,59.98751,0,PMU,14474.7,2.463653,59.94056,0,14392.2,0.369863,59.91724,0,14528.1,4.575045,60.11624,0,78.9333,2.323606,60.00350,0,97.8981,0.200006,60.01865,0,54.419,4.349606,60.05711,0,PMU,14390.1,-0.684898,60.04546,0,14464.1,3.505780,60.06528,0,14533.9,1.417235,59.86711,0,78.9596,-0.827447,59.98135,0,97.5786,3.330185,59.95221,0,54.4283,1.195501,59.91374,0,PMU,14475.2,2.474517,59.94172,0,14391.6,0.380710,59.91607,0,14528,4.585910,60.11540,0,79.0324,2.334209,59.97669,0,98.0654,0.212013,60.05595,0,54.688,4.363583,60.09559,0,PMU,14478.5,2.519663,59.94405,0,14390.4,0.425385,59.91141,0,14522.4,4.631134,60.11773,0,78.702,2.379218,59.99184,0,97.7729,0.255467,60.04080,0,54.2223,4.404635,60.07810,0,PMU
577,4.816667,14411.9,2.830237,59.99767,0,14429.8,0.739199,60.09442,0,14553,-1.346454,59.87877,0,79.3681,2.688759,60.00466,0,98.6634,0.565298,59.98951,0,54.4694,-1.556288,59.99767,0,PMU,14392.3,2.465789,60.04080,0,14465.3,0.373220,60.06411,0,14535.7,4.568044,59.86628,0,78.9612,2.322263,59.97435,0,97.7133,0.198053,59.96270,0,54.5017,4.345883,59.92890,0,PMU,14472.1,-0.688133,59.93822,0,14391,3.501507,59.91840,0,14527.8,1.423277,60.11540,0,79.0713,-0.827630,59.99650,0,97.8268,3.331955,60.03380,0,54.4592,1.200140,60.08859,0,PMU,14391.9,2.476714,60.04196,0,14463.1,0.384250,60.06761,0,14536.1,4.579013,59.86828,0,78.9689,2.335124,60.01749,0,97.7608,0.208473,59.93239,0,54.7335,4.357540,59.88460,0,PMU,14394.9,2.521677,60.03847,0,14460.8,0.429169,60.07227,0,14535.4,4.624115,59.86595,0,78.554,2.378668,59.98951,0,97.5807,0.252782,59.94871,0,54.3628,4.400362,59.91841,0,PMU
578,4.825000,14502,2.829444,59.98485,0,14378.8,0.733340,59.88810,0,14509.6,-1.341022,60.10375,0,79.2182,2.687661,59.97902,0,98.7248,0.565237,59.99883,0,54.4954,-1.557508,59.97669,0,PMU,14474.5,2.462676,59.94055,0,14392.1,0.368947,59.91840,0,14528.2,4.574130,60.11624,0,78.9769,2.323179,60.01749,0,97.9466,0.198847,60.01515,0,54.476,4.348812,60.05595,0,PMU,14389.3,-0.685813,60.04430,0,14463.7,3.504925,60.06528,0,14533.8,1.416320,59.86712,0,78.9999,-0.828546,59.98251,0,97.5359,3.329209,59.94754,0,54.4882,1.194647,59.89509,0,PMU,14474.5,2.473601,59.94055,0,14391.1,0.379812,59.91524,0,14527.5,4.585055,60.11540,0,79.0664,2.333049,59.96037,0,97.9582,0.210792,60.04430,0,54.5412,4.360836,60.06295,0,PMU,14479,2.518808,59.94521,0,14391.2,0.424469,59.91025,0,14522.8,4.630157,60.11540,0,78.7008,2.378485,59.99650,0,97.8753,0.254552,60.03380,0,54.3438,4.404207,60.07343,0,PMU
579,4.833333,14410.6,2.829261,59.99650,0,14429,0.738222,60.09325,0,14551.8,-1.347431,59.87760,0,79.3729,2.687661,60.00000,0,98.6141,0.564199,59.98018,0,54.4402,-1.557203,60.00583,0,PMU,14392.1,2.464874,60.04196,0,14465.1,0.372365,60.06528,0,14535.3,4.567128,59.86628,0,78.9984,2.321958,59.97669,0,97.6727,0.197077,59.96620,0,54.4791,4.344845,59.92424,0,PMU,14471.6,-0.689048,59.93822,0,14390.3,3.500592,59.91724,0,14526.1,1.422301,60.11423,0,79.0396,-0.828851,59.99417,0,97.7137,3.331040,60.03497,0,54.3835,1.198736,60.07810,0,PMU,14391.8,2.475860,60.04313,0,14463.2,0.383395,60.06844,0,14535.2,4.578158,59.86828,0,78.914,2.334148,60.02098,0,97.6033,0.207558,59.93822,0,54.5806,4.357418,59.93472,0,PMU,14395,2.520823,60.03847,0,14461.3,0.428253,60.07227,0,14535.5,4.623199,59.86711,0,78.5642,2.378241,59.99534,0,97.4471,0.251927,59.94988,0,54.3655,4.399203,59.90442,0,PMU
580,4.841667,14501,2.828406,59.98368,0,14378,0.732363,59.88810,0,14508.3,-1.342060,60.10258,0,79.2397,2.687173,59.99067,0,98.6163,0.564321,60.00233,0,54.483,-1.557936,59.98601,0,PMU,14474.1,2.461822,59.94172,0,14391.4,0.368032,59.91724,0,14527.5,4.573171,60.11540,0,78.9896,2.322508,60.01049,0,97.9056,0.197809,60.01399,0,54.4626,4.349179,60.08276,0,PMU,14389,-0.686729,60.04430,0,14462.9,3.504009,60.06528,0,14532,1.415160,59.86362,0,78.925,-0.829888,59.98018,0,97.4758,3.328232,59.94638,0,54.4059,1.193609,59.90208,0,PMU,14474.2,2.472808,59.94172,0,14391,0.378957,59.91524,0,14526.7,4.584140,60.11424,0,78.9807,2.332317,59.96503,0,97.9358,0.209816,60.04313,0,54.6058,4.359982,60.04896,0,PMU,14478.3,2.517893,59.94405,0,14391,0.423493,59.90908,0,14522.4,4.629242,60.11540,0,78.6479,2.377143,59.97902,0,97.8779,0.254002,60.03963,0,54.2919,4.404146,60.09442,0,PMU
581,4.850000,14409.7,2.828284,59.99767,0,14428.3,0.737185,60.09209,0,14550.7,-1.348469,59.87760,0,79.4159,2.686623,59.98951,0,98.6387,0.563711,59.98834,0,54.4624,-1.557752,60.00350,0,PMU,14390.8,2.463958,60.04080,0,14464.3,0.371450,60.06528,0,14534,4.566091,59.86478,0,78.9286,2.320738,59.96620,0,97.5128,0.195490,59.95570,0,54.5021,4.343259,59.88693,0,PMU,14471.3,-0.690025,59.93705,0,14390,3.499615,59.91607,0,14526,1.421080,60.11307,0,79.0471,-0.829705,60.00350,0,97.7567,3.330185,60.03730,0,54.4341,1.197821,60.08043,0,PMU,14391.4,2.475005,60.04196,0,14463,0.382541,60.06844,0,14534.7,4.577304,59.86944,0,78.8934,2.333476,60.02215,0,97.6136,0.206947,59.94521,0,54.5624,4.355709,59.91840,0,PMU,14394.7,2.519785,60.03614,0,14461.3,0.427216,60.07110,0,14535.1,4.622223,59.86595,0,78.5435,2.376776,59.99301,0,97.5767,0.251012,59.94288,0,54.3995,4.397860,59.87994,0,PMU
582,4.858333,14501.2,2.827430,59.98368,0,14378.1,0.731326,59.88809,0,14508.3,-1.343036,60.10375,0,79.2733,2.686135,59.99067,0,98.7565,0.563711,60.00000,0,54.4769,-1.559095,59.97435,0,PMU,14472.5,2.460723,59.93822,0,14390.7,0.367116,59.91724,0,14527.3,4.572133,60.11540,0,78.9843,2.321592,60.01632,0,97.698,0.196527,60.01982,0,54.3741,4.347287,60.07694,0,PMU,14389.1,-0.687644,60.04546,0,14463.3,3.502972,60.06411,0,14532.1,1.414183,59.86828,0,78.9233,-0.830865,59.97785,0,97.4614,3.327500,59.94871,0,54.4716,1.193121,59.91024,0,PMU,14473.3,2.472014,59.94288,0,14390.8,0.378103,59.91524,0,14525.4,4.583285,60.11424,0,78.9153,2.331279,59.95804,0,98.0644,0.209083,60.04080,0,54.5904,4.360165,60.08509,0,PMU,14478.5,2.516855,59.94405,0,14390.9,0.422577,59.91141,0,14523.6,4.628326,60.11657,0,78.6899,2.376227,59.98951,0,97.8445,0.253392,60.04546,0,54.2292,4.402559,60.08975,0,PMU
583,4.866667,14410,2.827369,59.99883,0,14428.8,0.736209,60.09325,0,14550.5,-1.349384,59.87877,0,79.3439,2.684914,59.97669,0,98.6783,0.562612,59.97902,0,54.415,-1.559278,59.99650,0,PMU,14390.1,2.462859,60.04080,0,14463.4,0.370473,60.06411,0,14534,4.565114,59.86595,0,78.9988,2.320554,59.98018,0,97.4556,0.194696,59.96503,0,54.5079,4.343503,59.92773,0,PMU,14471.4,-0.690940,59.93705,0,14390.2,3.498638,59.91724,0,14526,1.420165,60.11423,0,79.0427,-0.830682,60.00350,0,97.8519,3.329636,60.04080,0,54.4848,1.197088,60.07577,0,PMU,14390.7,2.474212,60.04196,0,14463.2,0.381747,60.06961,0,14534.2,4.576388,59.86828,0,78.9092,2.332927,60.03147,0,97.5605,0.205849,59.93822,0,54.6744,4.355221,59.90558,0,PMU,14394.9,2.518869,60.03847,0,14461,0.426361,60.07227,0,14535.3,4.621368,59.86711,0,78.5464,2.376227,60.00000,0,97.6471,0.250523,59.94521,0,54.3283,4.397799,59.90908,0,PMU
584,4.875000,14501,2.826453,59.98251,0,14378.8,0.730410,59.88926,0,14508.5,-1.344013,60.10258,0,79.183,2.684853,59.99883,0,98.596,0.562185,59.99184,0,54.4199,-1.560682,59.97319,0,PMU,14472.7,2.459686,59.93938,0,14390.1,0.366140,59.91724,0,14527.1,4.571157,60.11540,0,79.0559,2.321470,60.01749,0,97.7108,0.195673,60.01865,0,54.4787,4.346554,60.05828,0,PMU,14389.5,-0.688560,60.04546,0,14463.9,3.502056,60.06528,0,14532.6,1.413268,59.86828,0,78.9237,-0.831597,59.98251,0,97.5677,3.326340,59.93706,0,54.4628,1.191412,59.89159,0,PMU,14472.8,2.471160,59.94172,0,14391,0.377370,59.91640,0,14526.4,4.582492,60.11657,0,78.9281,2.330669,59.95687,0,97.8444,0.208229,60.04546,0,54.5451,4.358517,60.06295,0,PMU,14478,2.516001,59.94521,0,14390.5,0.421723,59.91141,0,14523.6,4.627472,60.11657,0,78.6965,2.375373,59.98368,0,97.8176,0.252354,60.03497,0,54.2411,4.401705,60.07460,0,PMU
585,4.883333,14410,2.826392,59.99883,0,14428.8,0.735293,60.09325,0,14550.8,-1.350300,59.87994,0,79.3187,2.683633,59.97669,0,98.4405,0.561269,59.98251,0,54.4274,-1.560011,60.01282,0,PMU,14389.9,2.461883,60.04196,0,14463.6,0.369497,60.06411,0,14533.4,4.564138,59.86595,0,78.9636,2.319761,59.96736,0,97.4029,0.193903,59.96620,0,54.4767,4.341794,59.90908,0,PMU,14471.1,-0.691839,59.93738,0,14390.4,3.497784,59.91840,0,14525.9,1.419371,60.11656,0,79.0262,-0.831719,59.99767,0,97.6547,3.328171,60.03497,0,54.3933,1.195379,60.07577,0,PMU,14391,2.473418,60.04313,0,14463.1,0.380954,60.06844,0,14534.8,4.575656,59.86944,0,78.9099,2.331890,60.02331,0,97.6029,0.205299,59.94405,0,54.6024,4.355404,59.94055,0,PMU,14394.6,2.518015,60.03847,0,14460.6,0.425446,60.07111,0,14535,4.620514,59.86712,0,78.5644,2.375373,60.00000,0,97.5109,0.249364,59.94288,0,54.2649,4.396334,59.89742,0,PMU
586,4.891667,14501.9,2.825538,59.98368,0,14379.1,0.729556,59.89043,0,14509.3,-1.344868,60.10375,0,79.2441,2.683999,60.00699,0,98.4871,0.560964,59.99417,0,54.4671,-1.561109,59.97902,0,PMU,14472.4,2.458770,59.94055,0,14390.2,0.365163,59.91724,0,14526.5,4.570180,60.11540,0,79.0406,2.320127,60.00699,0,97.8096,0.195184,60.02448,0,54.4908,4.346615,60.09209,0,PMU,14389.2,-0.689536,60.04397,0,14463.6,3.501141,60.06411,0,14531.5,1.412291,59.86479,0,78.8858,-0.832513,59.98485,0,97.374,3.325303,59.94522,0,54.4253,1.190819,59.91291,0,PMU,14473,2.470367,59.94172,0,14390.5,0.376577,59.91640,0,14526.5,4.581759,60.11657,0,78.8875,2.329631,59.95687,0,97.8263,0.206947,60.03147,0,54.5836,4.357479,60.03963,0,PMU,14477.9,2.515085,59.94405,0,14390.3,0.420807,59.91141,0,14523.5,4.626556,60.11540,0,78.7069,2.374274,59.97902,0,97.8656,0.251317,60.03730,0,54.254,4.402376,60.11540,0,PMU
587,4.900000,14411.2,2.825599,60.00117,0,14429.7,0.734439,60.09325,0,14551.6,-1.351154,59.87994,0,79.355,2.682717,59.97553,0,98.4845,0.559927,59.98018,0,54.4647,-1.560987,60.00233,0,PMU,14389.5,2.460967,60.04196,0,14463.1,0.368459,60.06295,0,14532.8,4.563100,59.86478,0,78.9644,2.318845,59.97552,0,97.5562,0.193170,59.96153,0,54.5473,4.340695,59.88693,0,PMU,14470.6,-0.692876,59.93621,0,14390.1,3.496746,59.91607,0,14526.4,1.418273,60.11423,0,79.0319,-0.832574,59.99883,0,97.6822,3.327317,60.03846,0,54.4648,1.194403,60.06844,0,PMU,14391.4,2.472686,60.04430,0,14463.7,0.380221,60.06961,0,14535.4,4.574984,59.87061,0,78.9292,2.330791,60.02215,0,97.5572,0.204811,59.95920,0,54.5527,4.353756,59.92889,0,PMU,14394.6,2.517099,60.03847,0,14460.6,0.424591,60.07227,0,14535,4.619660,59.86828,0,78.6086,2.374701,60.00816,0,97.4661,0.248265,59.94172,0,54.3844,4.396090,59.87994,0,PMU
588,4.908333,14502.8,2.824744,59.98368,0,14380.2,0.728701,59.89043,0,14510.2,-1.345722,60.10375,0,79.2769,2.683816,60.02098,0,98.6057,0.560110,60.00350,0,54.4715,-1.562208,59.97669,0,PMU,14472.1,2.457794,59.93939,0,14390.1,0.364126,59.91724,0,14526.5,4.569143,60.11540,0,79.016,2.319151,60.00583,0,97.862,0.194574,60.02681,0,54.3893,4.344968,60.08160,0,PMU,14388.6,-0.690574,60.04397,0,14463.6,3.500103,60.06411,0,14532.8,1.411376,59.86828,0,78.8866,-0.833306,59.98602,0,97.3764,3.324509,59.94638,0,54.4869,1.190209,59.91990,0,PMU,14473.9,2.469695,59.94288,0,14391.5,0.375844,59.91640,0,14526.9,4.581027,60.11540,0,78.927,2.328777,59.96153,0,98.0914,0.206581,60.03380,0,54.628,4.358090,60.08276,0,PMU,14477.9,2.514231,59.94521,0,14389.8,0.420014,59.91257,0,14523.5,4.625763,60.11656,0,78.722,2.373297,59.97319,0,97.6547,0.250462,60.04196,0,54.2087,4.400912,60.09209,0,PMU
589,4.916667,14412.2,2.824866,60.00233,0,14430.8,0.733645,60.09442,0,14552.5,-1.351948,59.88110,0,79.3152,2.682046,59.96620,0,98.5266,0.559377,59.98601,0,54.4881,-1.561903,60.00583,0,PMU,14389.8,2.460052,60.04313,0,14463.2,0.367482,60.06411,0,14533.1,4.562185,59.86711,0,78.954,2.317991,59.97785,0,97.6649,0.192377,59.95804,0,54.4608,4.340268,59.91024,0,PMU,14469.8,-0.693914,59.93621,0,14389.9,3.495770,59.91724,0,14526.6,1.417357,60.11423,0,79.0858,-0.833672,59.99301,0,97.7554,3.326707,60.04196,0,54.5098,1.193609,60.06495,0,PMU,14393.1,2.471953,60.04313,0,14465.2,0.379445,60.06878,0,14537.1,4.574191,59.86944,0,79.0139,2.329509,60.01399,0,97.7011,0.204018,59.95104,0,54.7223,4.352658,59.89625,0,PMU,14394.6,2.516245,60.03847,0,14460.1,0.423737,60.07111,0,14534.5,4.618805,59.86712,0,78.6081,2.373664,60.00699,0,97.4619,0.247472,59.94289,0,54.3167,4.395907,59.90441,0,PMU
590,4.925000,14503.5,2.823951,59.98251,0,14380.5,0.727908,59.89043,0,14510.7,-1.346515,60.10375,0,79.2288,2.683022,60.01865,0,98.6167,0.559499,60.00233,0,54.4753,-1.562879,59.98135,0,PMU,14472.3,2.456878,59.93939,0,14390.4,0.363210,59.91841,0,14527.1,4.568288,60.11657,0,79.0509,2.318052,60.00117,0,97.8421,0.193659,60.02448,0,54.4282,4.344296,60.07694,0,PMU,14388.3,-0.691594,60.04430,0,14463.6,3.499066,60.06295,0,14532.6,1.410399,59.86712,0,78.9596,-0.834160,59.99067,0,97.4794,3.323655,59.94172,0,54.467,1.188683,59.90591,0,PMU,14476,2.468963,59.94288,0,14393.1,0.375173,59.91840,0,14529.5,4.580417,60.11890,0,78.9307,2.327495,59.96153,0,98.0421,0.205604,60.03031,0,54.4913,4.355221,60.04896,0,PMU,14477.7,2.513437,59.94638,0,14390,0.419159,59.91257,0,14523.9,4.624908,60.11656,0,78.7057,2.372321,59.97436,0,97.7256,0.249547,60.03963,0,54.277,4.400179,60.08160,0,PMU
591,4.933333,14412.7,2.824073,60.00233,0,14431.3,0.732913,60.09559,0,14553.1,-1.352741,59.88110,0,79.2658,2.681252,59.96620,0,98.4992,0.558340,59.97785,0,54.4836,-1.562757,60.00233,0,PMU,14390,2.459136,60.04313,0,14463.4,0.366628,60.06527,0,14533.2,4.561330,59.86711,0,78.9688,2.316892,59.97785,0,97.6166,0.191522,59.95920,0,54.4755,4.339535,59.90908,0,PMU,14468.8,-0.694951,59.93589,0,14389.6,3.494732,59.91724,0,14526.2,1.416320,60.11307,0,79.0683,-0.835137,59.98135,0,97.6684,3.325425,60.03380,0,54.4001,1.191717,60.05795,0,PMU,14394.5,2.471282,60.04430,0,14466.3,0.378835,60.06994,0,14538.4,4.573598,59.86978,0,78.9628,2.328227,60.01399,0,97.6885,0.203163,59.95337,0,54.5126,4.352108,59.94055,0,PMU,14395,2.515451,60.03847,0,14460.5,0.422943,60.07227,0,14535,4.618073,59.86945,0,78.664,2.373358,60.01981,0,97.5079,0.246617,59.94405,0,54.3007,4.394503,59.89159,0,PMU
592,4.941667,14503.8,2.823218,59.98368,0,14380.6,0.727114,59.88926,0,14510.6,-1.347309,60.10375,0,79.2052,2.682473,60.02331,0,98.6045,0.558645,60.00583,0,54.4722,-1.563612,59.98368,0,PMU,14472.9,2.456024,59.94055,0,14391.1,0.362356,59.91841,0,14528.1,4.567372,60.11540,0,79.0559,2.316892,60.00000,0,97.9706,0.192743,60.02331,0,54.4599,4.343747,60.08043,0,PMU,14387.9,-0.692693,60.04313,0,14463.2,3.498028,60.06295,0,14532.5,1.409362,59.86711,0,78.9318,-0.835381,59.99534,0,97.3837,3.322678,59.94754,0,54.4115,1.187767,59.92456,0,PMU,14475.8,2.468291,59.94288,0,14393.5,0.374440,59.91607,0,14529.1,4.579684,60.11624,0,78.8836,2.326946,59.97552,0,97.8795,0.204262,60.02098,0,54.472,4.354061,60.03730,0,PMU,14478.5,2.512722,59.94788,0,14390.5,0.418427,59.91374,0,14524.4,4.624176,60.11656,0,78.7164,2.371222,59.95921,0,97.8267,0.248753,60.04079,0,54.2573,4.400362,60.11191,0,PMU
593,4.950000,14413,2.823280,60.00117,0,14431.4,0.732058,60.09442,0,14553.1,-1.353534,59.88110,0,79.2961,2.680642,59.96503,0,98.6254,0.557913,59.98601,0,54.4738,-1.563856,59.99534,0,PMU,14391,2.458343,60.04430,0,14464.1,0.365835,60.06644,0,14534.7,4.560537,59.86944,0,78.9738,2.315916,59.98135,0,97.549,0.189997,59.94754,0,54.4734,4.338193,59.89392,0,PMU,14468.9,-0.695989,59.93705,0,14389.3,3.493695,59.91724,0,14526.9,1.415343,60.11424,0,79.1022,-0.836236,59.98368,0,97.7731,3.324448,60.03380,0,54.4242,1.190575,60.05362,0,PMU,14394.2,2.470489,60.04196,0,14466.6,0.377980,60.06761,0,14537.5,4.572744,59.86744,0,78.9847,2.327495,60.01049,0,97.5519,0.202553,59.96736,0,54.477,4.351010,59.94172,0,PMU,14396,2.514780,60.03930,0,14461.4,0.422211,60.07227,0,14535.8,4.617340,59.86945,0,78.6303,2.372077,60.01632,0,97.5099,0.245641,59.94056,0,54.3362,4.393404,59.86711,0,PMU
594,4.958333,14504,2.822364,59.98251,0,14381.3,0.726260,59.88926,0,14511.1,-1.348102,60.10375,0,79.2816,2.682046,60.02681,0,98.74,0.558035,60.00233,0,54.4485,-1.564527,59.98718,0,PMU,14473.2,2.455230,59.94055,0,14391.1,0.361684,59.92074,0,14528.8,4.566701,60.11773,0,79.0164,2.315733,59.99650,0,97.6928,0.191828,60.03497,0,54.3713,4.342404,60.08043,0,PMU,14387.8,-0.693670,60.04430,0,14463.3,3.497052,60.06411,0,14532.5,1.408385,59.86711,0,78.9868,-0.835869,60.00699,0,97.4164,3.321763,59.94871,0,54.4306,1.187035,59.93239,0,PMU,14475.9,2.467437,59.94172,0,14393.7,0.373525,59.91491,0,14528.7,4.578708,60.11390,0,78.8939,2.326457,59.98018,0,98.082,0.203956,60.02681,0,54.5368,4.354855,60.07344,0,PMU,14478.8,2.511990,59.94671,0,14391.1,0.417755,59.91491,0,14525.1,4.623443,60.11656,0,78.6388,2.370185,59.96386,0,97.8363,0.247899,60.04313,0,54.2024,4.398714,60.10141,0,PMU
595,4.966667,14413.4,2.822486,60.00233,0,14431.8,0.731265,60.09559,0,14553.5,-1.354328,59.88111,0,79.261,2.680093,59.96270,0,98.6537,0.557424,59.98834,0,54.4522,-1.564771,59.99534,0,PMU,14390.3,2.457549,60.04430,0,14463.6,0.365041,60.06411,0,14534.4,4.559804,59.86828,0,78.9315,2.315061,59.98718,0,97.5288,0.189447,59.95454,0,54.397,4.337399,59.90441,0,PMU,14468,-0.696966,59.93705,0,14388.9,3.492718,59.91724,0,14526,1.414306,60.11307,0,79.0747,-0.837212,59.97435,0,97.7308,3.323472,60.03264,0,54.4206,1.189598,60.04896,0,PMU,14394.1,2.469512,60.03963,0,14466.8,0.377004,60.06644,0,14537.8,4.571706,59.86628,0,78.9733,2.326213,59.99534,0,97.6621,0.201820,59.95920,0,54.6037,4.349667,59.90092,0,PMU,14396,2.513987,60.03813,0,14461.8,0.421479,60.07111,0,14536.2,4.616547,59.86828,0,78.6214,2.371161,60.01865,0,97.5341,0.244603,59.93705,0,54.3879,4.393649,59.90325,0,PMU
596,4.975000,14503.8,2.821571,59.98251,0,14381.1,0.725466,59.88926,0,14511,-1.348896,60.10374,0,79.1899,2.681252,60.02215,0,98.7317,0.557241,59.99650,0,54.4139,-1.565382,59.98834,0,PMU,14472.7,2.454315,59.93822,0,14390.9,0.360769,59.91841,0,14528.4,4.565786,60.11424,0,79.0251,2.315122,60.00117,0,97.7648,0.191095,60.03147,0,54.363,4.341611,60.08043,0,PMU,14387.1,-0.694646,60.04430,0,14463.1,3.496075,60.06411,0,14532.4,1.407348,59.86711,0,78.9762,-0.836602,60.01166,0,97.4122,3.320542,59.94405,0,54.4213,1.185753,59.92656,0,PMU,14475.6,2.466399,59.94055,0,14392.8,0.372609,59.91607,0,14528.9,4.577853,60.11740,0,78.8904,2.325542,59.98718,0,97.9683,0.203224,60.02681,0,54.4286,4.352841,60.06062,0,PMU,14479.9,2.511196,59.94671,0,14392.2,0.417023,59.91491,0,14526.3,4.622589,60.11540,0,78.6574,2.369513,59.96853,0,97.7411,0.246679,60.03963,0,54.3706,4.398165,60.08626,0,PMU
597,4.983333,14412.9,2.821632,60.00117,0,14430.5,0.730349,60.09325,0,14552.8,-1.355243,59.87877,0,79.2496,2.679238,59.96153,0,98.5595,0.556265,59.98135,0,54.4654,-1.565443,59.99883,0,PMU,14390.1,2.456695,60.04546,0,14464.1,0.364187,60.06528,0,14533.9,4.558828,59.86711,0,78.9596,2.314146,59.98135,0,97.5786,0.188593,59.95221,0,54.4283,4.337094,59.91374,0,PMU,14467.5,-0.698064,59.93472,0,14388.4,3.491741,59.91724,0,14525.8,1.413329,60.11424,0,79.1012,-0.838006,59.97319,0,97.5737,3.322007,60.02798,0,54.3879,1.188561,60.05362,0,PMU,14394.1,2.468597,60.04196,0,14466.3,0.376027,60.06528,0,14537,4.570851,59.86628,0,78.9757,2.325359,59.99650,0,97.7126,0.201210,59.96153,0,54.5001,4.349179,59.93006,0,PMU,14396.8,2.513254,60.03930,0,14462.6,0.420746,60.07111,0,14537.2,4.615814,59.87061,0,78.643,2.370490,60.01865,0,97.4193,0.243749,59.94405,0,54.3692,4.392245,59.88693,0,PMU
598,4.991667,14503.4,2.820655,59.98135,0,14378.9,0.724368,59.88576,0,14510.3,-1.349872,60.10258,0,79.2721,2.680398,60.02215,0,98.5781,0.556204,59.99883,0,54.47,-1.565565,59.99767,0,PMU,14472.1,2.453460,59.93822,0,14391,0.359914,59.91840,0,14527.8,4.564870,60.11540,0,79.0713,2.313963,59.99650,0,97.8268,0.190363,60.03380,0,54.4592,4.341733,60.08859,0,PMU,14386.6,-0.695745,60.04430,0,14462.7,3.495037,60.06295,0,14531.6,1.406249,59.86478,0,79.0026,-0.837395,60.01166,0,97.3062,3.319382,59.94988,0,54.4553,1.185387,59.93938,0,PMU,14475.5,2.465484,59.94056,0,14392.7,0.371633,59.91607,0,14528.4,4.576877,60.11507,0,78.8831,2.325176,59.99650,0,97.9072,0.201881,60.01282,0,54.448,4.351559,60.04546,0,PMU,14480.2,2.510464,59.94671,0,14392.5,0.416230,59.91374,0,14526.6,4.621857,60.11540,0,78.6177,2.368537,59.96270,0,97.7708,0.246007,60.04313,0,54.318,4.397860,60.10724,0,PMU
599,5.000000,14412.7,2.820716,60.00117,0,14429.5,0.729129,60.09092,0,14552.4,-1.356159,59.87994,0,79.2544,2.678384,59.96153,0,98.6092,0.555898,59.99417,0,54.4905,-1.566419,59.98368,0,PMU,14389.3,2.455779,60.04430,0,14463.7,0.363332,60.06528,0,14533.8,4.557912,59.86712,0,78.9999,2.313047,59.98251,0,97.5359,0.187616,59.94754,0,54.4882,4.336240,59.89509,0,PMU,14467.2,-0.699102,59.93589,0,14387.9,3.490704,59.91724,0,14525.3,1.412230,60.11424,0,79.1054,-0.838982,59.96969,0,97.5808,3.320725,60.02565,0,54.4293,1.187645,60.04313,0,PMU,14393.4,2.467681,60.04196,0,14466.2,0.375112,60.06644,0,14536.6,4.569936,59.86744,0,78.957,2.324565,59.98834,0,97.6215,0.200189,59.96769,0,54.4823,4.347958,59.93123,0,PMU,14397.2,2.512478,60.03847,0,14462.5,0.419953,60.07111,0,14537.6,4.615021,59.86945,0,78.6288,2.369452,60.01749,0,97.4656,0.243016,59.94288,0,54.4012,4.391146,59.87178,0,PMU
600,5.008333,14503.5,2.819701,59.98061,0,14379.2,0.723330,59.88926,0,14510.1,-1.350788,60.10258,0,79.3265,2.679849,60.02798,0,98.7843,0.555837,59.99883,0,54.4772,-1.566725,59.99417,0,PMU,14471.6,2.452545,59.93822,0,14390.3,0.358999,59.91724,0,14526.1,4.563894,60.11423,0,79.0396,2.312742,59.99417,0,97.7137,0.189447,60.03497,0,54.3835,4.340329,60.07810,0,PMU,14386.3,-0.696782,60.04430,0,14462.3,3.493939,60.06178,0,14531.1,1.405211,59.86595,0,78.9546,-0.838555,60.00816,0,97.2911,3.318406,59.95570,0,54.4451,1.184288,59.93589,0,PMU,14475.2,2.464629,59.94172,0,14392,0.370778,59.91724,0,14527.6,4.576022,60.11624,0,78.9098,2.324565,60.00000,0,98.0634,0.201149,60.01832,0,54.5149,4.352047,60.07810,0,PMU,14479.8,2.509671,59.94638,0,14392.6,0.415436,59.91374,0,14526.6,4.621063,60.11540,0,78.5961,2.367866,59.96969,0,97.8103,0.245580,60.04896,0,54.294,4.396334,60.09908,0,PMU
601,5.016667,14412.3,2.819823,60.00233,0,14428.8,0.728335,60.09559,0,14552.6,-1.357074,59.87994,0,79.2436,2.677651,59.95804,0,98.6763,0.555349,59.99067,0,54.4803,-1.567457,59.98601,0,PMU,14389,2.454864,60.04430,0,14462.9,0.362417,60.06528,0,14532,4.556753,59.86362,0,78.925,2.311704,59.98018,0,97.4758,0.186640,59.94638,0,54.4059,4.335202,59.90208,0,PMU,14466.8,-0.700139,59.93589,0,14387.8,3.489607,59.91728,0,14524.6,1.411132,60.11307,0,79.02,-0.840386,59.96503,0,97.6493,3.319871,60.02798,0,54.4255,1.186669,60.04546,0,PMU,14392.6,2.466765,60.04079,0,14465.7,0.374196,60.06528,0,14535.8,4.568959,59.86511,0,78.9659,2.323423,59.97818,0,97.6569,0.199030,59.95953,0,54.5744,4.346615,59.89626,0,PMU,14396.5,2.511563,60.03614,0,14462.3,0.419098,60.06994,0,14537.4,4.614166,59.86828,0,78.6139,2.368415,60.01049,0,97.5014,0.242467,59.94055,0,54.4415,4.391329,59.90441,0,PMU
602,5.025000,14503,2.818785,59.98018,0,14376.9,0.722537,59.88926,0,14510.1,-1.351581,60.10491,0,79.2803,2.678872,60.02331,0,98.6842,0.554922,59.99184,0,54.4309,-1.567579,59.99767,0,PMU,14471.3,2.451568,59.93705,0,14390,0.358022,59.91607,0,14526,4.562673,60.11307,0,79.0471,2.311887,60.00350,0,97.7567,0.188593,60.03730,0,54.4341,4.339413,60.08043,0,PMU,14386.5,-0.697820,60.04430,0,14462.4,3.492901,60.06291,0,14531.3,1.404113,59.86595,0,78.9438,-0.839348,60.01982,0,97.3606,3.317246,59.94988,0,54.476,1.183190,59.93356,0,PMU,14474.7,2.463653,59.94056,0,14392.2,0.369863,59.91724,0,14528.1,4.575045,60.11624,0,78.9333,2.323606,60.00350,0,97.8981,0.200006,60.01865,0,54.419,4.349606,60.05711,0,PMU,14480.2,2.508816,59.94754,0,14392.7,0.414643,59.91491,0,14526.6,4.620209,60.11540,0,78.5953,2.367133,59.97552,0,97.7671,0.244725,60.04313,0,54.4062,4.395480,60.07927,0,PMU
603,5.033333,14412.1,2.818907,60.00233,0,14427.5,0.727481,60.09442,0,14552.6,-1.357929,59.87877,0,79.2211,2.676980,59.96386,0,98.5728,0.553945,59.98135,0,54.4384,-1.568617,59.98018,0,PMU,14389.1,2.453948,60.04546,0,14463.3,0.361379,60.06411,0,14532.1,4.555776,59.86828,0,78.9233,2.310728,59.97785,0,97.4614,0.185907,59.94871,0,54.4716,4.334714,59.91024,0,PMU,14466.7,-0.701177,59.93589,0,14387.8,3.488631,59.91844,0,14525.2,1.410094,60.11424,0,78.9763,-0.841424,59.96037,0,97.5221,3.318711,60.02798,0,54.3827,1.185448,60.04313,0,PMU,14392.3,2.465789,60.04080,0,14465.3,0.373220,60.06411,0,14535.7,4.568044,59.86628,0,78.9612,2.322263,59.97435,0,97.7133,0.198053,59.96270,0,54.5017,4.345883,59.92890,0,PMU,14396.1,2.510769,60.03730,0,14462.2,0.418305,60.06994,0,14537.1,4.613373,59.86944,0,78.6656,2.367682,60.01049,0,97.397,0.241491,59.93822,0,54.3837,4.389887,59.89318,0,PMU
604,5.041667,14502.7,2.817870,59.98018,0,14377,0.721684,59.88930,0,14510.2,-1.352558,60.10258,0,79.2897,2.678018,60.01982,0,98.6281,0.553762,59.99650,0,54.4248,-1.568617,60.00000,0,PMU,14471.4,2.450652,59.93705,0,14390.2,0.357046,59.91724,0,14526,4.561757,60.11423,0,79.0427,2.310911,60.00350,0,97.8519,0.188043,60.04080,0,54.4848,4.338681,60.07577,0,PMU,14386.6,-0.698858,60.04430,0,14462.4,3.491925,60.06291,0,14531.6,1.403136,59.86711,0,78.9064,-0.840447,60.01865,0,97.2178,3.316209,59.95221,0,54.4559,1.182213,59.93822,0,PMU,14474.5,2.462676,59.94055,0,14392.1,0.368947,59.91840,0,14528.2,4.574130,60.11624,0,78.9769,2.323179,60.01749,0,97.9466,0.198847,60.01515,0,54.476,4.348812,60.05595,0,PMU,14479.4,2.507962,59.94638,0,14392.7,0.413727,59.91257,0,14525.8,4.619293,60.11307,0,78.6031,2.366279,59.97319,0,97.7875,0.243749,60.04313,0,54.3478,4.394991,60.09749,0,PMU
605,5.050000,14412.2,2.817992,60.00233,0,14427.8,0.726565,60.09321,0,14553.1,-1.358844,59.87994,0,79.1868,2.675881,59.95920,0,98.6167,0.553213,59.98951,0,54.4307,-1.569837,59.97669,0,PMU,14389.5,2.453033,60.04546,0,14463.9,0.360464,60.06528,0,14532.6,4.554861,59.86828,0,78.9237,2.309995,59.98251,0,97.5677,0.184748,59.93706,0,54.4628,4.333005,59.89159,0,PMU,14466.9,-0.702092,59.93822,0,14388,3.487715,59.91961,0,14525.8,1.409179,60.11540,0,78.9608,-0.842217,59.96620,0,97.5224,3.317796,60.03031,0,54.4136,1.184410,60.04196,0,PMU,14392.1,2.464874,60.04196,0,14465.1,0.372365,60.06528,0,14535.3,4.567128,59.86628,0,78.9984,2.321958,59.97669,0,97.6727,0.197077,59.96620,0,54.4791,4.344845,59.92424,0,PMU,14395.7,2.509915,60.03730,0,14462.3,0.417389,60.06994,0,14536.8,4.612457,59.86944,0,78.6128,2.366706,60.00816,0,97.4459,0.240453,59.93705,0,54.4054,4.388605,59.87803,0,PMU
606,5.058333,14502.7,2.817076,59.98251,0,14377.3,0.720830,59.89047,0,14510.4,-1.353412,60.10374,0,79.2854,2.676980,60.02098,0,98.745,0.553213,60.00000,0,54.4338,-1.569349,60.00933,0,PMU,14471.1,2.449754,59.93738,0,14390.4,0.356191,59.91840,0,14525.9,4.560964,60.11656,0,79.0262,2.309873,59.99767,0,97.6547,0.186579,60.03497,0,54.3933,4.336972,60.07577,0,PMU,14387.2,-0.699712,60.04546,0,14463.2,3.491070,60.06407,0,14532,1.402282,59.86828,0,78.9325,-0.841057,60.02215,0,97.344,3.315659,59.95920,0,54.5239,1.181664,59.94754,0,PMU,14474.1,2.461822,59.94172,0,14391.4,0.368032,59.91724,0,14527.5,4.573171,60.11540,0,78.9896,2.322508,60.01049,0,97.9056,0.197809,60.01399,0,54.4626,4.349179,60.08276,0,PMU,14478.8,2.507046,59.94521,0,14392.4,0.412812,59.91257,0,14524.9,4.618378,60.11307,0,78.5377,2.365729,59.98135,0,97.6901,0.243138,60.05129,0,54.2959,4.393160,60.08700,0,PMU
607,5.066667,14412,2.817198,60.00233,0,14425.3,0.725283,60.08505,0,14546.8,-1.359760,59.87877,0,79.142,2.675027,59.96270,0,99.4685,0.559560,60.12123,0,55.4083,4.707280,59.87478,0,PMU,14389.2,2.452056,60.04397,0,14463.6,0.359548,60.06411,0,14531.5,4.553884,59.86479,0,78.8858,2.309080,59.98485,0,97.374,0.183710,59.94522,0,54.4253,4.332412,59.91291,0,PMU,14467.5,-0.702886,59.93938,0,14388.6,3.486922,59.92078,0,14526,1.408385,60.11657,0,78.9421,-0.843011,59.96270,0,97.6088,3.317429,60.03380,0,54.4677,1.184288,60.05012,0,PMU,14390.8,2.463958,60.04080,0,14464.3,0.371450,60.06528,0,14534,4.566091,59.86478,0,78.9286,2.320738,59.96620,0,97.5128,0.195490,59.95570,0,54.5021,4.343259,59.88693,0,PMU,14395.6,2.508999,60.03730,0,14462.2,0.416474,60.06994,0,14536.9,4.611481,59.86828,0,78.6106,2.365912,60.00350,0,97.6002,0.240026,59.94055,0,54.4279,4.388361,59.90833,0,PMU
608,5.075000,14501.2,2.816039,59.97785,0,14093.1,0.721318,59.92427,0,14378.1,-1.334921,60.47439,0,79.2486,2.675454,60.00816,0,129.659,0.538443,59.59668,0,76.6822,4.313125,52.47220,0,PMU,14470.6,2.448716,59.93621,0,14390.1,0.355154,59.91607,0,14526.4,4.559865,60.11423,0,79.0319,2.309019,59.99883,0,97.6822,0.185724,60.03846,0,54.4648,4.335995,60.06844,0,PMU,14386.9,-0.700506,60.04546,0,14463.4,3.490218,60.06295,0,14532.1,1.401427,59.86711,0,78.8753,-0.841973,60.01982,0,97.3602,3.315110,59.95570,0,54.5087,1.180077,59.91957,0,PMU,14472.5,2.460723,59.93822,0,14390.7,0.367116,59.91724,0,14527.3,4.572133,60.11540,0,78.9843,2.321592,60.01632,0,97.698,0.196527,60.01982,0,54.3741,4.347287,60.07694,0,PMU,14479.1,2.506192,59.94638,0,14392.4,0.411957,59.91374,0,14525.7,4.617523,60.11540,0,78.57,2.364997,59.98251,0,97.8366,0.242162,60.04080,0,54.3705,4.391695,60.06369,0,PMU
609,5.083333,14392.7,2.813597,59.95337,0,11629,0.582137,57.34184,1,11726.7,-1.212957,62.32934,1,79.285,2.667094,59.84034,0,767.867,0.128310,52.16705,1,718.532,3.308642,40.81580,1,PMU,14388.6,2.451019,60.04397,0,14463.6,0.358511,60.06411,0,14532.8,4.552969,59.86828,0,78.8866,2.308287,59.98602,0,97.3764,0.182917,59.94638,0,54.4869,4.331801,59.91990,0,PMU,14467.5,-0.703740,59.93822,0,14388.4,3.486006,59.91957,0,14526.2,1.407531,60.11657,0,78.8956,-0.843804,59.96503,0,97.6477,3.316636,60.02914,0,54.372,1.182824,60.05246,0,PMU,14390.1,2.462859,60.04080,0,14463.4,0.370473,60.06411,0,14534,4.565114,59.86595,0,78.9988,2.320554,59.98018,0,97.4556,0.194696,59.96503,0,54.5079,4.343503,59.92773,0,PMU,14395.5,2.508145,60.03730,0,14462,0.415619,60.06994,0,14537.1,4.610749,59.87061,0,78.6369,2.364875,59.99767,0,97.5144,0.238988,59.93939,0,54.2962,4.386286,59.89668,0,PMU
610,5.091667,14440,2.804625,59.82865,0,10631.6,0.342277,55.41901,1,9267.77,-1.176354,60.69907,1,83.6504,2.652568,59.72257,0,1686.31,0.003034,57.60740,1,1622.42,3.149449,56.95962,1,POW,14469.8,2.447679,59.93621,0,14389.9,0.354177,59.91724,0,14526.6,4.558950,60.11423,0,79.0858,2.307920,59.99301,0,97.7554,0.185114,60.04196,0,54.5098,4.335202,60.06495,0,PMU,14387.2,-0.701360,60.04546,0,14463.1,3.489302,60.06295,0,14531.7,1.400575,59.86715,0,78.9202,-0.842583,60.02331,0,97.3278,3.314072,59.95104,0,54.4723,1.179222,59.93122,0,PMU,14472.7,2.459686,59.93938,0,14390.1,0.366140,59.91724,0,14527.1,4.571157,60.11540,0,79.0559,2.321470,60.01749,0,97.7108,0.195673,60.01865,0,54.4787,4.346554,60.05828,0,PMU,14478.8,2.505398,59.94754,0,14392.4,0.411044,59.91262,0,14524.6,4.616669,60.11307,0,78.5455,2.364142,59.98601,0,97.8775,0.241368,60.04546,0,54.2916,4.391512,60.09983,0,PMU
611,5.100000,14351.4,2.799926,59.91024,0,13371.6,0.532647,63.63578,1,12735.4,-1.402770,55.67577,1,90.1176,2.646526,59.88460,0,473.911,-0.001142,59.92024,1,192.984,3.046361,58.03117,1,POW,14388.3,2.449998,60.04430,0,14463.6,0.357473,60.06295,0,14532.6,4.551992,59.86712,0,78.9596,2.307432,59.99067,0,97.4794,0.182062,59.94172,0,54.467,4.330276,59.90591,0,PMU,14467.4,-0.704595,59.93822,0,14388.4,3.485152,59.92073,0,14525.9,1.406676,60.11653,0,78.9018,-0.844475,59.96386,0,97.6273,3.315781,60.03264,0,54.3838,1.182030,60.05362,0,PMU,14389.9,2.461883,60.04196,0,14463.6,0.369497,60.06411,0,14533.4,4.564138,59.86595,0,78.9636,2.319761,59.96736,0,97.4029,0.193903,59.96620,0,54.4767,4.341794,59.90908,0,PMU,14395.1,2.507412,60.03847,0,14461.5,0.414826,60.07223,0,14536.9,4.609894,59.87061,0,78.5782,2.363715,59.99184,0,97.6506,0.238256,59.94055,0,54.3661,4.385736,59.88968,0,PMU
612,5.108333,14458.9,2.802367,60.04663,0,13578.8,0.625958,61.78212,1,14163.9,-1.381166,60.41260,1,87.416,2.631346,59.71008,0,379.064,0.200372,63.84864,1,107.322,4.283770,83.63277,1,POW,14468.8,2.446641,59.93589,0,14389.6,0.353140,59.91724,0,14526.2,4.557912,60.11307,0,79.0683,2.306456,59.98135,0,97.6684,0.183832,60.03380,0,54.4001,4.333310,60.05795,0,PMU,14386.6,-0.702276,60.04430,0,14462.4,3.488387,60.06178,0,14530.8,1.399659,59.86599,0,78.9353,-0.843499,60.01865,0,97.3696,3.313340,59.95337,0,54.4902,1.178368,59.93006,0,PMU,14472.4,2.458770,59.94055,0,14390.2,0.365163,59.91724,0,14526.5,4.570180,60.11540,0,79.0406,2.320127,60.00699,0,97.8096,0.195184,60.02448,0,54.4908,4.346615,60.09209,0,PMU,14478.3,2.504605,59.94638,0,14391.6,0.410250,59.91262,0,14524.4,4.615936,60.11540,0,78.475,2.363288,59.99184,0,97.9346,0.240270,60.03847,0,54.2159,4.389703,60.07577,0,PMU
613,5.116667,14346.8,2.808836,60.12356,0,13573.4,0.667747,60.79811,1,14232.5,-1.366901,60.27244,1,85.3548,2.624998,59.87877,0,316.608,0.053978,57.20408,1,89.727,4.080101,56.11021,1,POW,14387.9,2.448900,60.04313,0,14463.2,0.356435,60.06295,0,14532.5,4.550954,59.86711,0,78.9318,2.306211,59.99534,0,97.3837,0.181086,59.94754,0,54.4115,4.329360,59.92456,0,PMU,14467.1,-0.705510,59.93822,0,14388.1,3.484175,59.91957,0,14525.1,1.405700,60.11536,0,78.8913,-0.845513,59.96153,0,97.6267,3.314866,60.02914,0,54.4277,1.181603,60.06178,0,PMU,14389.5,2.460967,60.04196,0,14463.1,0.368459,60.06295,0,14532.8,4.563100,59.86478,0,78.9644,2.318845,59.97552,0,97.5562,0.193170,59.96153,0,54.5473,4.340695,59.88693,0,PMU,14394.6,2.506558,60.03730,0,14461.2,0.413971,60.07107,0,14536.6,4.609040,59.86828,0,78.5505,2.362861,59.99184,0,97.6543,0.237218,59.94172,0,54.314,4.385736,59.92423,0,PMU
614,5.125000,14438.7,2.810057,60.02331,0,13710.1,0.683372,60.29841,0,14315.3,-1.362628,60.08160,0,81.3149,2.609923,59.71208,0,222.602,0.125686,61.36951,1,68.3888,4.555288,69.07541,1,POW,14468.9,2.445604,59.93705,0,14389.3,0.352102,59.91724,0,14526.9,4.556936,60.11424,0,79.1022,2.305357,59.98368,0,97.7731,0.182856,60.03380,0,54.4242,4.332168,60.05362,0,PMU,14386.5,-0.703191,60.04430,0,14462.2,3.487471,60.06295,0,14530.4,1.398683,59.86599,0,78.9139,-0.844781,60.01399,0,97.3373,3.312424,59.95337,0,54.5116,1.176842,59.90908,0,PMU,14472.1,2.457794,59.93939,0,14390.1,0.364126,59.91724,0,14526.5,4.569143,60.11540,0,79.016,2.319151,60.00583,0,97.862,0.194574,60.02681,0,54.3893,4.344968,60.08160,0,PMU,14478.1,2.503811,59.94754,0,14391.9,0.409457,59.91378,0,14524.5,4.615021,60.11424,0,78.5096,2.362922,60.00117,0,97.9023,0.239232,60.03847,0,54.3147,4.389215,60.06644,0,PMU
615,5.133333,14359.3,2.810912,60.01632,0,13902.1,0.697698,60.27361,0,14381.3,-1.368366,59.89043,0,80.4739,2.627989,60.34504,0,230.92,0.175837,60.95781,0,77.9443,4.285234,54.84236,0,POW,14387.8,2.447923,60.04430,0,14463.3,0.355459,60.06411,0,14532.5,4.549978,59.86711,0,78.9868,2.305723,60.00699,0,97.4164,0.180170,59.94871,0,54.4306,4.328628,59.93239,0,PMU,14466.6,-0.706487,59.93705,0,14388,3.483260,59.91957,0,14525.4,1.404784,60.11653,0,78.8619,-0.846673,59.96386,0,97.6326,3.313889,60.02798,0,54.3567,1.180260,60.06528,0,PMU,14389.8,2.460052,60.04313,0,14463.2,0.367482,60.06411,0,14533.1,4.562185,59.86711,0,78.954,2.317991,59.97785,0,97.6649,0.192377,59.95804,0,54.4608,4.340268,59.91024,0,PMU,14393.6,2.505764,60.03730,0,14461,0.413178,60.07107,0,14536.1,4.608185,59.86944,0,78.5857,2.361945,59.98135,0,97.5716,0.236852,59.95454,0,54.2911,4.384454,59.90908,0,PMU
616,5.141667,14469.7,2.809569,59.97435,0,14019.9,0.694097,59.93122,0,14431.6,-1.365436,60.05595,0,81.8186,2.645671,60.33771,0,165.921,0.263280,61.67004,0,68.5334,-1.530121,68.93489,0,POW,14468,2.444627,59.93705,0,14388.9,0.351125,59.91724,0,14526,4.555898,60.11307,0,79.0747,2.304380,59.97435,0,97.7308,0.181879,60.03264,0,54.4206,4.331191,60.04896,0,PMU,14386.7,-0.704168,60.04430,0,14462.5,3.486495,60.06178,0,14530.6,1.397767,59.86599,0,78.934,-0.846123,60.01049,0,97.3079,3.311206,59.94875,0,54.4874,1.175988,59.91840,0,PMU,14472.3,2.456878,59.93939,0,14390.4,0.363210,59.91841,0,14527.1,4.568288,60.11657,0,79.0509,2.318052,60.00117,0,97.8421,0.193659,60.02448,0,54.4282,4.344296,60.07694,0,PMU,14477.1,2.502957,59.94638,0,14391.1,0.408602,59.91262,0,14523.5,4.614227,60.11540,0,78.5798,2.362311,60.00699,0,98.0564,0.239415,60.04896,0,54.3019,4.389642,60.09908,0,PMU
617,5.150000,14390.4,2.810301,60.01399,0,14161.1,0.705327,60.21449,0,14456.8,-1.368915,59.93356,0,81.1357,2.646160,60.00933,0,174.744,0.233617,59.43348,0,72.9238,4.349911,52.30035,0,POW,14387.1,2.446946,60.04430,0,14463.1,0.354482,60.06411,0,14532.4,4.548940,59.86711,0,78.9762,2.304991,60.01166,0,97.4122,0.178949,59.94405,0,54.4213,4.327346,59.92656,0,PMU,14467.6,-0.707402,59.93822,0,14389.2,3.482344,59.92073,0,14527,1.403808,60.11536,0,78.8796,-0.847649,59.97086,0,97.6292,3.312669,60.02793,0,54.3999,1.179161,60.06062,0,PMU,14390,2.459136,60.04313,0,14463.4,0.366628,60.06527,0,14533.2,4.561330,59.86711,0,78.9688,2.316892,59.97785,0,97.6166,0.191522,59.95920,0,54.4755,4.339535,59.90908,0,PMU,14393,2.504910,60.03730,0,14460.4,0.412323,60.07107,0,14535.5,4.607392,59.86944,0,78.6444,2.361335,59.98135,0,97.7797,0.236547,59.94521,0,54.3831,4.384210,59.89625,0,PMU
618,5.158333,14491.7,2.809752,59.98951,0,14210.1,0.702337,59.94288,0,14464.9,-1.362384,60.12473,0,80.5581,2.657146,60.20982,0,119.68,0.346001,62.14637,0,61.353,-1.530732,67.68800,0,POW,14467.5,2.443528,59.93472,0,14388.4,0.350149,59.91724,0,14525.8,4.554922,60.11424,0,79.1012,2.303587,59.97319,0,97.5737,0.180414,60.02798,0,54.3879,4.330153,60.05362,0,PMU,14388.8,-0.705083,60.04429,0,14464.9,3.485640,60.06295,0,14533,1.396852,59.86715,0,78.9839,-0.847283,60.00699,0,97.4002,3.309924,59.94759,0,54.5336,1.174645,59.91374,0,PMU,14472.9,2.456024,59.94055,0,14391.1,0.362356,59.91841,0,14528.1,4.567372,60.11540,0,79.0559,2.316892,60.00000,0,97.9706,0.192743,60.02331,0,54.4599,4.343747,60.08043,0,PMU,14477,2.502102,59.94638,0,14390.3,0.407748,59.91262,0,14523.3,4.613495,60.11657,0,78.6221,2.361884,60.01049,0,98.0722,0.238988,60.04663,0,54.2562,4.388300,60.07810,0,PMU
619,5.166667,14398.2,2.810973,60.02331,0,14281.4,0.716191,60.26460,0,14471.4,-1.366718,59.91724,0,79.6407,2.656780,59.99301,0,138.16,0.302261,59.16464,0,66.1488,4.370905,52.71296,0,POW,14386.6,2.445848,60.04430,0,14462.7,0.353445,60.06295,0,14531.6,4.547842,59.86478,0,79.0026,2.304197,60.01166,0,97.3062,0.177790,59.94988,0,54.4553,4.326980,59.93938,0,PMU,14469.5,-0.708318,59.93822,0,14391,3.481490,59.92073,0,14529,1.402953,60.11653,0,78.9034,-0.848563,59.97556,0,97.6097,3.311389,60.02798,0,54.4511,1.178978,60.08276,0,PMU,14391,2.458343,60.04430,0,14464.1,0.365835,60.06644,0,14534.7,4.560537,59.86944,0,78.9738,2.315916,59.98135,0,97.549,0.189997,59.94754,0,54.4734,4.338193,59.89392,0,PMU,14392.1,2.504116,60.03847,0,14459.9,0.411530,60.07223,0,14534.6,4.606598,59.86828,0,78.6268,2.360663,59.97669,0,97.723,0.236119,59.94521,0,54.3388,4.384210,59.92190,0,PMU
620,5.175000,14490.7,2.810118,59.98368,0,14280.5,0.711309,59.90675,0,14475.5,-1.362140,60.08743,0,78.9829,2.657878,60.02098,0,99.3152,0.468214,63.16946,0,59.8114,-1.513461,67.61689,0,POW,14467.2,2.442491,59.93589,0,14387.9,0.349111,59.91724,0,14525.3,4.553823,60.11424,0,79.1054,2.302610,59.96969,0,97.5808,0.179133,60.02565,0,54.4293,4.329238,60.04313,0,PMU,14389.7,-0.705999,60.04429,0,14466.1,3.484725,60.06178,0,14534,1.395875,59.86482,0,78.9342,-0.848685,59.99767,0,97.326,3.308642,59.94754,0,54.5136,1.173058,59.88693,0,PMU,14473.2,2.455230,59.94055,0,14391.1,0.361684,59.92074,0,14528.8,4.566701,60.11773,0,79.0164,2.315733,59.99650,0,97.6928,0.191828,60.03497,0,54.3713,4.342404,60.08043,0,PMU,14476.3,2.501309,59.94638,0,14390.1,0.407015,59.91378,0,14522.9,4.612702,60.11657,0,78.642,2.361274,60.01166,0,98.0231,0.238073,60.03730,0,54.32,4.387262,60.05828,0,PMU
621,5.183333,14398.5,2.810728,60.01166,0,14327.8,0.719914,60.16436,0,14490.7,-1.367694,59.89392,0,78.8229,2.656841,59.98018,0,124.437,0.372304,58.16826,0,64.4837,4.410250,53.13454,0,POW,14386.3,2.444810,60.04430,0,14462.3,0.352346,60.06178,0,14531.1,4.546804,59.86595,0,78.9546,2.303038,60.00816,0,97.2911,0.176813,59.95570,0,54.4451,4.325881,59.93589,0,PMU,14470.4,-0.709294,59.93706,0,14391.6,3.480513,59.91957,0,14530.2,1.401976,60.11653,0,78.8364,-0.849600,59.98251,0,97.5836,3.310229,60.03031,0,54.367,1.177513,60.08509,0,PMU,14390.3,2.457549,60.04430,0,14463.6,0.365041,60.06411,0,14534.4,4.559804,59.86828,0,78.9315,2.315061,59.98718,0,97.5288,0.189447,59.95454,0,54.397,4.337399,59.90441,0,PMU,14392,2.503384,60.03963,0,14460.3,0.410800,60.07227,0,14534.9,4.605805,59.86828,0,78.6425,2.359809,59.97202,0,97.7053,0.235265,59.94638,0,54.3074,4.382623,59.91141,0,PMU
622,5.191667,14494.6,2.809264,59.97202,0,14322,0.710027,59.81116,0,14493.7,-1.362689,60.09559,0,79.1643,2.660381,60.06761,0,95.5896,0.528801,62.98887,0,57.9747,-1.505099,67.02515,0,POW,14466.8,2.441453,59.93589,0,14387.8,0.348015,59.91728,0,14524.6,4.552724,60.11307,0,79.02,2.301207,59.96503,0,97.6493,0.178278,60.02798,0,54.4255,4.328261,60.04546,0,PMU,14389.7,-0.707036,60.04313,0,14466.2,3.483687,60.06061,0,14534.5,1.394899,59.86482,0,78.9204,-0.849722,59.99767,0,97.2937,3.307849,59.95454,0,54.4816,1.172448,59.90325,0,PMU,14472.7,2.454315,59.93822,0,14390.9,0.360769,59.91841,0,14528.4,4.565786,60.11424,0,79.0251,2.315122,60.00117,0,97.7648,0.191095,60.03147,0,54.363,4.341611,60.08043,0,PMU,14476.6,2.500637,59.94754,0,14390.3,0.406344,59.91491,0,14523.1,4.612030,60.11890,0,78.6707,2.360602,60.01515,0,98.0553,0.237462,60.04196,0,54.3057,4.387628,60.09559,0,PMU
623,5.200000,14401.4,2.809386,60.00233,0,14363.4,0.717473,60.14221,0,14503.9,-1.368061,59.89742,0,80.082,2.655803,59.91257,0,119.529,0.392611,57.39897,0,61.0041,4.431671,53.38396,0,POW,14386.5,2.443773,60.04430,0,14462.4,0.351308,60.06291,0,14531.3,4.545705,59.86595,0,78.9438,2.302244,60.01982,0,97.3606,0.175654,59.94988,0,54.476,4.324782,59.93356,0,PMU,14470.9,-0.710332,59.93705,0,14391.6,3.479415,59.91840,0,14530.7,1.400939,60.11536,0,78.8656,-0.850333,59.98834,0,97.6522,3.309680,60.03497,0,54.3918,1.176903,60.08509,0,PMU,14390.1,2.456695,60.04546,0,14464.1,0.364187,60.06528,0,14533.9,4.558828,59.86711,0,78.9596,2.314146,59.98135,0,97.5786,0.188593,59.95221,0,54.4283,4.337094,59.91374,0,PMU,14392.4,2.502713,60.03963,0,14460.7,0.410189,60.07344,0,14534.7,4.605133,59.86828,0,78.6432,2.359076,59.97086,0,97.7191,0.234716,59.94754,0,54.3935,4.381830,59.88926,0,PMU
624,5.208333,14497.5,2.808043,59.97436,0,14345.3,0.709600,59.84963,0,14500,-1.362628,60.10375,0,80.3546,2.655864,60.00117,0,93.373,0.538687,62.78983,0,55.9788,-1.504123,66.63469,0,POW,14466.7,2.440416,59.93589,0,14387.8,0.347038,59.91844,0,14525.2,4.551687,60.11424,0,78.9763,2.300169,59.96037,0,97.5221,0.177118,60.02798,0,54.3827,4.327041,60.04313,0,PMU,14389.9,-0.708074,60.04313,0,14466.7,3.482649,60.06178,0,14534.9,1.393861,59.86482,0,78.9258,-0.850882,59.98951,0,97.5191,3.307361,59.95570,0,54.481,1.171593,59.89859,0,PMU,14472.1,2.453460,59.93822,0,14391,0.359914,59.91840,0,14527.8,4.564870,60.11540,0,79.0713,2.313963,59.99650,0,97.8268,0.190363,60.03380,0,54.4592,4.341733,60.08859,0,PMU,14477.1,2.499966,59.94754,0,14390.8,0.405673,59.91374,0,14523.9,4.611359,60.11890,0,78.7131,2.360053,60.01865,0,98.0071,0.236791,60.03963,0,54.2644,4.385736,60.07460,0,PMU
625,5.216667,14403.4,2.808653,60.01165,0,14376.6,0.718511,60.17019,0,14506.7,-1.368305,59.89159,0,80.3965,2.653972,59.96386,0,115.98,0.406954,57.48410,0,59.9201,4.447051,53.65906,0,POW,14386.6,2.442735,60.04430,0,14462.4,0.350332,60.06291,0,14531.6,4.544729,59.86711,0,78.9064,2.301146,60.01865,0,97.2178,0.174616,59.95221,0,54.4559,4.323806,59.93822,0,PMU,14471.1,-0.711309,59.93822,0,14392.8,3.478438,59.91957,0,14531.3,1.399903,60.11540,0,78.8861,-0.851126,59.99534,0,97.7964,3.308704,60.02565,0,54.4508,1.176537,60.09442,0,PMU,14389.3,2.455779,60.04430,0,14463.7,0.363332,60.06528,0,14533.8,4.557912,59.86712,0,78.9999,2.313047,59.98251,0,97.5359,0.187616,59.94754,0,54.4882,4.336240,59.89509,0,PMU,14393.3,2.502102,60.04080,0,14461.9,0.409518,60.07344,0,14535.1,4.604403,59.86715,0,78.6469,2.358588,59.97202,0,97.7034,0.233800,59.94288,0,54.3948,4.381830,59.92540,0,PMU
626,5.225000,14496.7,2.807555,59.97902,0,14347.7,0.710881,59.85429,0,14500.5,-1.363178,60.09792,0,79.8321,2.652141,59.96503,0,92.0316,0.544668,62.63014,0,55.7678,-1.514682,66.13929,0,POW,14466.9,2.439500,59.93822,0,14388,0.346123,59.91961,0,14525.8,4.550771,60.11540,0,78.9608,2.299376,59.96620,0,97.5224,0.176203,60.03031,0,54.4136,4.326003,60.04196,0,PMU,14389.9,-0.709050,60.04313,0,14467.6,3.481734,60.06295,0,14535.1,1.392823,59.86478,0,78.9601,-0.851736,59.98834,0,97.4547,3.306201,59.95221,0,54.5282,1.170495,59.88460,0,PMU,14471.6,2.452545,59.93822,0,14390.3,0.358999,59.91724,0,14526.1,4.563894,60.11423,0,79.0396,2.312742,59.99417,0,97.7137,0.189447,60.03497,0,54.3835,4.340329,60.07810,0,PMU,14478.4,2.499295,59.94638,0,14391.6,0.405001,59.91374,0,14525.8,4.610687,60.12002,0,78.7007,2.359138,60.01049,0,98.0348,0.236058,60.04313,0,54.3962,4.384943,60.05945,0,PMU
627,5.233333,14402.9,2.808043,60.00933,0,14381.9,0.717961,60.13522,0,14510.8,-1.369403,59.88110,0,79.9328,2.653911,60.03380,0,113.344,0.421234,57.64259,0,59.7571,4.475964,54.41291,0,PMU,14387.2,2.441881,60.04546,0,14463.2,0.349477,60.06407,0,14532,4.543874,59.86828,0,78.9325,2.300535,60.02215,0,97.344,0.174067,59.95920,0,54.5239,4.323257,59.94754,0,PMU,14470.7,-0.712346,59.93705,0,14392.7,3.477461,59.91840,0,14531.5,1.398866,60.11540,0,78.9161,-0.852286,59.98951,0,97.7142,3.307544,60.02565,0,54.3995,1.175194,60.08976,0,PMU,14389,2.454864,60.04430,0,14462.9,0.362417,60.06528,0,14532,4.556753,59.86362,0,78.925,2.311704,59.98018,0,97.4758,0.186640,59.94638,0,54.4059,4.335202,59.90208,0,PMU,14394.8,2.501431,60.04080,0,14462.7,0.408846,60.07344,0,14536.1,4.603793,59.86832,0,78.6254,2.357795,59.97435,0,97.7443,0.233068,59.94288,0,54.3772,4.380060,59.90675,0,PMU
628,5.241667,14496.8,2.806700,59.97435,0,14357.2,0.709355,59.83564,0,14504.1,-1.364154,60.10025,0,80.0031,2.653484,59.99184,0,92.6741,0.549551,62.45067,0,56.0646,-1.522494,65.43788,0,PMU,14467.5,2.438707,59.93938,0,14388.6,0.345329,59.92078,0,14526,4.549978,60.11657,0,78.9421,2.298582,59.96270,0,97.6088,0.175837,60.03380,0,54.4677,4.325881,60.05012,0,PMU,14389.5,-0.710088,60.04313,0,14466.7,3.480635,60.06062,0,14534.7,1.391847,59.86595,0,78.9862,-0.853262,59.98135,0,97.3645,3.305163,59.95454,0,54.4782,1.169884,59.89859,0,PMU,14471.3,2.451568,59.93705,0,14390,0.358022,59.91607,0,14526,4.562673,60.11307,0,79.0471,2.311887,60.00350,0,97.7567,0.188593,60.03730,0,54.4341,4.339413,60.08043,0,PMU,14479.8,2.498623,59.94638,0,14392.5,0.404391,59.91491,0,14526.7,4.610016,60.11886,0,78.7202,2.358588,60.01515,0,98.0514,0.235387,60.04430,0,54.3806,4.385126,60.09675,0,PMU
629,5.250000,14405.2,2.807006,60.00583,0,14392.8,0.716496,60.13638,0,14515,-1.370241,59.88376,0,79.7124,2.652995,59.99067,0,111.529,0.425934,57.63909,0,58.9997,4.482737,54.69147,0,PMU,14386.9,2.441087,60.04546,0,14463.4,0.348625,60.06295,0,14532.1,4.543020,59.86711,0,78.8753,2.299620,60.01982,0,97.3602,0.173517,59.95570,0,54.5087,4.321670,59.91957,0,PMU,14470.8,-0.713384,59.93705,0,14392.1,3.476424,59.91957,0,14531.1,1.397828,60.11424,0,78.9883,-0.853140,60.00233,0,97.6895,3.306811,60.03147,0,54.4156,1.174096,60.08043,0,PMU,14389.1,2.453948,60.04546,0,14463.3,0.361379,60.06411,0,14532.1,4.555776,59.86828,0,78.9233,2.310728,59.97785,0,97.4614,0.185907,59.94871,0,54.4716,4.334714,59.91024,0,PMU,14395.7,2.500821,60.04196,0,14463.3,0.408175,60.07227,0,14536.9,4.603121,59.86832,0,78.5867,2.357368,59.97669,0,97.7778,0.232579,59.94638,0,54.4568,4.379145,59.88577,0,PMU
630,5.258333,14501.2,2.805846,59.97785,0,14364.4,0.708867,59.85429,0,14507,-1.364704,60.10575,0,79.7663,2.658367,60.10258,0,92.2159,0.551748,62.40287,0,55.4087,-1.526703,65.22814,0,PMU,14467.5,2.437852,59.93822,0,14388.4,0.344414,59.91957,0,14526.2,4.549123,60.11657,0,78.8956,2.297789,59.96503,0,97.6477,0.175043,60.02914,0,54.372,4.324416,60.05246,0,PMU,14389,-0.711125,60.04313,0,14467.1,3.479598,60.06062,0,14534.1,1.390809,59.86595,0,79.0637,-0.854117,59.98135,0,97.4687,3.304614,59.95804,0,54.4313,1.168664,59.89625,0,PMU,14471.4,2.450652,59.93705,0,14390.2,0.357046,59.91724,0,14526,4.561757,60.11423,0,79.0427,2.310911,60.00350,0,97.8519,0.188043,60.04080,0,54.4848,4.338681,60.07577,0,PMU,14479.8,2.497891,59.94405,0,14392.8,0.403720,59.91491,0,14527.6,4.609345,60.11886,0,78.621,2.357551,60.00350,0,98.06,0.234472,60.03614,0,54.2805,4.382990,60.07343,0,PMU
631,5.266667,14408.8,2.806456,60.01166,0,14398.2,0.716252,60.14105,0,14518.4,-1.370790,59.88376,0,79.4996,2.656841,59.97086,0,110.184,0.437347,57.81511,0,58.385,4.499643,55.09475,0,PMU,14387.2,2.440233,60.04546,0,14463.1,0.347710,60.06295,0,14531.7,4.542168,59.86715,0,78.9202,2.299009,60.02331,0,97.3278,0.172480,59.95104,0,54.4723,4.320815,59.93122,0,PMU,14470.9,-0.714421,59.93705,0,14392.1,3.475447,59.92073,0,14530.7,1.396791,60.11424,0,79.0605,-0.853812,60.00583,0,97.7225,3.305835,60.02331,0,54.4219,1.173608,60.09442,0,PMU,14389.5,2.453033,60.04546,0,14463.9,0.360464,60.06528,0,14532.6,4.554861,59.86828,0,78.9237,2.309995,59.98251,0,97.5677,0.184748,59.93706,0,54.4628,4.333005,59.89159,0,PMU,14396,2.500088,60.04196,0,14464.1,0.407504,60.07227,0,14537.3,4.602389,59.86715,0,78.5262,2.356637,59.98256,0,97.6303,0.231483,59.94292,0,54.3796,4.378962,59.92307,0,PMU
632,5.275000,14502.3,2.805297,59.97785,0,14367.9,0.708562,59.85312,0,14509.3,-1.365253,60.10575,0,79.1744,2.657146,60.00583,0,92.3468,0.553640,62.22103,0,54.9784,-1.535370,64.73973,0,PMU,14467.4,2.436998,59.93822,0,14388.4,0.343559,59.92073,0,14525.9,4.548269,60.11653,0,78.9018,2.297117,59.96386,0,97.6273,0.174189,60.03264,0,54.3838,4.323623,60.05362,0,PMU,14388.9,-0.712041,60.04546,0,14467,3.478682,60.06178,0,14533.9,1.389772,59.86595,0,79.0795,-0.854971,59.97785,0,97.4343,3.303638,59.95804,0,54.4543,1.167504,59.88343,0,PMU,14471.1,2.449754,59.93738,0,14390.4,0.356191,59.91840,0,14525.9,4.560964,60.11656,0,79.0262,2.309873,59.99767,0,97.6547,0.186579,60.03497,0,54.3933,4.336972,60.07577,0,PMU,14480.7,2.497281,59.94638,0,14393.5,0.403109,59.91607,0,14528.5,4.608612,60.11886,0,78.653,2.357062,60.00812,0,97.9397,0.233556,60.03959,0,54.3484,4.382684,60.07110,0,PMU
633,5.283333,14410.2,2.805785,60.00933,0,14402.7,0.715398,60.13056,0,14522.1,-1.371522,59.88026,0,79.0861,2.656535,59.98834,0,108.525,0.439972,57.82910,0,57.7365,4.510080,55.45960,0,PMU,14386.6,2.439317,60.04430,0,14462.4,0.346794,60.06178,0,14530.8,4.541252,59.86599,0,78.9353,2.298094,60.01865,0,97.3696,0.171747,59.95337,0,54.4902,4.319961,59.93006,0,PMU,14470.8,-0.715337,59.93705,0,14391.6,3.474471,59.91957,0,14530.6,1.395814,60.11540,0,78.9748,-0.855032,59.99883,0,97.7213,3.304858,60.02331,0,54.3709,1.171960,60.08509,0,PMU,14389.2,2.452056,60.04397,0,14463.6,0.359548,60.06411,0,14531.5,4.553884,59.86479,0,78.8858,2.309080,59.98485,0,97.374,0.183710,59.94522,0,54.4253,4.332412,59.91291,0,PMU,14396.6,2.499478,60.04196,0,14464.6,0.406893,60.07227,0,14537.1,4.601779,59.86948,0,78.513,2.355996,59.97963,0,97.5504,0.230567,59.94292,0,54.2981,4.377436,59.89976,0,PMU
634,5.291667,14504.2,2.804564,59.97669,0,14371.6,0.707707,59.85312,0,14512,-1.365863,60.10808,0,79.1484,2.658733,60.04196,0,92.2777,0.550955,62.11962,0,54.8264,-1.540741,64.43782,0,PMU,14467.1,2.436082,59.93822,0,14388.1,0.342583,59.91957,0,14525.1,4.547292,60.11536,0,78.8913,2.296080,59.96153,0,97.6267,0.173273,60.02914,0,54.4277,4.323195,60.06178,0,PMU,14389.1,-0.712956,60.04546,0,14467,3.477706,60.06178,0,14534.2,1.388856,59.86711,0,79.0106,-0.856070,59.98018,0,97.4414,3.302600,59.95687,0,54.4178,1.166650,59.89859,0,PMU,14470.6,2.448716,59.93621,0,14390.1,0.355154,59.91607,0,14526.4,4.559865,60.11423,0,79.0319,2.309019,59.99883,0,97.6822,0.185724,60.03846,0,54.4648,4.335995,60.06844,0,PMU,14480.3,2.496609,59.94522,0,14394.1,0.402377,59.91374,0,14528.1,4.607880,60.11653,0,78.5844,2.355813,59.99650,0,97.9861,0.232946,60.04542,0,54.2631,4.382562,60.09791,0,PMU
635,5.300000,14411.7,2.805052,60.00933,0,14406.7,0.714421,60.12823,0,14524,-1.372255,59.87793,0,79.2162,2.657878,59.98368,0,108.047,0.447584,58.02577,0,57.5391,4.522515,55.79965,0,PMU,14386.5,2.438402,60.04430,0,14462.2,0.345879,60.06295,0,14530.4,4.540275,59.86599,0,78.9139,2.296812,60.01399,0,97.3373,0.170832,59.95337,0,54.5116,4.318435,59.90908,0,PMU,14470.9,-0.716252,59.93705,0,14391.8,3.473494,59.91957,0,14530.3,1.394899,60.11540,0,78.9895,-0.855704,60.00699,0,97.7925,3.304065,60.02798,0,54.4026,1.171227,60.08743,0,PMU,14388.6,2.451019,60.04397,0,14463.6,0.358511,60.06411,0,14532.8,4.552969,59.86828,0,78.8866,2.308287,59.98602,0,97.3764,0.182917,59.94638,0,54.4869,4.331801,59.91990,0,PMU,14396.4,2.498745,60.04079,0,14464.6,0.406039,60.06994,0,14537.1,4.600985,59.86832,0,78.4868,2.355327,59.99072,0,97.8419,0.230079,59.94525,0,54.3605,4.376825,59.89043,0,PMU
636,5.308333,14504.9,2.803771,59.97552,0,14374.3,0.706853,59.85546,0,14511.9,-1.366718,60.10575,0,79.1662,2.658916,60.01982,0,93.4406,0.554434,62.04067,0,54.8491,-1.547821,64.06513,0,PMU,14466.6,2.435106,59.93705,0,14388,0.341667,59.91957,0,14525.4,4.546377,60.11653,0,78.8619,2.294920,59.96386,0,97.6326,0.172297,60.02798,0,54.3567,4.321853,60.06528,0,PMU,14388.6,-0.713933,60.04430,0,14467.1,3.476729,60.06178,0,14533.6,1.387880,59.86595,0,78.9778,-0.857352,59.96853,0,97.52,3.301807,59.95687,0,54.4203,1.165917,59.89859,0,PMU,14469.8,2.447679,59.93621,0,14389.9,0.354177,59.91724,0,14526.6,4.558950,60.11423,0,79.0858,2.307920,59.99301,0,97.7554,0.185114,60.04196,0,54.5098,4.335202,60.06495,0,PMU,14479.7,2.495755,59.94289,0,14393.5,0.401461,59.91257,0,14528.1,4.607025,60.11536,0,78.591,2.355205,59.99767,0,98.1346,0.232032,60.03730,0,54.2088,4.381159,60.08276,0,PMU
637,5.316667,14412.4,2.804137,60.00699,0,14410.2,0.713506,60.12706,0,14525.2,-1.373231,59.87560,0,79.183,2.657268,59.96853,0,107.348,0.453749,58.07706,0,57.2983,4.531608,56.10855,0,PMU,14386.7,2.437425,60.04430,0,14462.5,0.344902,60.06178,0,14530.6,4.539360,59.86599,0,78.934,2.295469,60.01049,0,97.3079,0.169613,59.94875,0,54.4874,4.317580,59.91840,0,PMU,14470.5,-0.717290,59.93589,0,14391.8,3.472579,59.92074,0,14530.1,1.393861,60.11424,0,78.9706,-0.856497,60.01632,0,97.7428,3.302844,60.01982,0,54.4167,1.170434,60.08626,0,PMU,14388.3,2.449998,60.04430,0,14463.6,0.357473,60.06295,0,14532.6,4.551992,59.86712,0,78.9596,2.307432,59.99067,0,97.4794,0.182062,59.94172,0,54.467,4.330276,59.90591,0,PMU,14396.3,2.497830,60.03963,0,14464.5,0.405184,60.07111,0,14537,4.600131,59.86832,0,78.5153,2.354655,59.98951,0,97.7231,0.229103,59.94405,0,54.3439,4.377253,59.92540,0,PMU
638,5.325000,14505.3,2.802855,59.97552,0,14377,0.706182,59.86012,0,14512.8,-1.367633,60.10692,0,79.0761,2.657634,60.00699,0,92.7492,0.550772,61.85300,0,54.7449,-1.555023,63.75390,0,PMU,14467.6,2.434190,59.93822,0,14389.2,0.340752,59.92073,0,14527,4.545400,60.11536,0,78.8796,2.293943,59.97086,0,97.6292,0.171076,60.02793,0,54.3999,4.320754,60.06062,0,PMU,14388.7,-0.714910,60.04546,0,14466.9,3.475752,60.06061,0,14533.7,1.386964,59.86828,0,78.9786,-0.858206,59.96736,0,97.4244,3.300586,59.95687,0,54.4084,1.164818,59.89276,0,PMU,14468.8,2.446641,59.93589,0,14389.6,0.353140,59.91724,0,14526.2,4.557912,60.11307,0,79.0683,2.306456,59.98135,0,97.6684,0.183832,60.03380,0,54.4001,4.333310,60.05795,0,PMU,14480.1,2.494900,59.94405,0,14393.8,0.400668,59.91374,0,14528.4,4.606171,60.11536,0,78.6458,2.354350,59.99417,0,98.0451,0.230995,60.03614,0,54.3464,4.380914,60.06994,0,PMU
639,5.333333,14412.4,2.803099,60.00466,0,14412.2,0.712651,60.12356,0,14526.2,-1.374147,59.87560,0,79.2652,2.656413,59.97669,0,105.474,0.454786,58.16681,0,57.1704,4.541984,56.44427,0,PMU,14388.8,2.436509,60.04429,0,14464.9,0.344047,60.06295,0,14533,4.538444,59.86715,0,78.9839,2.294310,60.00699,0,97.4002,0.168332,59.94759,0,54.5336,4.316238,59.91374,0,PMU,14470.5,-0.718266,59.93589,0,14391.7,3.471602,59.92074,0,14531,1.392945,60.11424,0,78.984,-0.857474,60.01399,0,97.6981,3.301623,60.01982,0,54.3397,1.168969,60.07927,0,PMU,14387.9,2.448900,60.04313,0,14463.2,0.356435,60.06295,0,14532.5,4.550954,59.86711,0,78.9318,2.306211,59.99534,0,97.3837,0.181086,59.94754,0,54.4115,4.329360,59.92456,0,PMU,14396.2,2.497098,60.04196,0,14465.3,0.404391,60.07111,0,14537,4.599337,59.86948,0,78.5143,2.353679,59.98718,0,97.6952,0.228004,59.94288,0,54.3515,4.375910,59.90442,0,PMU
640,5.341667,14504.7,2.801757,59.97435,0,14377.7,0.705205,59.85779,0,14512.5,-1.368671,60.10459,0,79.1289,2.657634,60.02331,0,92.6566,0.550711,61.83202,0,54.8413,-1.559889,63.46281,0,PMU,14469.5,2.433275,59.93822,0,14391,0.339897,59.92073,0,14529,4.544546,60.11653,0,78.9034,2.293030,59.97556,0,97.6097,0.169796,60.02798,0,54.4511,4.320571,60.08276,0,PMU,14389.2,-0.715825,60.04663,0,14467.2,3.474837,60.06178,0,14534.8,1.386049,59.86828,0,78.9805,-0.859305,59.96503,0,97.4099,3.299609,59.96153,0,54.3652,1.163720,59.89975,0,PMU,14468.9,2.445604,59.93705,0,14389.3,0.352102,59.91724,0,14526.9,4.556936,60.11424,0,79.1022,2.305357,59.98368,0,97.7731,0.182856,60.03380,0,54.4242,4.332168,60.05362,0,PMU,14479.6,2.494168,59.94405,0,14394.1,0.399935,59.91491,0,14527.9,4.605377,60.11536,0,78.5821,2.352885,59.98485,0,98.0031,0.230018,60.03847,0,54.3108,4.380914,60.09558,0,PMU
641,5.350000,14412.1,2.802001,60.00466,0,14413,0.711431,60.11889,0,14526,-1.375246,59.87443,0,79.1897,2.655559,59.96037,0,105.091,0.461378,58.29387,0,56.9506,4.549551,56.68169,0,PMU,14389.7,2.435594,60.04429,0,14466.1,0.343132,60.06178,0,14534,4.537468,59.86482,0,78.9342,2.292908,59.99767,0,97.326,0.167050,59.94754,0,54.5136,4.314651,59.88693,0,PMU,14471.2,-0.719243,59.93472,0,14392,3.470748,59.92190,0,14531.8,1.392091,60.11540,0,79.0317,-0.858023,60.02448,0,97.7412,3.300891,60.02448,0,54.3686,1.167870,60.07927,0,PMU,14387.8,2.447923,60.04430,0,14463.3,0.355459,60.06411,0,14532.5,4.549978,59.86711,0,78.9868,2.305723,60.00699,0,97.4164,0.180170,59.94871,0,54.4306,4.328628,59.93239,0,PMU,14395.8,2.496365,60.04196,0,14465.3,0.403659,60.07111,0,14536.8,4.598605,59.87065,0,78.4891,2.352885,60.00000,0,97.719,0.227333,59.94871,0,54.382,4.375055,59.88810,0,PMU
642,5.358333,14504.2,2.800658,59.97436,0,14378,0.704046,59.85896,0,14512,-1.369813,60.10375,0,79.0069,2.656902,60.02565,0,93.3906,0.550161,61.69564,0,54.7005,-1.566847,63.18542,0,PMU,14470.4,2.432298,59.93706,0,14391.6,0.338921,59.91957,0,14530.2,4.543569,60.11653,0,78.8364,2.291992,59.98251,0,97.5836,0.168637,60.03031,0,54.367,4.319106,60.08509,0,PMU,14389.6,-0.716680,60.04896,0,14467.7,3.473983,60.06178,0,14535,1.385194,59.86828,0,78.9499,-0.860098,59.96037,0,97.5678,3.298694,59.95804,0,54.3721,1.163110,59.90908,0,PMU,14468,2.444627,59.93705,0,14388.9,0.351125,59.91724,0,14526,4.555898,60.11307,0,79.0747,2.304380,59.97435,0,97.7308,0.181879,60.03264,0,54.4206,4.331191,60.04896,0,PMU,14479.3,2.493375,59.94288,0,14393.7,0.399142,59.91374,0,14527.7,4.604647,60.11540,0,78.5948,2.352092,59.98485,0,97.9096,0.229347,60.03847,0,54.2243,4.379267,60.08043,0,PMU
643,5.366667,14411.9,2.800841,60.00350,0,14413.6,0.710210,60.11773,0,14526.8,-1.376405,59.87411,0,79.1105,2.654277,59.94988,0,104.656,0.463697,58.34866,0,56.7437,4.555898,56.93581,0,PMU,14389.7,2.434557,60.04313,0,14466.2,0.342094,60.06061,0,14534.5,4.536491,59.86482,0,78.9204,2.291870,59.99767,0,97.2937,0.166256,59.95454,0,54.4816,4.314040,59.90325,0,PMU,14471.9,-0.720036,59.93589,0,14392.6,3.469893,59.92190,0,14531.9,1.391298,60.11656,0,78.9979,-0.859122,60.01865,0,97.7323,3.299609,60.01749,0,54.3731,1.167077,60.07577,0,PMU,14387.1,2.446946,60.04430,0,14463.1,0.354482,60.06411,0,14532.4,4.548940,59.86711,0,78.9762,2.304991,60.01166,0,97.4122,0.178949,59.94405,0,54.4213,4.327346,59.92656,0,PMU,14395.9,2.495572,60.04196,0,14465.2,0.402865,60.07111,0,14536.8,4.597811,59.86944,0,78.5347,2.352275,60.00350,0,97.6626,0.227149,59.95804,0,54.3972,4.375666,59.93122,0,PMU
644,5.375000,14504.3,2.799559,59.97552,0,14377.9,0.702947,59.86129,0,14512.2,-1.370851,60.10608,0,78.9662,2.656230,60.03730,0,93.6158,0.547049,61.59190,0,54.6575,4.711308,62.96811,0,PMU,14470.9,2.431261,59.93705,0,14391.6,0.337822,59.91840,0,14530.7,4.542532,60.11536,0,78.8656,2.291260,59.98834,0,97.6522,0.168087,60.03497,0,54.3918,4.318496,60.08509,0,PMU,14390,-0.717473,60.04896,0,14468.3,3.473128,60.06178,0,14535,1.384340,59.86712,0,78.8786,-0.861197,59.96037,0,97.3869,3.297656,59.96270,0,54.3408,1.161828,59.89975,0,PMU,14467.5,2.443528,59.93472,0,14388.4,0.350149,59.91724,0,14525.8,4.554922,60.11424,0,79.1012,2.303587,59.97319,0,97.5737,0.180414,60.02798,0,54.3879,4.330153,60.05362,0,PMU,14479.1,2.492581,59.94288,0,14393.5,0.398410,59.91491,0,14527.7,4.603793,60.11424,0,78.654,2.351420,59.98368,0,98.0716,0.228736,60.03031,0,54.4503,4.378962,60.06295,0,PMU
645,5.383333,14411.7,2.799865,60.00583,0,14414.2,0.709172,60.11889,0,14527.3,-1.377382,59.87527,0,79.0857,2.653362,59.94521,0,104.181,0.466016,58.45240,0,56.609,4.562734,57.16244,0,PMU,14389.9,2.433519,60.04313,0,14466.7,0.341057,60.06178,0,14534.9,4.535454,59.86482,0,78.9258,2.290711,59.98951,0,97.5191,0.165768,59.95570,0,54.481,4.313186,59.89859,0,PMU,14471.1,-0.720952,59.93356,0,14392.6,3.468978,59.92073,0,14531.7,1.390321,60.11423,0,78.939,-0.860281,60.01749,0,97.6412,3.298511,60.01632,0,54.3098,1.165490,60.06994,0,PMU,14386.6,2.445848,60.04430,0,14462.7,0.353445,60.06295,0,14531.6,4.547842,59.86478,0,79.0026,2.304197,60.01166,0,97.3062,0.177790,59.94988,0,54.4553,4.326980,59.93938,0,PMU,14395.9,2.494839,60.04313,0,14465.6,0.402133,60.07111,0,14537.4,4.597079,59.87178,0,78.5612,2.351481,60.00117,0,97.6964,0.226417,59.95570,0,54.4542,4.374262,59.91024,0,PMU
646,5.391667,14504.4,2.798583,59.97552,0,14378.1,0.702092,59.86479,0,14512.5,-1.371767,60.10724,0,78.9768,2.656108,60.05246,0,94.0084,0.544851,61.50563,0,54.6921,4.706608,62.74780,0,PMU,14471.1,2.430284,59.93822,0,14392.8,0.336845,59.91957,0,14531.3,4.541496,60.11540,0,78.8861,2.290467,59.99534,0,97.7964,0.167111,60.02565,0,54.4508,4.318130,60.09442,0,PMU,14389.8,-0.718389,60.04896,0,14468.4,3.472213,60.06178,0,14535.3,1.383302,59.86595,0,78.8488,-0.861807,59.97086,0,97.3298,3.296558,59.96270,0,54.3275,1.160790,59.91024,0,PMU,14467.2,2.442491,59.93589,0,14387.9,0.349111,59.91724,0,14525.3,4.553823,60.11424,0,79.1054,2.302610,59.96969,0,97.5808,0.179133,60.02565,0,54.4293,4.329238,60.04313,0,PMU,14478.8,2.491910,59.94405,0,14393.7,0.397677,59.91491,0,14527.4,4.603060,60.11424,0,78.593,2.350078,59.97319,0,98.0527,0.228126,60.03264,0,54.4053,4.379267,60.09559,0,PMU
647,5.400000,14411.2,2.798888,60.00583,0,14414.5,0.708257,60.11773,0,14527.8,-1.378297,59.87527,0,79.118,2.652446,59.93006,0,103.757,0.467909,58.53050,0,56.5149,4.568715,57.36644,0,PMU,14389.9,2.432542,60.04313,0,14467.6,0.340141,60.06295,0,14535.1,4.534416,59.86478,0,78.9601,2.289856,59.98834,0,97.4547,0.164608,59.95221,0,54.5282,4.312087,59.88460,0,PMU,14470.9,-0.721868,59.93356,0,14393.1,3.468062,59.92073,0,14532,1.389344,60.11540,0,79.0255,-0.860586,60.02331,0,97.7323,3.298144,60.03031,0,54.3419,1.164880,60.07810,0,PMU,14386.3,2.444810,60.04430,0,14462.3,0.352346,60.06178,0,14531.1,4.546804,59.86595,0,78.9546,2.303038,60.00816,0,97.2911,0.176813,59.95570,0,54.4451,4.325881,59.93589,0,PMU,14395.2,2.494046,60.04080,0,14464.8,0.401339,60.06994,0,14537.4,4.596285,59.87061,0,78.4985,2.350322,60.00466,0,97.7971,0.225868,59.95687,0,54.4886,4.373346,59.88693,0,PMU
648,5.408333,14503.3,2.797667,59.97669,0,14376.1,0.701116,59.86362,0,14511,-1.372743,60.10608,0,79.0853,2.655559,60.05945,0,94.293,0.542044,61.41588,0,54.7187,4.702031,62.54614,0,PMU,14470.7,2.429247,59.93705,0,14392.7,0.335869,59.91840,0,14531.5,4.540459,60.11540,0,78.9161,2.289307,59.98951,0,97.7142,0.165951,60.02565,0,54.3995,4.316787,60.08976,0,PMU,14389.7,-0.719304,60.04896,0,14468.5,3.471236,60.06062,0,14535.4,1.382448,59.86828,0,78.835,-0.862356,59.96620,0,97.5961,3.296374,59.96620,0,54.4025,1.160790,59.92190,0,PMU,14466.8,2.441453,59.93589,0,14387.8,0.348015,59.91728,0,14524.6,4.552724,60.11307,0,79.02,2.301207,59.96503,0,97.6493,0.178278,60.02798,0,54.4255,4.328261,60.04546,0,PMU,14478.1,2.491055,59.94288,0,14392.9,0.396823,59.91374,0,14527.5,4.602267,60.11424,0,78.5346,2.348857,59.97202,0,98.0726,0.227333,60.02798,0,54.3356,4.377069,60.07111,0,PMU
649,5.416667,14410,2.797911,60.00466,0,14411.3,0.706975,60.11190,0,14527.1,-1.379274,59.87527,0,79.1951,2.651653,59.92540,0,104.221,0.465711,58.54216,0,56.4306,4.574191,57.55844,0,PMU,14389.5,2.431505,60.04313,0,14466.7,0.339043,60.06062,0,14534.7,4.533440,59.86595,0,78.9862,2.288330,59.98135,0,97.3645,0.163571,59.95454,0,54.4782,4.311477,59.89859,0,PMU,14470.8,-0.722720,59.93476,0,14393.2,3.467208,59.92306,0,14531.7,1.388490,60.11540,0,78.9654,-0.861746,60.01166,0,97.7688,3.297412,60.01982,0,54.3944,1.163903,60.05945,0,PMU,14386.5,2.443773,60.04430,0,14462.4,0.351308,60.06291,0,14531.3,4.545705,59.86595,0,78.9438,2.302244,60.01982,0,97.3606,0.175654,59.94988,0,54.476,4.324782,59.93356,0,PMU,14395.1,2.493191,60.04080,0,14464.6,0.400485,60.06994,0,14537.4,4.595431,59.86944,0,78.518,2.349528,60.01282,0,97.7101,0.224891,59.95337,0,54.4489,4.373285,59.92773,0,PMU
650,5.425000,14502.7,2.796630,59.97552,0,14373.2,0.699895,59.86479,0,14510.4,-1.373720,60.10608,0,79.1165,2.654888,60.06178,0,95.3308,0.533562,61.29585,0,54.7065,4.697531,62.35563,0,PMU,14470.8,2.428209,59.93705,0,14392.1,0.334831,59.91957,0,14531.1,4.539421,60.11424,0,78.9883,2.288452,60.00233,0,97.6895,0.165219,60.03147,0,54.4156,4.315688,60.08043,0,PMU,14389.2,-0.720098,60.05008,0,14468.1,3.470443,60.06178,0,14534.7,1.381593,59.86828,0,78.8175,-0.863028,59.97552,0,97.5009,3.295581,59.96503,0,54.3629,1.159266,59.91145,0,PMU,14466.7,2.440416,59.93589,0,14387.8,0.347038,59.91844,0,14525.2,4.551687,60.11424,0,78.9763,2.300169,59.96037,0,97.5221,0.177118,60.02798,0,54.3827,4.327041,60.04313,0,PMU,14477.7,2.490201,59.94288,0,14392.8,0.396029,59.91491,0,14527.4,4.601351,60.11307,0,78.5673,2.348308,59.97669,0,97.9599,0.226051,60.02215,0,54.4403,4.376581,60.06295,0,PMU
651,5.433333,14408.8,2.796874,60.00466,0,14410.7,0.705938,60.11540,0,14526.8,-1.380312,59.87411,0,79.1234,2.650310,59.91258,0,103.849,0.466444,58.71813,0,56.2766,4.578891,57.73413,0,PMU,14389,2.430467,60.04313,0,14467.1,0.338005,60.06062,0,14534.1,4.532402,59.86595,0,79.0637,2.287476,59.98135,0,97.4687,0.163022,59.95804,0,54.4313,4.310256,59.89625,0,PMU,14469.3,-0.723574,59.93360,0,14392.1,3.466353,59.92190,0,14530.7,1.387635,60.11540,0,79.0221,-0.862784,60.00466,0,97.7621,3.296435,60.01631,0,54.3238,1.162682,60.06524,0,PMU,14386.6,2.442735,60.04430,0,14462.4,0.350332,60.06291,0,14531.6,4.544729,59.86711,0,78.9064,2.301146,60.01865,0,97.2178,0.174616,59.95221,0,54.4559,4.323806,59.93822,0,PMU,14395.4,2.492337,60.04080,0,14464.9,0.399691,60.06994,0,14537.9,4.594637,59.87178,0,78.5856,2.348857,60.01049,0,97.6368,0.223976,59.96037,0,54.4685,4.371881,59.91024,0,PMU
652,5.441667,14500.5,2.795592,59.97552,0,14371.9,0.698980,59.86711,0,14508.9,-1.374757,60.10608,0,79.0776,2.654216,60.07460,0,95.5371,0.531121,61.23524,0,54.6602,4.693747,62.19360,0,PMU,14470.9,2.427171,59.93705,0,14392.1,0.333855,59.92073,0,14530.7,4.538383,60.11424,0,79.0605,2.287781,60.00583,0,97.7225,0.164242,60.02331,0,54.4219,4.315200,60.09442,0,PMU,14388.7,-0.721013,60.04892,0,14467.4,3.469527,60.06061,0,14534.1,1.380678,59.86712,0,78.8651,-0.863699,59.98251,0,97.4516,3.294483,59.96270,0,54.3179,1.158351,59.91728,0,PMU,14466.9,2.439500,59.93822,0,14388,0.346123,59.91961,0,14525.8,4.550771,60.11540,0,78.9608,2.299376,59.96620,0,97.5224,0.176203,60.03031,0,54.4136,4.326003,60.04196,0,PMU,14477.6,2.489346,59.94288,0,14392.2,0.395236,59.91491,0,14527,4.600619,60.11424,0,78.6008,2.347453,59.97319,0,98.0776,0.225624,60.03147,0,54.4904,4.376886,60.09559,0,PMU
653,5.450000,14406.5,2.795836,60.00466,0,14408.8,0.704961,60.11424,0,14525.7,-1.381288,59.87527,0,79.0965,2.649944,59.91841,0,103.377,0.467603,58.78691,0,56.1691,4.583407,57.89266,0,PMU,14388.9,2.429552,60.04546,0,14467,0.337090,60.06178,0,14533.9,4.531364,59.86595,0,79.0795,2.286621,59.97785,0,97.4343,0.162045,59.95804,0,54.4543,4.309097,59.88343,0,PMU,14469.7,-0.724490,59.93360,0,14392.1,3.465438,59.92190,0,14530.9,1.386720,60.11540,0,79.0494,-0.863821,59.99767,0,97.8019,3.295825,60.02565,0,54.3199,1.161645,60.06291,0,PMU,14387.2,2.441881,60.04546,0,14463.2,0.349477,60.06407,0,14532,4.543874,59.86828,0,78.9325,2.300535,60.02215,0,97.344,0.174067,59.95920,0,54.5239,4.323257,59.94754,0,PMU,14395.2,2.491543,60.04196,0,14464.6,0.398898,60.06994,0,14537.8,4.593783,59.86944,0,78.5905,2.347880,60.00816,0,97.8528,0.223304,59.95570,0,54.5941,4.370356,59.87527,0,PMU
654,5.458333,14498.1,2.794493,59.97435,0,14369.4,0.697942,59.86595,0,14506.8,-1.375856,60.10375,0,79.1324,2.653850,60.07460,0,95.8253,0.529168,61.17579,0,54.6704,4.690390,62.04323,0,PMU,14470.8,2.426256,59.93705,0,14391.6,0.332878,59.91957,0,14530.6,4.537407,60.11540,0,78.9748,2.286560,59.99883,0,97.7213,0.163266,60.02331,0,54.3709,4.313552,60.08509,0,PMU,14389.1,-0.721929,60.04892,0,14467.8,3.468612,60.06061,0,14534.3,1.379823,59.86828,0,78.906,-0.864248,59.99185,0,97.6425,3.293872,59.96270,0,54.387,1.158046,59.93127,0,PMU,14467.5,2.438707,59.93938,0,14388.6,0.345329,59.92078,0,14526,4.549978,60.11657,0,78.9421,2.298582,59.96270,0,97.6088,0.175837,60.03380,0,54.4677,4.325881,60.05012,0,PMU,14477,2.488553,59.94288,0,14392.5,0.394443,59.91491,0,14526.9,4.599825,60.11540,0,78.5681,2.346660,59.97669,0,97.9706,0.224159,60.01632,0,54.3687,4.374323,60.07577,0,PMU
655,5.466667,14403.7,2.794738,60.00466,0,14406.7,0.703740,60.11074,0,14523.3,-1.382448,59.87411,0,79.0966,2.649212,59.91141,0,103.258,0.469556,58.86151,0,56.0892,4.588168,58.04770,0,PMU,14389.1,2.428636,60.04546,0,14467,0.336113,60.06178,0,14534.2,4.530449,59.86711,0,79.0106,2.285523,59.98018,0,97.4414,0.161007,59.95687,0,54.4178,4.308242,59.89859,0,PMU,14470.4,-0.725344,59.93476,0,14393.4,3.464583,59.92307,0,14531.8,1.385865,60.11540,0,79.0538,-0.865042,59.98485,0,97.7797,3.294544,60.01282,0,54.3602,1.160424,60.04542,0,PMU,14386.9,2.441087,60.04546,0,14463.4,0.348625,60.06295,0,14532.1,4.543020,59.86711,0,78.8753,2.299620,60.01982,0,97.3602,0.173517,59.95570,0,54.5087,4.321670,59.91957,0,PMU,14395,2.490689,60.04080,0,14464.7,0.398165,60.07110,0,14537.6,4.592928,59.86828,0,78.6209,2.347026,60.00699,0,97.4004,0.221656,59.95221,0,54.4962,4.370539,59.92773,0,PMU
656,5.475000,14495.5,2.793334,59.97319,0,14367.2,0.696721,59.86595,0,14504.4,-1.377016,60.10375,0,79.1237,2.652507,60.06294,0,96.1841,0.527459,61.10585,0,54.6469,4.686667,61.88120,0,PMU,14470.9,2.425340,59.93705,0,14391.8,0.331902,59.91957,0,14530.3,4.536491,60.11540,0,78.9895,2.285889,60.00699,0,97.7925,0.162472,60.02798,0,54.4026,4.312820,60.08743,0,PMU,14389.9,-0.722720,60.05012,0,14468.8,3.467818,60.06178,0,14535.6,1.378969,59.86828,0,78.8905,-0.865408,59.99301,0,97.4763,3.292530,59.96153,0,54.3094,1.156276,59.92078,0,PMU,14467.5,2.437852,59.93822,0,14388.4,0.344414,59.91957,0,14526.2,4.549123,60.11657,0,78.8956,2.297789,59.96503,0,97.6477,0.175043,60.02914,0,54.372,4.324416,60.05246,0,PMU,14477.3,2.487759,59.94405,0,14392.5,0.393710,59.91491,0,14527.5,4.598971,60.11540,0,78.6114,2.346355,59.98718,0,97.7356,0.222694,60.01982,0,54.4775,4.373957,60.06528,0,PMU
657,5.483333,14402.9,2.793517,60.00350,0,14406.8,0.702459,60.10957,0,14522.9,-1.383668,59.87294,0,79.0631,2.647747,59.90908,0,103.014,0.470106,58.90464,0,56.0065,4.591891,58.18990,0,PMU,14388.6,2.427660,60.04430,0,14467.1,0.335136,60.06178,0,14533.6,4.529472,59.86595,0,78.9778,2.284241,59.96853,0,97.52,0.160214,59.95687,0,54.4203,4.307510,59.89859,0,PMU,14470.4,-0.726260,59.93239,0,14393.7,3.463729,59.92190,0,14532.2,1.385011,60.11540,0,78.9818,-0.866751,59.97435,0,97.7065,3.293262,60.01399,0,54.2803,1.159328,60.05828,0,PMU,14387.2,2.440233,60.04546,0,14463.1,0.347710,60.06295,0,14531.7,4.542168,59.86715,0,78.9202,2.299009,60.02331,0,97.3278,0.172480,59.95104,0,54.4723,4.320815,59.93122,0,PMU,14395.3,2.489896,60.04080,0,14464.9,0.397372,60.06994,0,14538.3,4.592196,59.87061,0,78.6504,2.346293,59.99883,0,97.4915,0.221168,59.97086,0,54.4867,4.369379,59.91257,0,PMU
658,5.491667,14495.6,2.792176,59.97440,0,14367.6,0.695623,59.86944,0,14504.8,-1.378175,60.10491,0,79.154,2.650982,60.06178,0,96.3182,0.524773,61.04407,0,54.7128,4.683799,61.75531,0,PMU,14470.5,2.424303,59.93589,0,14391.8,0.330986,59.92074,0,14530.1,4.535454,60.11424,0,78.9706,2.285096,60.01632,0,97.7428,0.161252,60.01982,0,54.4167,4.312026,60.08626,0,PMU,14390.6,-0.723635,60.05012,0,14469.3,3.466964,60.06178,0,14536.5,1.378053,59.86711,0,78.8448,-0.866507,60.00466,0,97.3915,3.291309,59.96270,0,54.3176,1.155482,59.92656,0,PMU,14467.4,2.436998,59.93822,0,14388.4,0.343559,59.92073,0,14525.9,4.548269,60.11653,0,78.9018,2.297117,59.96386,0,97.6273,0.174189,60.03264,0,54.3838,4.323623,60.05362,0,PMU,14478,2.487088,59.94638,0,14393.1,0.392978,59.91608,0,14527.3,4.598361,60.11773,0,78.5842,2.345805,59.99067,0,97.8909,0.222816,60.03147,0,54.4867,4.374628,60.10025,0,PMU
659,5.500000,14403,2.792481,60.00583,0,14407.4,0.701482,60.11191,0,14524.1,-1.384706,59.87527,0,79.0736,2.646587,59.91607,0,102.612,0.470472,58.96293,0,56.0196,4.595797,58.31930,0,PMU,14388.7,2.426683,60.04546,0,14466.9,0.334160,60.06061,0,14533.7,4.528557,59.86828,0,78.9786,2.283387,59.96736,0,97.4244,0.158993,59.95687,0,54.4084,4.306411,59.89276,0,PMU,14470.7,-0.727114,59.93356,0,14394.2,3.462897,59.92232,0,14532.9,1.384157,60.11657,0,78.9727,-0.867300,59.98485,0,97.6962,3.292774,60.02798,0,54.294,1.158839,60.06411,0,PMU,14386.6,2.439317,60.04430,0,14462.4,0.346794,60.06178,0,14530.8,4.541252,59.86599,0,78.9353,2.298094,60.01865,0,97.3696,0.171747,59.95337,0,54.4902,4.319961,59.93006,0,PMU,14395.6,2.489285,60.04196,0,14465.2,0.396701,60.07110,0,14538,4.591525,59.86944,0,78.6123,2.345561,59.99534,0,97.5436,0.220741,59.96037,0,54.5982,4.368280,59.87877,0,PMU
660,5.508333,14496.2,2.791200,59.97552,0,14368.3,0.694707,59.87061,0,14505.5,-1.379091,60.10724,0,79.1924,2.649578,60.05712,0,96.4724,0.523735,61.01726,0,54.7688,4.680320,61.61427,0,PMU,14470.5,2.423326,59.93589,0,14391.7,0.330010,59.92074,0,14531,4.534538,60.11424,0,78.984,2.284119,60.01399,0,97.6981,0.160031,60.01982,0,54.3397,4.310562,60.07927,0,PMU,14390.7,-0.724490,60.05012,0,14469.5,3.466048,60.06019,0,14536.7,1.377199,59.86711,0,78.835,-0.867422,59.99767,0,97.5383,3.290698,59.96037,0,54.3663,1.155543,59.93705,0,PMU,14467.1,2.436082,59.93822,0,14388.1,0.342583,59.91957,0,14525.1,4.547292,60.11536,0,78.8913,2.296080,59.96153,0,97.6267,0.173273,60.02914,0,54.4277,4.323195,60.06178,0,PMU,14477.4,2.486417,59.94521,0,14393.2,0.392306,59.91608,0,14527.3,4.597689,60.11773,0,78.5446,2.345256,59.99417,0,97.7637,0.222328,60.03031,0,54.4057,4.372248,60.07577,0,PMU
661,5.516667,14403.8,2.791627,60.00816,0,14408.6,0.700567,60.11191,0,14524.9,-1.385621,59.87528,0,79.0747,2.645549,59.92306,0,102.693,0.471388,59.00023,0,55.9556,4.597567,58.41954,0,PMU,14389.2,2.425768,60.04663,0,14467.2,0.333244,60.06178,0,14534.8,4.527641,59.86828,0,78.9805,2.282288,59.96503,0,97.4099,0.158017,59.96153,0,54.3652,4.305313,59.89975,0,PMU,14470.4,-0.727969,59.93356,0,14393,3.461981,59.92232,0,14532.9,1.383241,60.11540,0,78.9415,-0.868460,59.98018,0,97.6273,3.291736,60.01982,0,54.3464,1.158168,60.05012,0,PMU,14386.5,2.438402,60.04430,0,14462.2,0.345879,60.06295,0,14530.4,4.540275,59.86599,0,78.9139,2.296812,60.01399,0,97.3373,0.170832,59.95337,0,54.5116,4.318435,59.90908,0,PMU,14395,2.488553,60.04080,0,14464.7,0.395968,60.06994,0,14537.5,4.590792,59.86828,0,78.5675,2.344585,59.98718,0,97.6198,0.220008,59.95570,0,54.54,4.368403,59.92656,0,PMU
662,5.525000,14496.1,2.790345,59.97552,0,14368.6,0.693792,59.87061,0,14505.4,-1.380006,60.10724,0,79.1339,2.648235,60.05129,0,96.8016,0.521965,60.96597,0,54.6994,4.675986,61.49770,0,PMU,14471.2,2.422350,59.93472,0,14392,0.329155,59.92190,0,14531.8,4.533684,60.11540,0,79.0317,2.283570,60.02448,0,97.7412,0.159298,60.02448,0,54.3686,4.309463,60.07927,0,PMU,14390.7,-0.725405,60.04896,0,14464.9,3.464889,60.05553,0,14536.3,1.376222,59.86595,0,78.8676,-0.868093,60.00699,0,97.2575,3.289600,59.95920,0,54.335,1.154506,59.93006,0,PMU,14466.6,2.435106,59.93705,0,14388,0.341667,59.91957,0,14525.4,4.546377,60.11653,0,78.8619,2.294920,59.96386,0,97.6326,0.172297,60.02798,0,54.3567,4.321853,60.06528,0,PMU,14477.3,2.485745,59.94638,0,14392.5,0.391635,59.91724,0,14527,4.596957,60.11773,0,78.5423,2.344707,60.00233,0,97.7789,0.221351,60.02565,0,54.5726,4.372065,60.06994,0,PMU
663,5.533333,14404.1,2.790711,60.00699,0,14408.8,0.699529,60.10957,0,14525.5,-1.386537,59.87528,0,79.0323,2.644634,59.93122,0,102.538,0.472547,59.05618,0,55.8491,4.600253,58.55359,0,PMU,14389.6,2.424913,60.04896,0,14467.7,0.332390,60.06178,0,14535,4.526787,59.86828,0,78.9499,2.281494,59.96037,0,97.5678,0.157101,59.95804,0,54.3721,4.304702,59.90908,0,PMU,14469.6,-0.728945,59.93239,0,14388.4,3.460638,59.91882,0,14532.2,1.382265,60.11540,0,79.0042,-0.869192,59.97902,0,97.5974,3.291248,60.03147,0,54.3083,1.157435,60.05595,0,PMU,14386.7,2.437425,60.04430,0,14462.5,0.344902,60.06178,0,14530.6,4.539360,59.86599,0,78.934,2.295469,60.01049,0,97.3079,0.169613,59.94875,0,54.4874,4.317580,59.91840,0,PMU,14394.5,2.487820,60.03963,0,14464.4,0.395236,60.06878,0,14536.7,4.590060,59.86828,0,78.6507,2.344218,59.99067,0,97.5978,0.219520,59.96503,0,54.58,4.367426,59.91141,0,PMU
664,5.541667,14496.3,2.789369,59.97435,0,14369.1,0.692815,59.87178,0,14505.6,-1.380922,60.10724,0,79.1663,2.647319,60.05129,0,97.0747,0.520318,60.91235,0,54.7371,4.673850,61.40561,0,PMU,14471.9,2.421556,59.93589,0,14392.6,0.328301,59.92190,0,14531.9,4.532890,60.11656,0,78.9979,2.282471,60.01865,0,97.7323,0.158017,60.01749,0,54.3731,4.308669,60.07577,0,PMU,14390.3,-0.726443,60.04779,0,14463.8,3.463668,60.05786,0,14535.7,1.375246,59.86595,0,78.8807,-0.869009,60.00350,0,97.4586,3.289234,59.96153,0,54.3475,1.153590,59.92656,0,PMU,14467.6,2.434190,59.93822,0,14389.2,0.340752,59.92073,0,14527,4.545400,60.11536,0,78.8796,2.293943,59.97086,0,97.6292,0.171076,60.02793,0,54.3999,4.320754,60.06062,0,PMU,14477.1,2.484952,59.94521,0,14392.7,0.390841,59.91607,0,14526.6,4.596163,60.11657,0,78.684,2.344768,60.01049,0,97.9871,0.221229,60.03264,0,54.6157,4.372797,60.10258,0,PMU
665,5.550000,14404.4,2.789735,60.00699,0,14409.6,0.698614,60.11074,0,14526,-1.387513,59.87411,0,79.0319,2.643963,59.93589,0,102.287,0.473035,59.09698,0,55.8125,4.602877,58.64451,0,PMU,14390,2.424120,60.04896,0,14468.3,0.331536,60.06178,0,14535,4.525932,59.86712,0,78.8786,2.280396,59.96037,0,97.3869,0.156064,59.96270,0,54.3408,4.303420,59.89975,0,PMU,14469.2,-0.729983,59.93239,0,14388.3,3.459601,59.92232,0,14531.8,1.381288,60.11540,0,78.9835,-0.869986,59.98135,0,97.7681,3.290760,60.02914,0,54.3139,1.156337,60.05246,0,PMU,14388.8,2.436509,60.04429,0,14464.9,0.344047,60.06295,0,14533,4.538444,59.86715,0,78.9839,2.294310,60.00699,0,97.4002,0.168332,59.94759,0,54.5336,4.316238,59.91374,0,PMU,14393.9,2.487027,60.03963,0,14464.6,0.394504,60.06994,0,14536.9,4.589206,59.86712,0,78.7421,2.343547,59.97669,0,97.6394,0.218666,59.95104,0,54.7294,4.366510,59.87994,0,PMU
666,5.558333,14496.6,2.788514,59.97669,0,14370.1,0.691961,59.87294,0,14506.3,-1.381898,60.10724,0,79.1415,2.646160,60.04196,0,97.2098,0.518426,60.86689,0,54.7028,4.671104,61.30303,0,PMU,14471.1,2.420641,59.93356,0,14392.6,0.327385,59.92073,0,14531.7,4.531914,60.11423,0,78.939,2.281311,60.01749,0,97.6412,0.156918,60.01632,0,54.3098,4.307083,60.06994,0,PMU,14389.8,-0.727420,60.04896,0,14463.6,3.462713,60.05945,0,14535.1,1.374269,59.86595,0,78.8649,-0.869802,60.00350,0,97.5789,3.288013,59.94754,0,54.3649,1.152858,59.93356,0,PMU,14469.5,2.433275,59.93822,0,14391,0.339897,59.92073,0,14529,4.544546,60.11653,0,78.9034,2.293030,59.97556,0,97.6097,0.169796,60.02798,0,54.4511,4.320571,60.08276,0,PMU,14476.9,2.484158,59.94521,0,14393.2,0.390170,59.91724,0,14527.8,4.595370,60.11773,0,78.8131,2.344401,60.01632,0,97.8781,0.220253,60.03031,0,54.5571,4.370478,60.07577,0,PMU
667,5.566667,14404.9,2.788941,60.00816,0,14411,0.697820,60.11191,0,14527.4,-1.388368,59.87644,0,79.0438,2.643169,59.94288,0,102.106,0.473583,59.14356,0,55.7621,4.605561,58.74822,0,PMU,14389.8,2.423204,60.04896,0,14468.4,0.330620,60.06178,0,14535.3,4.524895,59.86595,0,78.8488,2.279786,59.97086,0,97.3298,0.154965,59.96270,0,54.3275,4.302383,59.91024,0,PMU,14468.7,-0.730899,59.93356,0,14387.8,3.458685,59.92307,0,14531.6,1.380312,60.11540,0,78.9748,-0.871206,59.97319,0,97.6369,3.289051,60.01982,0,54.3337,1.155421,60.04896,0,PMU,14389.7,2.435594,60.04429,0,14466.1,0.343132,60.06178,0,14534,4.537468,59.86482,0,78.9342,2.292908,59.99767,0,97.326,0.167050,59.94754,0,54.5136,4.314651,59.88693,0,PMU,14394.3,2.486233,60.03963,0,14464.7,0.393771,60.06878,0,14537.5,4.588473,59.86828,0,78.7973,2.342937,59.97202,0,97.7416,0.217567,59.94871,0,54.6354,4.365900,59.91257,0,PMU
668,5.575000,14496.8,2.787721,59.97669,0,14370.9,0.691228,59.87411,0,14507.2,-1.382631,60.10957,0,79.1381,2.645305,60.04080,0,97.3792,0.516289,60.81564,0,54.6929,4.668723,61.20632,0,PMU,14470.9,2.419725,59.93356,0,14393.1,0.326470,59.92073,0,14532,4.530937,60.11540,0,79.0255,2.281006,60.02331,0,97.7323,0.156552,60.03031,0,54.3419,4.306472,60.07810,0,PMU,14389.2,-0.728396,60.04779,0,14463,3.461798,60.05945,0,14535.1,1.373292,59.86595,0,78.85,-0.871084,60.00233,0,97.3612,3.286731,59.95570,0,54.3401,1.151576,59.92656,0,PMU,14470.4,2.432298,59.93706,0,14391.6,0.338921,59.91957,0,14530.2,4.543569,60.11653,0,78.8364,2.291992,59.98251,0,97.5836,0.168637,60.03031,0,54.367,4.319106,60.08509,0,PMU,14477.3,2.483365,59.94521,0,14393,0.389438,59.91724,0,14528.5,4.594637,60.11773,0,78.8346,2.343608,60.01282,0,97.7879,0.219215,60.03147,0,54.612,4.369623,60.07111,0,PMU
669,5.583333,14406.3,2.788148,60.00816,0,14412.4,0.697027,60.11074,0,14528.8,-1.389161,59.87528,0,78.9965,2.642376,59.94405,0,101.764,0.473583,59.18436,0,55.6982,4.607453,58.82982,0,PMU,14389.7,2.422289,60.04896,0,14468.5,0.329644,60.06062,0,14535.4,4.524040,59.86828,0,78.835,2.279236,59.96620,0,97.5961,0.154782,59.96620,0,54.4025,4.302383,59.92190,0,PMU,14468.3,-0.731875,59.93356,0,14387.1,3.457648,59.92073,0,14531.6,1.379396,60.11657,0,78.9726,-0.872366,59.97552,0,97.6526,3.288379,60.03147,0,54.3031,1.154445,60.05479,0,PMU,14389.7,2.434557,60.04313,0,14466.2,0.342094,60.06061,0,14534.5,4.536491,59.86482,0,78.9204,2.291870,59.99767,0,97.2937,0.166256,59.95454,0,54.4816,4.314040,59.90325,0,PMU,14394.1,2.485379,60.03847,0,14464.2,0.392978,60.06761,0,14537.7,4.587680,59.86712,0,78.7593,2.341655,59.96270,0,97.4854,0.217018,59.95804,0,54.5823,4.364252,59.89742,0,PMU
670,5.591667,14498.9,2.786927,59.97669,0,14373,0.690452,59.87443,0,14509.1,-1.383424,60.10957,0,79.1317,2.644390,60.03847,0,97.4842,0.515191,60.79466,0,54.7021,4.666284,61.12360,0,PMU,14470.8,2.418873,59.93476,0,14393.2,0.325615,59.92306,0,14531.7,4.530083,60.11540,0,78.9654,2.279847,60.01166,0,97.7688,0.155819,60.01982,0,54.3944,4.305496,60.05945,0,PMU,14389.4,-0.729373,60.04779,0,14462.8,3.460760,60.05945,0,14534.7,1.372316,59.86478,0,78.8908,-0.871511,60.01632,0,97.4097,3.286060,59.95570,0,54.336,1.150538,59.92540,0,PMU,14470.9,2.431261,59.93705,0,14391.6,0.337822,59.91840,0,14530.7,4.542532,60.11536,0,78.8656,2.291260,59.98834,0,97.6522,0.168087,60.03497,0,54.3918,4.318496,60.08509,0,PMU,14477.6,2.482510,59.94521,0,14392.9,0.388522,59.91491,0,14528.4,4.593783,60.11656,0,78.8431,2.342570,60.01749,0,97.8867,0.218727,60.03264,0,54.5967,4.370356,60.11657,0,PMU
671,5.600000,14407.8,2.787354,60.00816,0,14414.8,0.696233,60.11041,0,14531,-1.389955,59.87528,0,79.0087,2.641521,59.94521,0,101.623,0.474071,59.21467,0,55.6937,4.608917,58.90438,0,PMU,14389.2,2.421495,60.05008,0,14468.1,0.328850,60.06178,0,14534.7,4.523186,59.86828,0,78.8175,2.278565,59.97552,0,97.5009,0.153989,59.96503,0,54.3629,4.300859,59.91145,0,PMU,14467.9,-0.732852,59.93356,0,14387.3,3.456732,59.92307,0,14531.7,1.378419,60.11657,0,78.9856,-0.872915,59.97319,0,97.7331,3.287952,60.03614,0,54.2825,1.153285,60.05246,0,PMU,14389.9,2.433519,60.04313,0,14466.7,0.341057,60.06178,0,14534.9,4.535454,59.86482,0,78.9258,2.290711,59.98951,0,97.5191,0.165768,59.95570,0,54.481,4.313186,59.89859,0,PMU,14393.6,2.484524,60.03847,0,14463.7,0.392062,60.06761,0,14536.7,4.586764,59.86595,0,78.7738,2.340922,59.96853,0,97.5274,0.215919,59.94638,0,54.6849,4.364191,59.88227,0,PMU
672,5.608333,14501.3,2.786134,59.97669,0,14376.2,0.689658,59.87443,0,14511.5,-1.384279,60.10840,0,79.183,2.643230,60.03264,0,97.6347,0.513909,60.76085,0,54.7958,4.664148,61.05482,0,PMU,14469.3,2.418018,59.93360,0,14392.1,0.324761,59.92190,0,14530.7,4.529228,60.11540,0,79.0221,2.278809,60.00466,0,97.7621,0.154843,60.01631,0,54.3238,4.304275,60.06524,0,PMU,14388.8,-0.730349,60.04779,0,14462.6,3.459906,60.06061,0,14534.4,1.371400,59.86595,0,78.8849,-0.872122,60.01515,0,97.5298,3.285205,59.94754,0,54.3563,1.150050,59.93822,0,PMU,14471.1,2.430284,59.93822,0,14392.8,0.336845,59.91957,0,14531.3,4.541496,60.11540,0,78.8861,2.290467,59.99534,0,97.7964,0.167111,60.02565,0,54.4508,4.318130,60.09442,0,PMU,14476.7,2.481475,59.94176,0,14391.9,0.387607,59.91491,0,14528.2,4.592867,60.11656,0,78.8532,2.341533,60.01166,0,97.7803,0.218116,60.04196,0,54.5086,4.368525,60.08276,0,PMU
673,5.616667,14410.5,2.786622,60.00933,0,14418,0.695501,60.11158,0,14533.6,-1.390809,59.87528,0,79.0603,2.640972,59.95687,0,101.518,0.474803,59.25314,0,55.8621,4.609894,58.96383,0,PMU,14388.7,2.420580,60.04892,0,14467.4,0.327935,60.06061,0,14534.1,4.522270,59.86712,0,78.8651,2.277893,59.98251,0,97.4516,0.152890,59.96270,0,54.3179,4.299944,59.91728,0,PMU,14467.7,-0.733706,59.93589,0,14387,3.455878,59.92307,0,14531.8,1.377504,60.11657,0,78.9626,-0.874075,59.96270,0,97.6121,3.286365,60.02215,0,54.3306,1.152675,60.05012,0,PMU,14389.9,2.432542,60.04313,0,14467.6,0.340141,60.06295,0,14535.1,4.534416,59.86478,0,78.9601,2.289856,59.98834,0,97.4547,0.164608,59.95221,0,54.5282,4.312087,59.88460,0,PMU,14393.3,2.483548,60.03959,0,14463.2,0.391086,60.06644,0,14536.3,4.585849,59.86595,0,78.8154,2.340434,59.97902,0,97.6775,0.215309,59.94638,0,54.5997,4.364191,59.91724,0,PMU
674,5.625000,14502.5,2.785401,59.97669,0,14377.6,0.688926,59.87443,0,14512.4,-1.385072,60.10957,0,79.1436,2.642559,60.03031,0,97.7432,0.513238,60.73404,0,54.8681,4.661340,60.98255,0,PMU,14469.7,2.417103,59.93360,0,14392.1,0.323845,59.92190,0,14530.9,4.528313,60.11540,0,79.0494,2.277771,59.99767,0,97.8019,0.154233,60.02565,0,54.3199,4.303237,60.06291,0,PMU,14388.5,-0.731204,60.04779,0,14462.9,3.459112,60.06178,0,14534.2,1.370485,59.86595,0,78.8804,-0.873159,60.01749,0,97.3466,3.283863,59.95221,0,54.3366,1.148707,59.92423,0,PMU,14470.7,2.429247,59.93705,0,14392.7,0.335869,59.91840,0,14531.5,4.540459,60.11540,0,78.9161,2.289307,59.98951,0,97.7142,0.165951,60.02565,0,54.3995,4.316787,60.08976,0,PMU,14477.1,2.480559,59.94292,0,14392.2,0.386630,59.91491,0,14528.4,4.591891,60.11540,0,78.929,2.341106,60.01282,0,97.8906,0.217201,60.03613,0,54.5867,4.367792,60.06878,0,PMU
675,5.633333,14410.8,2.785768,60.00699,0,14419.2,0.694646,60.10925,0,14533.8,-1.391664,59.87411,0,78.9731,2.640178,59.95454,0,101.149,0.475902,59.28694,0,55.748,4.610993,59.03843,0,PMU,14389.1,2.419664,60.04892,0,14467.8,0.327019,60.06061,0,14534.3,4.521416,59.86828,0,78.906,2.277344,59.99185,0,97.6425,0.152280,59.96270,0,54.387,4.299638,59.93127,0,PMU,14467,-0.734622,59.93472,0,14386.7,3.455023,59.92190,0,14532,1.376588,60.11657,0,78.9459,-0.875296,59.95920,0,97.7091,3.285938,60.03963,0,54.3143,1.151759,60.05828,0,PMU,14389.5,2.431505,60.04313,0,14466.7,0.339043,60.06062,0,14534.7,4.533440,59.86595,0,78.9862,2.288330,59.98135,0,97.3645,0.163571,59.95454,0,54.4782,4.311477,59.89859,0,PMU,14393.6,2.482754,60.04192,0,14464,0.390231,60.06877,0,14536.6,4.584994,59.86828,0,78.7969,2.339641,59.97203,0,97.7041,0.214516,59.94872,0,54.5556,4.362667,59.90212,0,PMU
676,5.641667,14502.4,2.784425,59.97436,0,14378.5,0.687949,59.87210,0,14512,-1.386049,60.10724,0,79.0963,2.641643,60.02798,0,97.639,0.512688,60.70257,0,54.798,4.659448,60.92543,0,PMU,14470.4,2.416248,59.93476,0,14393.4,0.322991,59.92307,0,14531.8,4.527458,60.11540,0,79.0538,2.276551,59.98485,0,97.7797,0.152951,60.01282,0,54.3602,4.302017,60.04542,0,PMU,14388.7,-0.732058,60.04896,0,14463.5,3.458197,60.06062,0,14534.7,1.369647,59.86744,0,78.9255,-0.873770,60.02914,0,97.5106,3.283557,59.95454,0,54.3762,1.147670,59.92190,0,PMU,14470.8,2.428209,59.93705,0,14392.1,0.334831,59.91957,0,14531.1,4.539421,60.11424,0,78.9883,2.288452,60.00233,0,97.6895,0.165219,60.03147,0,54.4156,4.315688,60.08043,0,PMU,14476.8,2.479766,59.94292,0,14392.3,0.385837,59.91607,0,14528.1,4.591097,60.11656,0,78.9137,2.340007,60.00699,0,98.0483,0.216591,60.03963,0,54.6161,4.368708,60.11536,0,PMU
677,5.650000,14411.2,2.784730,60.00583,0,14420.9,0.693670,60.10925,0,14534.1,-1.392701,59.87294,0,79.0135,2.639995,59.96853,0,100.673,0.476573,59.31025,0,55.7279,4.612885,59.11070,0,PMU,14389.9,2.418873,60.05012,0,14468.8,0.326226,60.06178,0,14535.6,4.520561,59.86828,0,78.8905,2.276185,59.99301,0,97.4763,0.150937,59.96153,0,54.3094,4.297868,59.92078,0,PMU,14467.7,-0.735415,59.93589,0,14387.3,3.454230,59.92423,0,14532.7,1.375856,60.11857,0,78.9194,-0.875845,59.96037,0,97.9123,3.285877,60.04430,0,54.3147,1.150600,60.05595,0,PMU,14389,2.430467,60.04313,0,14467.1,0.338005,60.06062,0,14534.1,4.532402,59.86595,0,79.0637,2.287476,59.98135,0,97.4687,0.163022,59.95804,0,54.4313,4.310256,59.89625,0,PMU,14393.2,2.481961,60.04192,0,14463.6,0.389438,60.06877,0,14536.7,4.584201,59.86828,0,78.765,2.338542,59.97203,0,97.5952,0.212990,59.93122,0,54.7102,4.362240,59.87648,0,PMU
678,5.658333,14501.7,2.783326,59.97319,0,14379.7,0.687034,59.87327,0,14512.5,-1.387086,60.10724,0,79.5657,2.640667,60.01282,0,97.3788,0.512261,60.68159,0,54.8409,4.658533,60.87181,0,PMU,14470.4,2.415333,59.93239,0,14393.7,0.322136,59.92190,0,14532.2,4.526604,60.11540,0,78.9818,2.274842,59.97435,0,97.7065,0.151669,60.01399,0,54.2803,4.300920,60.05828,0,PMU,14389,-0.732791,60.05012,0,14464.2,3.457464,60.06178,0,14534.8,1.368915,59.86744,0,78.8915,-0.874868,60.01865,0,97.6837,3.282947,59.94405,0,54.3759,1.147182,59.93472,0,PMU,14470.9,2.427171,59.93705,0,14392.1,0.333855,59.92073,0,14530.7,4.538383,60.11424,0,79.0605,2.287781,60.00583,0,97.7225,0.164242,60.02331,0,54.4219,4.315200,60.09442,0,PMU,14476.8,2.478911,59.94176,0,14391.7,0.385043,59.91607,0,14528.4,4.590304,60.11656,0,78.8935,2.338786,60.00466,0,97.7481,0.215492,60.04779,0,54.5304,4.366571,60.08272,0,PMU
679,5.666667,14410.4,2.783631,60.00583,0,14421.8,0.692754,60.10925,0,14534.4,-1.393678,59.87411,0,79.5877,2.637615,59.94172,0,100.257,0.477489,59.33590,0,55.7529,4.614899,59.16666,0,PMU,14390.6,2.417957,60.05012,0,14469.3,0.325371,60.06178,0,14536.5,4.519646,59.86711,0,78.8448,2.275086,60.00466,0,97.3915,0.149716,59.96270,0,54.3176,4.297075,59.92656,0,PMU,14468.8,-0.736087,59.93705,0,14388,3.453558,59.92540,0,14533.1,1.375185,60.11974,0,78.9018,-0.877005,59.95920,0,97.7058,3.283924,60.01865,0,54.3469,1.150294,60.05945,0,PMU,14388.9,2.429552,60.04546,0,14467,0.337090,60.06178,0,14533.9,4.531364,59.86595,0,79.0795,2.286621,59.97785,0,97.4343,0.162045,59.95804,0,54.4543,4.309097,59.88343,0,PMU,14393.4,2.481048,60.04080,0,14463.3,0.388583,60.06761,0,14536.3,4.583346,59.86712,0,78.7622,2.337871,59.98251,0,97.6142,0.212074,59.93472,0,54.5981,4.362240,59.91728,0,PMU
680,5.675000,14501.6,2.782350,59.97552,0,14379.7,0.686179,59.87443,0,14512.4,-1.388002,60.10841,0,79.7003,2.638347,60.01399,0,97.289,0.512322,60.66527,0,54.8591,4.657251,60.80886,0,PMU,14470.7,2.414478,59.93356,0,14394.2,0.321304,59.92232,0,14532.9,4.525749,60.11657,0,78.9727,2.274293,59.98485,0,97.6962,0.151181,60.02798,0,54.294,4.300432,60.06411,0,PMU,14389.2,-0.733462,60.05012,0,14464.6,3.456854,60.06295,0,14534.8,1.368244,59.86744,0,78.9111,-0.875662,60.02565,0,97.3655,3.281421,59.95221,0,54.3435,1.146083,59.91957,0,PMU,14470.8,2.426256,59.93705,0,14391.6,0.332878,59.91957,0,14530.6,4.537407,60.11540,0,78.9748,2.286560,59.99883,0,97.7213,0.163266,60.02331,0,54.3709,4.313552,60.08509,0,PMU,14476.4,2.477996,59.94172,0,14391.8,0.384128,59.91491,0,14528.2,4.589388,60.11540,0,78.9237,2.338115,60.00466,0,97.8161,0.214760,60.05129,0,54.6161,4.365595,60.06407,0,PMU
681,5.683333,14410,2.782716,60.00699,0,14422.4,0.691778,60.10692,0,14534.6,-1.394593,59.87411,0,79.5723,2.637005,59.97435,0,100.048,0.479503,59.37320,0,55.6876,4.615814,59.20862,0,PMU,14390.7,2.417103,60.05012,0,14469.5,0.324456,60.06019,0,14536.7,4.518791,59.86711,0,78.835,2.274171,59.99767,0,97.5383,0.149106,59.96037,0,54.3663,4.297136,59.93705,0,PMU,14468.5,-0.736758,59.93705,0,14388.9,3.452887,59.92423,0,14533.3,1.374391,60.11741,0,78.8436,-0.878042,59.95454,0,97.6864,3.283069,60.03147,0,54.2766,1.149379,60.06295,0,PMU,14389.1,2.428636,60.04546,0,14467,0.336113,60.06178,0,14534.2,4.530449,59.86711,0,79.0106,2.285523,59.98018,0,97.4414,0.161007,59.95687,0,54.4178,4.308242,59.89859,0,PMU,14393.3,2.480132,60.04080,0,14463.3,0.387668,60.06761,0,14536.3,4.582492,59.86828,0,78.7525,2.337383,59.98601,0,97.5688,0.211586,59.93938,0,54.5605,4.360714,59.90679,0,PMU
682,5.691667,14501.2,2.781373,59.97435,0,14380.2,0.685142,59.87327,0,14512.3,-1.388978,60.10724,0,79.6259,2.636943,59.99883,0,97.4745,0.512322,60.62680,0,54.8075,4.655542,60.75874,0,PMU,14470.4,2.413624,59.93356,0,14393,0.320388,59.92232,0,14532.9,4.524834,60.11540,0,78.9415,2.273133,59.98018,0,97.6273,0.150143,60.01982,0,54.3464,4.299760,60.05012,0,PMU,14389.8,-0.734133,60.05012,0,14465.9,3.456122,60.06178,0,14535.3,1.367572,59.86977,0,78.9269,-0.876577,60.02798,0,97.3972,3.280506,59.95104,0,54.349,1.145717,59.93006,0,PMU,14470.9,2.425340,59.93705,0,14391.8,0.331902,59.91957,0,14530.3,4.536491,60.11540,0,78.9895,2.285889,60.00699,0,97.7925,0.162472,60.02798,0,54.4026,4.312820,60.08743,0,PMU,14475.8,2.477141,59.94288,0,14391.6,0.383273,59.91607,0,14527.9,4.588534,60.11540,0,78.8701,2.336833,59.98951,0,97.9892,0.214393,60.05362,0,54.6101,4.366144,60.10370,0,PMU
683,5.700000,14409.3,2.781617,60.00466,0,14422.8,0.690696,60.10608,0,14534.6,-1.395631,59.87294,0,79.5756,2.635740,59.97702,0,99.977,0.480113,59.38486,0,55.627,4.616486,59.25408,0,PMU,14390.7,2.416187,60.04896,0,14464.9,0.323296,60.05553,0,14536.3,4.517815,59.86595,0,78.8676,2.273499,60.00699,0,97.2575,0.148007,59.95920,0,54.335,4.296098,59.93006,0,PMU,14468.9,-0.737429,59.93705,0,14390,3.452276,59.92656,0,14533.2,1.373720,60.11741,0,78.8583,-0.878042,59.97202,0,97.7978,3.282276,60.03380,0,54.2977,1.148952,60.06178,0,PMU,14388.6,2.427660,60.04430,0,14467.1,0.335136,60.06178,0,14533.6,4.529472,59.86595,0,78.9778,2.284241,59.96853,0,97.52,0.160214,59.95687,0,54.4203,4.307510,59.89859,0,PMU,14392.7,2.479278,60.04080,0,14462.9,0.386813,60.06761,0,14536,4.581576,59.86711,0,78.8003,2.336589,59.99534,0,97.5846,0.210670,59.92889,0,54.691,4.360409,59.89047,0,PMU
684,5.708333,14501.3,2.780274,59.97435,0,14379.9,0.684104,59.87411,0,14512.2,-1.390016,60.10724,0,79.6965,2.636045,60.00583,0,97.6271,0.510796,60.58600,0,54.8007,4.654199,60.72027,0,PMU,14469.6,2.412647,59.93239,0,14388.4,0.319046,59.91882,0,14532.2,4.523857,60.11540,0,79.0042,2.272401,59.97902,0,97.5974,0.149655,60.03147,0,54.3083,4.299028,60.05595,0,PMU,14389.5,-0.734866,60.04896,0,14467.5,3.455511,60.06178,0,14534.8,1.366840,59.86860,0,78.8955,-0.877432,60.01166,0,97.5808,3.280157,59.95953,0,54.3781,1.145106,59.92656,0,PMU,14470.5,2.424303,59.93589,0,14391.8,0.330986,59.92074,0,14530.1,4.535454,60.11424,0,78.9706,2.285096,60.01632,0,97.7428,0.161252,60.01982,0,54.4167,4.312026,60.08626,0,PMU,14475.2,2.476165,59.94055,0,14391.3,0.382419,59.91607,0,14528.1,4.587619,60.11540,0,79.0025,2.336101,59.99067,0,97.8323,0.213356,60.05129,0,54.5526,4.364069,60.06990,0,PMU
685,5.716667,14409.4,2.780641,60.00699,0,14422.8,0.689719,60.10724,0,14534.4,-1.396608,59.87411,0,79.6606,2.634947,59.97902,0,99.9609,0.479991,59.41167,0,55.6262,4.617462,59.29838,0,PMU,14390.3,2.415150,60.04779,0,14463.8,0.322075,60.05786,0,14535.7,4.516838,59.86595,0,78.8807,2.272584,60.00350,0,97.4586,0.147641,59.96153,0,54.3475,4.295183,59.92656,0,PMU,14468.7,-0.738100,59.93822,0,14392,3.451788,59.92890,0,14533.2,1.372987,60.11741,0,78.8707,-0.878469,59.98018,0,97.7422,3.281909,60.03347,0,54.3598,1.148463,60.06411,0,PMU,14388.7,2.426683,60.04546,0,14466.9,0.334160,60.06061,0,14533.7,4.528557,59.86828,0,78.9786,2.283387,59.96736,0,97.4244,0.158993,59.95687,0,54.4084,4.306411,59.89276,0,PMU,14392.5,2.478362,60.04196,0,14462.7,0.385898,60.06644,0,14536.2,4.580661,59.86711,0,78.8792,2.336040,59.99883,0,97.6857,0.208778,59.91257,0,54.6112,4.360104,59.92427,0,PMU
686,5.725000,14500.4,2.779298,59.97435,0,14379.8,0.683128,59.87411,0,14511.6,-1.391114,60.10491,0,79.6688,2.634764,59.99650,0,97.797,0.509392,60.56152,0,54.7938,4.652734,60.67364,0,PMU,14469.2,2.411610,59.93239,0,14388.3,0.318008,59.92232,0,14531.8,4.522881,60.11540,0,78.9835,2.271607,59.98135,0,97.7681,0.149167,60.02914,0,54.3139,4.297929,60.05246,0,PMU,14388.3,-0.735598,60.04779,0,14467.9,3.455023,60.06178,0,14534.3,1.366107,59.86860,0,79.039,-0.877615,60.01632,0,97.5045,3.279791,59.95953,0,54.3645,1.144252,59.91957,0,PMU,14470.5,2.423326,59.93589,0,14391.7,0.330010,59.92074,0,14531,4.534538,60.11424,0,78.984,2.284119,60.01399,0,97.6981,0.160031,60.01982,0,54.3397,4.310562,60.07927,0,PMU,14475.3,2.475310,59.94172,0,14391.3,0.381503,59.91607,0,14528.5,4.586703,60.11540,0,79.0466,2.335124,59.98251,0,97.8673,0.211830,60.05828,0,54.6615,4.363217,60.05945,0,PMU
687,5.733333,14408.5,2.779542,60.00466,0,14422.8,0.688621,60.10491,0,14534.6,-1.397706,59.87411,0,79.6243,2.633360,59.97319,0,99.8632,0.480480,59.44780,0,55.5655,4.618134,59.33918,0,PMU,14389.8,2.414173,60.04896,0,14463.6,0.321121,60.05945,0,14535.1,4.515862,59.86595,0,78.8649,2.271790,60.00350,0,97.5789,0.146420,59.94754,0,54.3649,4.294450,59.93356,0,PMU,14467.5,-0.739016,59.93473,0,14391.4,3.451056,59.92424,0,14532.7,1.372133,60.11508,0,78.973,-0.878897,59.97552,0,97.7008,3.281177,60.02648,0,54.2951,1.147487,60.06178,0,PMU,14389.2,2.425768,60.04663,0,14467.2,0.333244,60.06178,0,14534.8,4.527641,59.86828,0,78.9805,2.282288,59.96503,0,97.4099,0.158017,59.96153,0,54.3652,4.305313,59.89975,0,PMU,14392.5,2.477569,60.04313,0,14463.2,0.385104,60.06878,0,14536.4,4.579867,59.86944,0,78.8706,2.335430,60.00583,0,97.6648,0.209083,59.94754,0,54.6162,4.358578,59.91141,0,PMU
688,5.741667,14499.7,2.778199,59.97435,0,14379.2,0.682090,59.87527,0,14511.7,-1.392152,60.10608,0,79.6183,2.633482,60.00233,0,97.9067,0.508416,60.53354,0,54.7657,4.651636,60.63984,0,PMU,14468.7,2.410694,59.93356,0,14387.8,0.317092,59.92307,0,14531.6,4.521904,60.11540,0,78.9748,2.270386,59.97319,0,97.6369,0.147458,60.01982,0,54.3337,4.297014,60.04896,0,PMU,14387.8,-0.736514,60.04779,0,14467.8,3.454107,60.05828,0,14533.8,1.365253,59.86860,0,79.0088,-0.878958,59.99883,0,97.4198,3.279058,59.95953,0,54.3433,1.143215,59.91841,0,PMU,14471.2,2.422350,59.93472,0,14392,0.329155,59.92190,0,14531.8,4.533684,60.11540,0,79.0317,2.283570,60.02448,0,97.7412,0.159298,60.02448,0,54.3686,4.309463,60.07927,0,PMU,14475.2,2.474517,59.94172,0,14391.6,0.380710,59.91607,0,14528,4.585910,60.11540,0,79.0324,2.334209,59.97669,0,98.0654,0.212013,60.05595,0,54.688,4.363583,60.09559,0,PMU
689,5.750000,14407.9,2.778504,60.00583,0,14422.7,0.687583,60.10491,0,14534.5,-1.398744,59.87411,0,79.7119,2.632566,59.98251,0,99.6702,0.480174,59.46063,0,55.5249,4.618988,59.37648,0,PMU,14389.2,2.413197,60.04779,0,14463,0.320205,60.05945,0,14535.1,4.514885,59.86595,0,78.85,2.270508,60.00233,0,97.3612,0.145139,59.95570,0,54.3401,4.293169,59.92656,0,PMU,14467,-0.739931,59.93473,0,14391.2,3.450079,59.92307,0,14531.9,1.371278,60.11508,0,78.9372,-0.879568,59.98834,0,97.8722,3.280933,60.03580,0,54.3091,1.146571,60.06411,0,PMU,14389.6,2.424913,60.04896,0,14467.7,0.332390,60.06178,0,14535,4.526787,59.86828,0,78.9499,2.281494,59.96037,0,97.5678,0.157101,59.95804,0,54.3721,4.304702,59.90908,0,PMU,14391.9,2.476714,60.04196,0,14463.1,0.384250,60.06761,0,14536.1,4.579013,59.86828,0,78.9689,2.335124,60.01749,0,97.7608,0.208473,59.93239,0,54.7335,4.357540,59.88460,0,PMU
690,5.758333,14499.5,2.777223,59.97553,0,14379.1,0.681114,59.87644,0,14511.3,-1.393129,60.10724,0,79.728,2.632688,60.00233,0,97.8657,0.506890,60.51023,0,54.7571,4.651025,60.61186,0,PMU,14468.3,2.409718,59.93356,0,14387.1,0.316055,59.92073,0,14531.6,4.520989,60.11657,0,78.9726,2.269227,59.97552,0,97.6526,0.146786,60.03147,0,54.3031,4.296037,60.05479,0,PMU,14387.2,-0.737429,60.04779,0,14468.3,3.453131,60.05828,0,14533.9,1.364276,59.86627,0,78.9759,-0.880283,59.98634,0,97.6879,3.278997,59.96303,0,54.3849,1.142543,59.92307,0,PMU,14471.9,2.421556,59.93589,0,14392.6,0.328301,59.92190,0,14531.9,4.532890,60.11656,0,78.9979,2.282471,60.01865,0,97.7323,0.158017,60.01749,0,54.3731,4.308669,60.07577,0,PMU,14474.5,2.473601,59.94055,0,14391.1,0.379812,59.91524,0,14527.5,4.585055,60.11540,0,79.0664,2.333049,59.96037,0,97.9582,0.210792,60.04430,0,54.5412,4.360836,60.06295,0,PMU
691,5.766667,14407.5,2.777589,60.00699,0,14423,0.686668,60.10608,0,14533.9,-1.399720,59.87411,0,79.7461,2.631651,59.98018,0,99.5567,0.479991,59.48627,0,55.4822,4.619782,59.40329,0,PMU,14389.4,2.412220,60.04779,0,14462.8,0.319168,60.05945,0,14534.7,4.513909,59.86478,0,78.8908,2.270081,60.01632,0,97.4097,0.144467,59.95570,0,54.336,4.292131,59.92540,0,PMU,14466.9,-0.740786,59.93589,0,14391.7,3.449225,59.92540,0,14532.2,1.370363,60.11624,0,78.9306,-0.880528,59.99534,0,97.8475,3.280157,60.02215,0,54.3605,1.145717,60.06061,0,PMU,14390,2.424120,60.04896,0,14468.3,0.331536,60.06178,0,14535,4.525932,59.86712,0,78.8786,2.280396,59.96037,0,97.3869,0.156064,59.96270,0,54.3408,4.303420,59.89975,0,PMU,14391.8,2.475860,60.04313,0,14463.2,0.383395,60.06844,0,14535.2,4.578158,59.86828,0,78.914,2.334148,60.02098,0,97.6033,0.207558,59.93822,0,54.5806,4.357418,59.93472,0,PMU
692,5.775000,14498.7,2.776246,59.97436,0,14378.5,0.680198,59.87644,0,14510.4,-1.394105,60.10724,0,79.7137,2.631773,60.00233,0,97.8452,0.505425,60.48575,0,54.7365,4.649439,60.56641,0,PMU,14467.9,2.408741,59.93356,0,14387.3,0.315139,59.92307,0,14531.7,4.520012,60.11657,0,78.9856,2.268677,59.97319,0,97.7331,0.146359,60.03614,0,54.2825,4.294878,60.05246,0,PMU,14386.8,-0.738284,60.04779,0,14467.5,3.452399,60.06061,0,14534,1.363422,59.86744,0,78.978,-0.881016,59.99067,0,97.5361,3.277960,59.95804,0,54.3611,1.141445,59.91841,0,PMU,14471.1,2.420641,59.93356,0,14392.6,0.327385,59.92073,0,14531.7,4.531914,60.11423,0,78.939,2.281311,60.01749,0,97.6412,0.156918,60.01632,0,54.3098,4.307083,60.06994,0,PMU,14474.2,2.472808,59.94172,0,14391,0.378957,59.91524,0,14526.7,4.584140,60.11424,0,78.9807,2.332317,59.96503,0,97.9358,0.209816,60.04313,0,54.6058,4.359982,60.04896,0,PMU
693,5.783333,14407.2,2.776552,60.00583,0,14422.9,0.685630,60.10375,0,14533.5,-1.400758,59.87294,0,79.7424,2.630369,59.97319,0,99.374,0.480113,59.51658,0,55.5776,4.619415,59.42660,0,PMU,14388.8,2.411243,60.04779,0,14462.6,0.318313,60.06061,0,14534.4,4.512993,59.86595,0,78.8849,2.269471,60.01515,0,97.5298,0.143613,59.94754,0,54.3563,4.291643,59.93822,0,PMU,14466.3,-0.741640,59.93589,0,14391.1,3.448431,59.92424,0,14532.4,1.369525,60.11657,0,78.8944,-0.881321,59.99417,0,97.7755,3.278692,60.01399,0,54.3185,1.144801,60.06411,0,PMU,14389.8,2.423204,60.04896,0,14468.4,0.330620,60.06178,0,14535.3,4.524895,59.86595,0,78.8488,2.279786,59.97086,0,97.3298,0.154965,59.96270,0,54.3275,4.302383,59.91024,0,PMU,14391.4,2.475005,60.04196,0,14463,0.382541,60.06844,0,14534.7,4.577304,59.86944,0,78.8934,2.333476,60.02215,0,97.6136,0.206947,59.94521,0,54.5624,4.355709,59.91840,0,PMU
694,5.791667,14499.3,2.775270,59.97552,0,14378.8,0.679221,59.87760,0,14510.7,-1.395082,60.10841,0,79.7449,2.630857,60.00933,0,97.9527,0.504283,60.46160,0,54.9823,4.647547,60.53726,0,PMU,14467.7,2.407887,59.93589,0,14387,0.314285,59.92307,0,14531.8,4.519097,60.11657,0,78.9626,2.267518,59.96270,0,97.6121,0.144772,60.02215,0,54.3306,4.294267,60.05012,0,PMU,14387.1,-0.739138,60.04779,0,14468.1,3.451544,60.05945,0,14535.1,1.362628,59.86828,0,78.9524,-0.882176,59.98368,0,97.4834,3.276861,59.96503,0,54.356,1.140407,59.91608,0,PMU,14470.9,2.419725,59.93356,0,14393.1,0.326470,59.92073,0,14532,4.530937,60.11540,0,79.0255,2.281006,60.02331,0,97.7323,0.156552,60.03031,0,54.3419,4.306472,60.07810,0,PMU,14473.3,2.472014,59.94288,0,14390.8,0.378103,59.91524,0,14525.4,4.583285,60.11424,0,78.9153,2.331279,59.95804,0,98.0644,0.209083,60.04080,0,54.5904,4.360165,60.08509,0,PMU
695,5.800000,14407,2.775636,60.00699,0,14424.1,0.684776,60.10608,0,14534,-1.401671,59.87415,0,79.7875,2.629454,59.97319,0,99.0903,0.480907,59.55355,0,55.7031,4.619660,59.46740,0,PMU,14388.5,2.410389,60.04779,0,14462.9,0.317520,60.06178,0,14534.2,4.512078,59.86595,0,78.8804,2.268433,60.01749,0,97.3466,0.142270,59.95221,0,54.3366,4.290300,59.92423,0,PMU,14467,-0.742434,59.93705,0,14391.5,3.447638,59.92540,0,14532.9,1.368793,60.11773,0,78.9367,-0.881626,60.01049,0,97.8743,3.278143,60.02448,0,54.3054,1.143886,60.06644,0,PMU,14389.7,2.422289,60.04896,0,14468.5,0.329644,60.06062,0,14535.4,4.524040,59.86828,0,78.835,2.279236,59.96620,0,97.5961,0.154782,59.96620,0,54.4025,4.302383,59.92190,0,PMU,14390.7,2.474212,60.04196,0,14463.2,0.381747,60.06961,0,14534.2,4.576388,59.86828,0,78.9092,2.332927,60.03147,0,97.5605,0.205849,59.93822,0,54.6744,4.355221,59.90558,0,PMU
696,5.808333,14499.1,2.774415,59.97669,0,14380.3,0.678489,59.87994,0,14511.4,-1.395997,60.10837,0,79.7741,2.630064,60.01166,0,97.7818,0.504222,60.44529,0,55.0322,4.646509,60.51278,0,PMU,14467,2.406971,59.93472,0,14386.7,0.313430,59.92190,0,14532,4.518181,60.11657,0,78.9459,2.266297,59.95920,0,97.7091,0.144345,60.03963,0,54.3143,4.293352,60.05828,0,PMU,14386.9,-0.739870,60.04896,0,14468.4,3.450751,60.05945,0,14534.5,1.361896,59.86828,0,78.9316,-0.882786,59.97785,0,97.6155,3.276129,59.96153,0,54.3504,1.140102,59.92773,0,PMU,14470.8,2.418873,59.93476,0,14393.2,0.325615,59.92306,0,14531.7,4.530083,60.11540,0,78.9654,2.279847,60.01166,0,97.7688,0.155819,60.01982,0,54.3944,4.305496,60.05945,0,PMU,14472.8,2.471160,59.94172,0,14391,0.377370,59.91640,0,14526.4,4.582492,60.11657,0,78.9281,2.330669,59.95687,0,97.8444,0.208229,60.04546,0,54.5451,4.358517,60.06295,0,PMU
697,5.816667,14407.2,2.774843,60.00816,0,14424.9,0.683982,60.10491,0,14534.9,-1.402587,59.87415,0,79.7394,2.628355,59.96736,0,99.0729,0.480846,59.55355,0,55.7093,4.619782,59.48955,0,PMU,14388.7,2.409534,60.04896,0,14463.5,0.316604,60.06062,0,14534.7,4.511240,59.86744,0,78.9255,2.267823,60.02914,0,97.5106,0.141965,59.95454,0,54.3762,4.289262,59.92190,0,PMU,14466.9,-0.743227,59.93589,0,14392.1,3.446906,59.92656,0,14532.8,1.368000,60.11657,0,78.9232,-0.882420,60.00699,0,97.73,3.276922,60.01515,0,54.3334,1.143092,60.05712,0,PMU,14389.2,2.421495,60.05008,0,14468.1,0.328850,60.06178,0,14534.7,4.523186,59.86828,0,78.8175,2.278565,59.97552,0,97.5009,0.153989,59.96503,0,54.3629,4.300859,59.91145,0,PMU,14391,2.473418,60.04313,0,14463.1,0.380954,60.06844,0,14534.8,4.575656,59.86944,0,78.9099,2.331890,60.02331,0,97.6029,0.205299,59.94405,0,54.6024,4.355404,59.94055,0,PMU
698,5.825000,14499.7,2.773561,59.97552,0,14381.6,0.677635,59.87877,0,14512.2,-1.396913,60.10837,0,79.7013,2.629209,60.01632,0,97.8616,0.502818,60.41964,0,55.0414,4.645532,60.49180,0,PMU,14467.7,2.406178,59.93589,0,14387.3,0.312637,59.92423,0,14532.7,4.517449,60.11857,0,78.9194,2.265748,59.96037,0,97.9123,0.144284,60.04430,0,54.3147,4.292192,60.05595,0,PMU,14386.8,-0.740603,60.05012,0,14469,3.450079,60.06062,0,14534.9,1.361103,59.86828,0,78.9568,-0.883518,59.97902,0,97.5011,3.275091,59.96503,0,54.344,1.139125,59.92423,0,PMU,14469.3,2.418018,59.93360,0,14392.1,0.324761,59.92190,0,14530.7,4.529228,60.11540,0,79.0221,2.278809,60.00466,0,97.7621,0.154843,60.01631,0,54.3238,4.304275,60.06524,0,PMU,14473,2.470367,59.94172,0,14390.5,0.376577,59.91640,0,14526.5,4.581759,60.11657,0,78.8875,2.329631,59.95687,0,97.8263,0.206947,60.03147,0,54.5836,4.357479,60.03963,0,PMU
699,5.833333,14408,2.774049,60.00933,0,14426.4,0.683189,60.10608,0,14536.3,-1.403441,59.87531,0,79.681,2.627562,59.96853,0,98.924,0.481029,59.58386,0,55.7163,4.620209,59.51636,0,PMU,14389,2.408802,60.05012,0,14464.2,0.315872,60.06178,0,14534.8,4.510508,59.86744,0,78.8915,2.266724,60.01865,0,97.6837,0.141354,59.94405,0,54.3759,4.288774,59.93472,0,PMU,14467,-0.743960,59.93589,0,14392.2,3.446173,59.92540,0,14533.5,1.367267,60.11773,0,78.9405,-0.882969,60.01049,0,97.736,3.275884,60.01515,0,54.3259,1.142543,60.06528,0,PMU,14388.7,2.420580,60.04892,0,14467.4,0.327935,60.06061,0,14534.1,4.522270,59.86712,0,78.8651,2.277893,59.98251,0,97.4516,0.152890,59.96270,0,54.3179,4.299944,59.91728,0,PMU,14391.4,2.472686,60.04430,0,14463.7,0.380221,60.06961,0,14535.4,4.574984,59.87061,0,78.9292,2.330791,60.02215,0,97.5572,0.204811,59.95920,0,54.5527,4.353756,59.92889,0,PMU
700,5.841667,14500.5,2.772767,59.97552,0,14382.3,0.676841,59.87877,0,14513.3,-1.397706,60.10953,0,79.6616,2.628782,60.02331,0,97.9586,0.502391,60.40798,0,55.0654,4.644800,60.46965,0,PMU,14468.8,2.405506,59.93705,0,14388,0.311966,59.92540,0,14533.1,4.516777,60.11974,0,78.9018,2.264588,59.95920,0,97.7058,0.142331,60.01865,0,54.3469,4.291887,60.05945,0,PMU,14386.2,-0.741335,60.05012,0,14468.7,3.449347,60.06062,0,14534.9,1.360309,59.86711,0,78.9163,-0.884007,59.98018,0,97.4482,3.274359,59.97086,0,54.3482,1.138698,59.92656,0,PMU,14469.7,2.417103,59.93360,0,14392.1,0.323845,59.92190,0,14530.9,4.528313,60.11540,0,79.0494,2.277771,59.99767,0,97.8019,0.154233,60.02565,0,54.3199,4.303237,60.06291,0,PMU,14473.9,2.469695,59.94288,0,14391.5,0.375844,59.91640,0,14526.9,4.581027,60.11540,0,78.927,2.328777,59.96153,0,98.0914,0.206581,60.03380,0,54.628,4.358090,60.08276,0,PMU
701,5.850000,14408.6,2.773317,60.01049,0,14427.2,0.682395,60.10608,0,14536.7,-1.404235,59.87531,0,79.6662,2.627073,59.96736,0,98.8916,0.480724,59.58619,0,55.7239,4.620819,59.54200,0,PMU,14389.2,2.408131,60.05012,0,14464.6,0.315261,60.06295,0,14534.8,4.509836,59.86744,0,78.9111,2.265931,60.02565,0,97.3655,0.139829,59.95221,0,54.3435,4.287676,59.91957,0,PMU,14466.6,-0.744692,59.93589,0,14392.1,3.445441,59.92540,0,14533.7,1.366535,60.11890,0,78.9544,-0.883335,60.01282,0,97.8279,3.275518,60.02215,0,54.336,1.142055,60.06411,0,PMU,14389.1,2.419664,60.04892,0,14467.8,0.327019,60.06061,0,14534.3,4.521416,59.86828,0,78.906,2.277344,59.99185,0,97.6425,0.152280,59.96270,0,54.387,4.299638,59.93127,0,PMU,14393.1,2.471953,60.04313,0,14465.2,0.379445,60.06878,0,14537.1,4.574191,59.86944,0,79.0139,2.329509,60.01399,0,97.7011,0.204018,59.95104,0,54.7223,4.352658,59.89625,0,PMU
702,5.858333,14500.6,2.771974,59.97435,0,14382.7,0.676048,59.87877,0,14513.4,-1.398561,60.10837,0,79.6261,2.628416,60.02565,0,97.9024,0.501353,60.39399,0,55.1156,4.644556,60.45334,0,PMU,14468.5,2.404835,59.93705,0,14388.9,0.311294,59.92423,0,14533.3,4.515984,60.11741,0,78.8436,2.263550,59.95454,0,97.6864,0.141476,60.03147,0,54.2766,4.290971,60.06295,0,PMU,14386,-0.742068,60.05012,0,14469.2,3.448615,60.06062,0,14535.2,1.359577,59.86711,0,78.9013,-0.885166,59.96503,0,97.6102,3.273626,59.96386,0,54.3938,1.138576,59.93356,0,PMU,14470.4,2.416248,59.93476,0,14393.4,0.322991,59.92307,0,14531.8,4.527458,60.11540,0,79.0538,2.276551,59.98485,0,97.7797,0.152951,60.01282,0,54.3602,4.302017,60.04542,0,PMU,14476,2.468963,59.94288,0,14393.1,0.375173,59.91840,0,14529.5,4.580417,60.11890,0,78.9307,2.327495,59.96153,0,98.0421,0.205604,60.03031,0,54.4913,4.355221,60.04896,0,PMU
703,5.866667,14409,2.772523,60.01049,0,14427.5,0.681602,60.10608,0,14537.1,-1.405089,59.87531,0,79.5374,2.626341,59.96037,0,98.7647,0.480663,59.60484,0,55.6992,4.620514,59.54084,0,PMU,14389.8,2.407459,60.05012,0,14465.9,0.314529,60.06178,0,14535.3,4.509165,59.86977,0,78.9269,2.265015,60.02798,0,97.3972,0.138913,59.95104,0,54.349,4.287309,59.93006,0,PMU,14467.1,-0.745364,59.93705,0,14392.6,3.444769,59.92656,0,14533.7,1.365802,60.11890,0,78.9359,-0.884495,60.01282,0,97.733,3.274664,60.01982,0,54.38,1.141750,60.06062,0,PMU,14389.9,2.418873,60.05012,0,14468.8,0.326226,60.06178,0,14535.6,4.520561,59.86828,0,78.8905,2.276185,59.99301,0,97.4763,0.150937,59.96153,0,54.3094,4.297868,59.92078,0,PMU,14394.5,2.471282,60.04430,0,14466.3,0.378835,60.06994,0,14538.4,4.573598,59.86978,0,78.9628,2.328227,60.01399,0,97.6885,0.203163,59.95337,0,54.5126,4.352108,59.94055,0,PMU
704,5.875000,14501,2.771119,59.97319,0,14382.2,0.675254,59.87877,0,14513.5,-1.399354,60.10953,0,79.4605,2.627745,60.02681,0,97.8759,0.500255,60.37418,0,55.018,4.643518,60.43935,0,PMU,14468.9,2.404163,59.93705,0,14390,0.310684,59.92656,0,14533.2,4.515312,60.11741,0,78.8583,2.263550,59.97202,0,97.7978,0.140683,60.03380,0,54.2977,4.290544,60.06178,0,PMU,14385.9,-0.742678,60.05129,0,14468.9,3.447943,60.06062,0,14534.6,1.358905,59.86828,0,78.8348,-0.886082,59.96969,0,97.5396,3.272833,59.96503,0,54.3519,1.137599,59.92073,0,PMU,14470.4,2.415333,59.93239,0,14393.7,0.322136,59.92190,0,14532.2,4.526604,60.11540,0,78.9818,2.274842,59.97435,0,97.7065,0.151669,60.01399,0,54.2803,4.300920,60.05828,0,PMU,14475.8,2.468291,59.94288,0,14393.5,0.374440,59.91607,0,14529.1,4.579684,60.11624,0,78.8836,2.326946,59.97552,0,97.8795,0.204262,60.02098,0,54.472,4.354061,60.03730,0,PMU
705,5.883333,14408.9,2.771608,60.00933,0,14427.6,0.680686,60.10374,0,14537.2,-1.406005,59.87298,0,79.4181,2.625547,59.95804,0,98.582,0.480235,59.61766,0,55.5663,4.620697,59.56415,0,PMU,14389.5,2.406727,60.04896,0,14467.5,0.313919,60.06178,0,14534.8,4.508432,59.86860,0,78.8955,2.264161,60.01166,0,97.5808,0.138564,59.95953,0,54.3781,4.286699,59.92656,0,PMU,14466,-0.746157,59.93356,0,14392.5,3.444037,59.92540,0,14533.2,1.365009,60.11657,0,78.8629,-0.885716,60.00699,0,97.7273,3.273687,60.01632,0,54.307,1.140590,60.05712,0,PMU,14390.6,2.417957,60.05012,0,14469.3,0.325371,60.06178,0,14536.5,4.519646,59.86711,0,78.8448,2.275086,60.00466,0,97.3915,0.149716,59.96270,0,54.3176,4.297075,59.92656,0,PMU,14394.2,2.470489,60.04196,0,14466.6,0.377980,60.06761,0,14537.5,4.572744,59.86744,0,78.9847,2.327495,60.01049,0,97.5519,0.202553,59.96736,0,54.477,4.351010,59.94172,0,PMU
706,5.891667,14500.3,2.770143,59.97202,0,14382.1,0.674278,59.87761,0,14513.5,-1.400331,60.10837,0,79.404,2.627195,60.03147,0,97.8807,0.499034,60.35902,0,54.8797,4.641931,60.40555,0,PMU,14468.7,2.403492,59.93822,0,14392,0.310196,59.92890,0,14533.2,4.514580,60.11741,0,78.8707,2.263123,59.98018,0,97.7422,0.140317,60.03347,0,54.3598,4.290056,60.06411,0,PMU,14385.8,-0.743471,60.05129,0,14468.7,3.447089,60.05828,0,14534.4,1.358112,59.86828,0,78.8037,-0.886753,59.98018,0,97.4447,3.272039,59.96853,0,54.3438,1.136867,59.92889,0,PMU,14470.7,2.414478,59.93356,0,14394.2,0.321304,59.92232,0,14532.9,4.525749,60.11657,0,78.9727,2.274293,59.98485,0,97.6962,0.151181,60.02798,0,54.294,4.300432,60.06411,0,PMU,14475.9,2.467437,59.94172,0,14393.7,0.373525,59.91491,0,14528.7,4.578708,60.11390,0,78.8939,2.326457,59.98018,0,98.082,0.203956,60.02681,0,54.5368,4.354855,60.07344,0,PMU
707,5.900000,14408.5,2.770631,60.00933,0,14427.5,0.679649,60.10258,0,14537.5,-1.406981,59.87298,0,79.4443,2.624754,59.95337,0,98.5507,0.480113,59.63864,0,55.4353,4.619904,59.57930,0,PMU,14388.3,2.405994,60.04779,0,14467.9,0.313430,60.06178,0,14534.3,4.507700,59.86860,0,79.039,2.263978,60.01632,0,97.5045,0.138198,59.95953,0,54.3645,4.285845,59.91957,0,PMU,14466.1,-0.746950,59.93356,0,14392.2,3.443183,59.92540,0,14533.1,1.364215,60.11657,0,78.9263,-0.885960,60.01515,0,97.8339,3.273687,60.03147,0,54.325,1.140346,60.06644,0,PMU,14390.7,2.417103,60.05012,0,14469.5,0.324456,60.06019,0,14536.7,4.518791,59.86711,0,78.835,2.274171,59.99767,0,97.5383,0.149106,59.96037,0,54.3663,4.297136,59.93705,0,PMU,14394.1,2.469512,60.03963,0,14466.8,0.377004,60.06644,0,14537.8,4.571706,59.86628,0,78.9733,2.326213,59.99534,0,97.6621,0.201820,59.95920,0,54.6037,4.349667,59.90092,0,PMU
708,5.908333,14499.9,2.769166,59.97202,0,14382.3,0.673301,59.87877,0,14513.3,-1.401305,60.10841,0,79.4641,2.626646,60.03614,0,98.0193,0.498912,60.35902,0,54.8332,4.641504,60.41254,0,PMU,14467.5,2.402577,59.93473,0,14391.4,0.309463,59.92424,0,14532.7,4.513725,60.11508,0,78.973,2.262696,59.97552,0,97.7008,0.139584,60.02648,0,54.2951,4.289079,60.06178,0,PMU,14386.3,-0.744204,60.05246,0,14468.9,3.446295,60.05945,0,14534.1,1.357318,59.86828,0,78.8199,-0.887302,59.97435,0,97.6282,3.271612,59.96037,0,54.4082,1.136806,59.93239,0,PMU,14470.4,2.413624,59.93356,0,14393,0.320388,59.92232,0,14532.9,4.524834,60.11540,0,78.9415,2.273133,59.98018,0,97.6273,0.150143,60.01982,0,54.3464,4.299760,60.05012,0,PMU,14475.6,2.466399,59.94055,0,14392.8,0.372609,59.91607,0,14528.9,4.577853,60.11740,0,78.8904,2.325542,59.98718,0,97.9683,0.203224,60.02681,0,54.4286,4.352841,60.06062,0,PMU
709,5.916667,14408.1,2.769655,60.00932,0,14427.4,0.678672,60.10258,0,14536.9,-1.407897,59.87411,0,79.4232,2.623716,59.94405,0,98.6286,0.479991,59.63864,0,55.3703,4.620514,59.59912,0,PMU,14387.8,2.405079,60.04779,0,14467.8,0.312515,60.05828,0,14533.8,4.506846,59.86860,0,79.0088,2.262635,59.99883,0,97.4198,0.137466,59.95953,0,54.3433,4.284807,59.91841,0,PMU,14466.6,-0.747683,59.93356,0,14392.6,3.442450,59.92656,0,14533.4,1.363483,60.11773,0,78.8996,-0.886875,60.00816,0,97.7717,3.273016,60.02681,0,54.38,1.139613,60.05362,0,PMU,14390.7,2.416187,60.04896,0,14464.9,0.323296,60.05553,0,14536.3,4.517815,59.86595,0,78.8676,2.273499,60.00699,0,97.2575,0.148007,59.95920,0,54.335,4.296098,59.93006,0,PMU,14394.1,2.468597,60.04196,0,14466.3,0.376027,60.06528,0,14537,4.570851,59.86628,0,78.9757,2.325359,59.99650,0,97.7126,0.201210,59.96153,0,54.5001,4.349179,59.93006,0,PMU
710,5.925000,14499.4,2.768129,59.97086,0,14381.9,0.672264,59.87761,0,14513.1,-1.402343,60.10608,0,79.4144,2.625425,60.03264,0,98.0065,0.497630,60.33688,0,54.7505,4.641260,60.39622,0,PMU,14467,2.401661,59.93473,0,14391.2,0.308487,59.92307,0,14531.9,4.512871,60.11508,0,78.9372,2.262025,59.98834,0,97.8722,0.139340,60.03580,0,54.3091,4.288164,60.06411,0,PMU,14386.3,-0.744875,60.05362,0,14469,3.445563,60.05945,0,14533.8,1.356586,59.86828,0,78.7693,-0.887974,59.97902,0,97.5605,3.270696,59.95570,0,54.3532,1.135402,59.91957,0,PMU,14469.6,2.412647,59.93239,0,14388.4,0.319046,59.91882,0,14532.2,4.523857,60.11540,0,79.0042,2.272401,59.97902,0,97.5974,0.149655,60.03147,0,54.3083,4.299028,60.05595,0,PMU,14475.5,2.465484,59.94056,0,14392.7,0.371633,59.91607,0,14528.4,4.576877,60.11507,0,78.8831,2.325176,59.99650,0,97.9072,0.201881,60.01282,0,54.448,4.351559,60.04546,0,PMU
711,5.933333,14408.1,2.768556,60.00816,0,14427.4,0.677635,60.10258,0,14537.3,-1.408995,59.87294,0,79.3828,2.622313,59.94055,0,98.4635,0.479564,59.65496,0,55.2947,4.620026,59.59446,0,PMU,14387.2,2.404163,60.04779,0,14468.3,0.311538,60.05828,0,14533.9,4.505869,59.86627,0,78.9759,2.261309,59.98634,0,97.6879,0.137405,59.96303,0,54.3849,4.284136,59.92307,0,PMU,14466.2,-0.748415,59.93239,0,14392.8,3.441718,59.92656,0,14533.4,1.362689,60.11657,0,78.883,-0.888035,59.99883,0,97.7487,3.272222,60.02914,0,54.326,1.138515,60.05945,0,PMU,14390.3,2.415150,60.04779,0,14463.8,0.322075,60.05786,0,14535.7,4.516838,59.86595,0,78.8807,2.272584,60.00350,0,97.4586,0.147641,59.96153,0,54.3475,4.295183,59.92656,0,PMU,14393.4,2.467681,60.04196,0,14466.2,0.375112,60.06644,0,14536.6,4.569936,59.86744,0,78.957,2.324565,59.98834,0,97.6215,0.200189,59.96769,0,54.4823,4.347958,59.93123,0,PMU
712,5.941667,14499.1,2.767091,59.97202,0,14381.8,0.671226,59.87761,0,14513.4,-1.403380,60.10724,0,79.382,2.624571,60.04313,0,98.0933,0.496470,60.32289,0,54.7331,4.640161,60.38456,0,PMU,14466.9,2.400807,59.93589,0,14391.7,0.307632,59.92540,0,14532.2,4.511955,60.11624,0,78.9306,2.261065,59.99534,0,97.8475,0.138564,60.02215,0,54.3605,4.287309,60.06061,0,PMU,14386.5,-0.745669,60.05246,0,14468.9,3.444769,60.05828,0,14534.2,1.355854,59.86944,0,78.8018,-0.888584,59.98951,0,97.5856,3.270208,59.96153,0,54.3732,1.134609,59.92540,0,PMU,14469.2,2.411610,59.93239,0,14388.3,0.318008,59.92232,0,14531.8,4.522881,60.11540,0,78.9835,2.271607,59.98135,0,97.7681,0.149167,60.02914,0,54.3139,4.297929,60.05246,0,PMU,14475.2,2.464629,59.94172,0,14392,0.370778,59.91724,0,14527.6,4.576022,60.11624,0,78.9098,2.324565,60.00000,0,98.0634,0.201149,60.01832,0,54.5149,4.352047,60.07810,0,PMU
713,5.950000,14408.7,2.767640,60.01049,0,14427.7,0.676597,60.10258,0,14537.5,-1.409972,59.87411,0,79.274,2.621519,59.94172,0,98.3462,0.478832,59.66312,0,55.2913,4.619965,59.61427,0,PMU,14386.8,2.403309,60.04779,0,14467.5,0.310806,60.06061,0,14534,4.505015,59.86744,0,78.978,2.260577,59.99067,0,97.5361,0.136367,59.95804,0,54.3611,4.283037,59.91841,0,PMU,14466.4,-0.749209,59.93239,0,14392.1,3.440924,59.92656,0,14532.8,1.362018,60.11773,0,78.9825,-0.888645,59.99883,0,97.9131,3.272161,60.03730,0,54.3332,1.137843,60.06178,0,PMU,14389.8,2.414173,60.04896,0,14463.6,0.321121,60.05945,0,14535.1,4.515862,59.86595,0,78.8649,2.271790,60.00350,0,97.5789,0.146420,59.94754,0,54.3649,4.294450,59.93356,0,PMU,14392.6,2.466765,60.04079,0,14465.7,0.374196,60.06528,0,14535.8,4.568959,59.86511,0,78.9659,2.323423,59.97818,0,97.6569,0.199030,59.95953,0,54.5744,4.346615,59.89626,0,PMU
714,5.958333,14499.8,2.766237,59.97319,0,14382.5,0.670372,59.88111,0,14513.7,-1.404296,60.10841,0,79.32,2.623472,60.03730,0,98.0517,0.495494,60.31823,0,54.7835,4.639917,60.38106,0,PMU,14466.3,2.399952,59.93589,0,14391.1,0.306839,59.92424,0,14532.4,4.511118,60.11657,0,78.8944,2.260272,59.99417,0,97.7755,0.137099,60.01399,0,54.3185,4.286394,60.06411,0,PMU,14387.1,-0.746340,60.05479,0,14469.2,3.444098,60.06062,0,14534.2,1.355182,59.86944,0,78.8805,-0.889011,59.99301,0,97.6809,3.269903,59.95687,0,54.3946,1.134120,59.92889,0,PMU,14468.7,2.410694,59.93356,0,14387.8,0.317092,59.92307,0,14531.6,4.521904,60.11540,0,78.9748,2.270386,59.97319,0,97.6369,0.147458,60.01982,0,54.3337,4.297014,60.04896,0,PMU,14474.7,2.463653,59.94056,0,14392.2,0.369863,59.91724,0,14528.1,4.575045,60.11624,0,78.9333,2.323606,60.00350,0,97.8981,0.200006,60.01865,0,54.419,4.349606,60.05711,0,PMU
715,5.966667,14408.5,2.766786,60.01049,0,14428.2,0.675742,60.10258,0,14537.3,-1.410827,59.87527,0,79.1653,2.620238,59.93822,0,98.3462,0.478282,59.67128,0,55.3226,4.620209,59.62360,0,PMU,14387.1,2.402455,60.04779,0,14468.1,0.309952,60.05945,0,14535.1,4.504221,59.86828,0,78.9524,2.259417,59.98368,0,97.4834,0.135268,59.96503,0,54.356,4.282000,59.91608,0,PMU,14466.4,-0.749819,59.93356,0,14392.6,3.440253,59.92656,0,14533,1.361347,60.11773,0,78.9615,-0.889500,59.99067,0,97.9671,3.271856,60.03730,0,54.3615,1.137111,60.05712,0,PMU,14389.2,2.413197,60.04779,0,14463,0.320205,60.05945,0,14535.1,4.514885,59.86595,0,78.85,2.270508,60.00233,0,97.3612,0.145139,59.95570,0,54.3401,4.293169,59.92656,0,PMU,14392.3,2.465789,60.04080,0,14465.3,0.373220,60.06411,0,14535.7,4.568044,59.86628,0,78.9612,2.322263,59.97435,0,97.7133,0.198053,59.96270,0,54.5017,4.345883,59.92890,0,PMU
716,5.975000,14499.3,2.765321,59.97202,0,14382.2,0.669456,59.87994,0,14513,-1.405272,60.10608,0,79.2077,2.622618,60.04546,0,98.0663,0.494273,60.30540,0,54.7841,4.639002,60.35892,0,PMU,14467,2.399159,59.93705,0,14391.5,0.306045,59.92540,0,14532.9,4.510386,60.11773,0,78.9367,2.259966,60.01049,0,97.8743,0.136550,60.02448,0,54.3054,4.285479,60.06644,0,PMU,14387.1,-0.747073,60.05246,0,14469.1,3.443427,60.06062,0,14534.7,1.354511,59.86944,0,78.8192,-0.889866,59.99301,0,97.63,3.268865,59.94288,0,54.3585,1.132961,59.92073,0,PMU,14468.3,2.409718,59.93356,0,14387.1,0.316055,59.92073,0,14531.6,4.520989,60.11657,0,78.9726,2.269227,59.97552,0,97.6526,0.146786,60.03147,0,54.3031,4.296037,60.05479,0,PMU,14474.5,2.462676,59.94055,0,14392.1,0.368947,59.91840,0,14528.2,4.574130,60.11624,0,78.9769,2.323179,60.01749,0,97.9466,0.198847,60.01515,0,54.476,4.348812,60.05595,0,PMU
717,5.983333,14408.3,2.765809,60.00933,0,14428.2,0.674766,60.10141,0,14537.5,-1.411864,59.87411,0,79.0848,2.619810,59.94638,0,98.2508,0.477672,59.68294,0,55.2721,4.619538,59.62826,0,PMU,14386.9,2.401722,60.04896,0,14468.4,0.309158,60.05945,0,14534.5,4.503489,59.86828,0,78.9316,2.258807,59.97785,0,97.6155,0.134536,59.96153,0,54.3504,4.281694,59.92773,0,PMU,14466.5,-0.750552,59.93356,0,14393.2,3.439642,59.92773,0,14534.2,1.360675,60.11773,0,78.916,-0.890598,59.98601,0,97.8288,3.270819,60.03730,0,54.3297,1.136257,60.06295,0,PMU,14389.4,2.412220,60.04779,0,14462.8,0.319168,60.05945,0,14534.7,4.513909,59.86478,0,78.8908,2.270081,60.01632,0,97.4097,0.144467,59.95570,0,54.336,4.292131,59.92540,0,PMU,14392.1,2.464874,60.04196,0,14465.1,0.372365,60.06528,0,14535.3,4.567128,59.86628,0,78.9984,2.321958,59.97669,0,97.6727,0.197077,59.96620,0,54.4791,4.344845,59.92424,0,PMU
718,5.991667,14499.6,2.764345,59.97202,0,14382.2,0.668480,59.87993,0,14513.5,-1.406249,60.10724,0,79.2367,2.622251,60.04662,0,98.0647,0.493114,60.29491,0,54.7782,4.638269,60.35775,0,PMU,14466.9,2.398365,59.93589,0,14392.1,0.305313,59.92656,0,14532.8,4.509592,60.11657,0,78.9232,2.259173,60.00699,0,97.73,0.135329,60.01515,0,54.3334,4.284685,60.05712,0,PMU,14387.7,-0.747683,60.05479,0,14469.3,3.442877,60.06178,0,14535.9,1.353962,59.87178,0,78.8417,-0.890171,60.00816,0,97.609,3.268255,59.95104,0,54.3606,1.132289,59.92423,0,PMU,14467.9,2.408741,59.93356,0,14387.3,0.315139,59.92307,0,14531.7,4.520012,60.11657,0,78.9856,2.268677,59.97319,0,97.7331,0.146359,60.03614,0,54.2825,4.294878,60.05246,0,PMU,14474.1,2.461822,59.94172,0,14391.4,0.368032,59.91724,0,14527.5,4.573171,60.11540,0,78.9896,2.322508,60.01049,0,97.9056,0.197809,60.01399,0,54.4626,4.349179,60.08276,0,PMU
719,6.000000,14408.5,2.764833,60.00933,0,14428.1,0.673790,60.10141,0,14537.6,-1.412841,59.87411,0,79.1338,2.619200,59.94172,0,98.1718,0.477184,59.69576,0,55.2701,4.619354,59.63875,0,PMU,14386.8,2.400990,60.05012,0,14469,0.308487,60.06062,0,14534.9,4.502695,59.86828,0,78.9568,2.258074,59.97902,0,97.5011,0.133498,59.96503,0,54.344,4.280718,59.92423,0,PMU,14466.5,-0.751101,59.93472,0,14392.9,3.439093,59.92773,0,14534.3,1.360126,60.11773,0,78.9637,-0.890903,59.98601,0,97.942,3.270513,60.04313,0,54.3123,1.135341,60.05828,0,PMU,14388.8,2.411243,60.04779,0,14462.6,0.318313,60.06061,0,14534.4,4.512993,59.86595,0,78.8849,2.269471,60.01515,0,97.5298,0.143613,59.94754,0,54.3563,4.291643,59.93822,0,PMU,14390.8,2.463958,60.04080,0,14464.3,0.371450,60.06528,0,14534,4.566091,59.86478,0,78.9286,2.320738,59.96620,0,97.5128,0.195490,59.95570,0,54.5021,4.343259,59.88693,0,PMU
720,6.008333,14499.1,2.763368,59.97202,0,14382.1,0.667503,59.87994,0,14513.1,-1.407225,60.10724,0,79.255,2.620787,60.03031,0,98.1381,0.492564,60.29375,0,54.7684,4.638086,60.35775,0,PMU,14467,2.397633,59.93589,0,14392.2,0.304581,59.92540,0,14533.5,4.508860,60.11773,0,78.9405,2.258624,60.01049,0,97.736,0.134292,60.01515,0,54.3259,4.284136,60.06528,0,PMU,14387.8,-0.748293,60.05362,0,14469.4,3.442267,60.06062,0,14536,1.353351,59.87061,0,78.8694,-0.890720,60.00350,0,97.693,3.267706,59.94638,0,54.3741,1.131862,59.93356,0,PMU,14467.7,2.407887,59.93589,0,14387,0.314285,59.92307,0,14531.8,4.519097,60.11657,0,78.9626,2.267518,59.96270,0,97.6121,0.144772,60.02215,0,54.3306,4.294267,60.05012,0,PMU,14472.5,2.460723,59.93822,0,14390.7,0.367116,59.91724,0,14527.3,4.572133,60.11540,0,78.9843,2.321592,60.01632,0,97.698,0.196527,60.01982,0,54.3741,4.347287,60.07694,0,PMU
721,6.016667,14408.5,2.763917,60.01049,0,14428.6,0.672874,60.10258,0,14537.8,-1.413756,59.87527,0,79.1226,2.618162,59.94988,0,98.27,0.477001,59.70276,0,55.2572,4.619171,59.63875,0,PMU,14386.2,2.400257,60.05012,0,14468.7,0.307754,60.06062,0,14534.9,4.501902,59.86711,0,78.9163,2.257586,59.98018,0,97.4482,0.132766,59.97086,0,54.3482,4.280291,59.92656,0,PMU,14466.7,-0.751711,59.93472,0,14393,3.438483,59.92773,0,14534.3,1.359516,60.11773,0,78.9627,-0.891392,59.98718,0,97.9644,3.269781,60.03963,0,54.361,1.134731,60.05479,0,PMU,14388.5,2.410389,60.04779,0,14462.9,0.317520,60.06178,0,14534.2,4.512078,59.86595,0,78.8804,2.268433,60.01749,0,97.3466,0.142270,59.95221,0,54.3366,4.290300,59.92423,0,PMU,14390.1,2.462859,60.04080,0,14463.4,0.370473,60.06411,0,14534,4.565114,59.86595,0,78.9988,2.320554,59.98018,0,97.4556,0.194696,59.96503,0,54.5079,4.343503,59.92773,0,PMU
722,6.025000,14499,2.762514,59.97319,0,14382.2,0.666649,59.88110,0,14513.3,-1.408080,60.10841,0,79.253,2.619810,60.03147,0,98.2994,0.490123,60.25062,0,54.7631,4.637354,60.34726,0,PMU,14466.6,2.396900,59.93589,0,14392.1,0.303848,59.92540,0,14533.7,4.508127,60.11890,0,78.9544,2.258257,60.01282,0,97.8279,0.133926,60.02215,0,54.336,4.283648,60.06411,0,PMU,14387.6,-0.748843,60.05479,0,14469.8,3.441718,60.06178,0,14536,1.352741,59.87061,0,78.8821,-0.890842,60.01049,0,97.538,3.266607,59.93938,0,54.3363,1.130824,59.92540,0,PMU,14467,2.406971,59.93472,0,14386.7,0.313430,59.92190,0,14532,4.518181,60.11657,0,78.9459,2.266297,59.95920,0,97.7091,0.144345,60.03963,0,54.3143,4.293352,60.05828,0,PMU,14472.7,2.459686,59.93938,0,14390.1,0.366140,59.91724,0,14527.1,4.571157,60.11540,0,79.0559,2.321470,60.01749,0,97.7108,0.195673,60.01865,0,54.4787,4.346554,60.05828,0,PMU
723,6.033333,14408,2.763063,60.01049,0,14427.9,0.671959,60.10141,0,14537.6,-1.414611,59.87527,0,79.0742,2.617308,59.95221,0,98.2489,0.476207,59.73423,0,55.2332,4.618866,59.64691,0,PMU,14386,2.399525,60.05012,0,14469.2,0.307022,60.06062,0,14535.2,4.501169,59.86711,0,78.9013,2.256426,59.96503,0,97.6102,0.132033,59.96386,0,54.3938,4.280169,59.93356,0,PMU,14466.5,-0.752322,59.93356,0,14392.8,3.437933,59.92773,0,14534.5,1.358966,60.11889,0,78.9443,-0.892002,59.97785,0,97.7519,3.268682,60.03963,0,54.3341,1.133815,60.05712,0,PMU,14388.7,2.409534,60.04896,0,14463.5,0.316604,60.06062,0,14534.7,4.511240,59.86744,0,78.9255,2.267823,60.02914,0,97.5106,0.141965,59.95454,0,54.3762,4.289262,59.92190,0,PMU,14389.9,2.461883,60.04196,0,14463.6,0.369497,60.06411,0,14533.4,4.564138,59.86595,0,78.9636,2.319761,59.96736,0,97.4029,0.193903,59.96620,0,54.4767,4.341794,59.90908,0,PMU
724,6.041667,14498,2.761554,59.97119,0,14381.5,0.665672,59.87994,0,14512.4,-1.408995,60.10724,0,79.2001,2.618651,60.02565,0,98.3179,0.490733,60.27743,0,54.7271,4.636865,60.34376,0,PMU,14467.1,2.396229,59.93705,0,14392.6,0.303177,59.92656,0,14533.7,4.507395,60.11890,0,78.9359,2.257098,60.01282,0,97.733,0.133071,60.01982,0,54.38,4.283342,60.06062,0,PMU,14387.3,-0.749453,60.05479,0,14469.6,3.441107,60.06062,0,14535.9,1.352131,59.86945,0,78.8736,-0.891575,60.00816,0,97.4882,3.265997,59.94871,0,54.3341,1.129970,59.92656,0,PMU,14467.7,2.406178,59.93589,0,14387.3,0.312637,59.92423,0,14532.7,4.517449,60.11857,0,78.9194,2.265748,59.96037,0,97.9123,0.144284,60.04430,0,54.3147,4.292192,60.05595,0,PMU,14472.4,2.458770,59.94055,0,14390.2,0.365163,59.91724,0,14526.5,4.570180,60.11540,0,79.0406,2.320127,60.00699,0,97.8096,0.195184,60.02448,0,54.4908,4.346615,60.09209,0,PMU
725,6.050000,14406.9,2.762086,60.01016,0,14427.7,0.670982,60.10141,0,14536.7,-1.415648,59.87294,0,79.0252,2.616637,59.96153,0,98.2333,0.476573,59.72957,0,55.1877,4.618317,59.64575,0,PMU,14385.9,2.398915,60.05129,0,14468.9,0.306351,60.06062,0,14534.6,4.500498,59.86828,0,78.8348,2.255511,59.96969,0,97.5396,0.131240,59.96503,0,54.3519,4.279192,59.92073,0,PMU,14466,-0.752932,59.93356,0,14392.7,3.437262,59.92656,0,14534.3,1.358295,60.11773,0,78.9505,-0.892674,59.97902,0,97.8378,3.267828,60.03497,0,54.3021,1.132717,60.05246,0,PMU,14389,2.408802,60.05012,0,14464.2,0.315872,60.06178,0,14534.8,4.510508,59.86744,0,78.8915,2.266724,60.01865,0,97.6837,0.141354,59.94405,0,54.3759,4.288774,59.93472,0,PMU,14389.5,2.460967,60.04196,0,14463.1,0.368459,60.06295,0,14532.8,4.563100,59.86478,0,78.9644,2.318845,59.97552,0,97.5562,0.193170,59.96153,0,54.5473,4.340695,59.88693,0,PMU
726,6.058333,14496.9,2.760517,59.97003,0,14380.4,0.664634,59.87877,0,14511.5,-1.410094,60.10608,0,79.1439,2.617491,60.01632,0,98.3663,0.489879,60.25411,0,54.7415,4.636133,60.34026,0,PMU,14466,2.395436,59.93356,0,14392.5,0.302444,59.92540,0,14533.2,4.506601,60.11657,0,78.8629,2.255877,60.00699,0,97.7273,0.132094,60.01632,0,54.307,4.282183,60.05712,0,PMU,14387.6,-0.750124,60.05362,0,14470.3,3.440497,60.06178,0,14536.3,1.351459,59.86945,0,78.8969,-0.892246,60.00816,0,97.5081,3.265447,59.95454,0,54.3864,1.129787,59.94405,0,PMU,14468.8,2.405506,59.93705,0,14388,0.311966,59.92540,0,14533.1,4.516777,60.11974,0,78.9018,2.264588,59.95920,0,97.7058,0.142331,60.01865,0,54.3469,4.291887,60.05945,0,PMU,14472.1,2.457794,59.93939,0,14390.1,0.364126,59.91724,0,14526.5,4.569143,60.11540,0,79.016,2.319151,60.00583,0,97.862,0.194574,60.02681,0,54.3893,4.344968,60.08160,0,PMU
727,6.066667,14405.8,2.760944,60.00816,0,14427.1,0.669822,60.09908,0,14535.9,-1.416747,59.87295,0,79.0501,2.615843,59.96853,0,98.328,0.476146,59.73773,0,55.2266,4.618439,59.66207,0,PMU,14385.8,2.398121,60.05129,0,14468.7,0.305496,60.05828,0,14534.4,4.499705,59.86828,0,78.8037,2.254840,59.98018,0,97.4447,0.130447,59.96853,0,54.3438,4.278460,59.92889,0,PMU,14466.7,-0.753481,59.93589,0,14394,3.436713,59.92773,0,14535,1.357685,60.11889,0,78.9672,-0.892979,59.98601,0,97.8907,3.267401,60.03730,0,54.4133,1.132289,60.04779,0,PMU,14389.2,2.408131,60.05012,0,14464.6,0.315261,60.06295,0,14534.8,4.509836,59.86744,0,78.9111,2.265931,60.02565,0,97.3655,0.139829,59.95221,0,54.3435,4.287676,59.91957,0,PMU,14389.8,2.460052,60.04313,0,14463.2,0.367482,60.06411,0,14533.1,4.562185,59.86711,0,78.954,2.317991,59.97785,0,97.6649,0.192377,59.95804,0,54.4608,4.340268,59.91024,0,PMU
728,6.075000,14496.6,2.759418,59.97086,0,14380.4,0.663536,59.87994,0,14511.3,-1.411193,60.10607,0,79.1991,2.616759,60.01749,0,98.4628,0.488780,60.24130,0,54.7681,4.635406,60.32405,0,PMU,14466.1,2.394642,59.93356,0,14392.2,0.301590,59.92540,0,14533.1,4.505808,60.11657,0,78.9263,2.255633,60.01515,0,97.8339,0.132094,60.03147,0,54.325,4.281939,60.06644,0,PMU,14387.9,-0.750674,60.05362,0,14470.6,3.439948,60.06178,0,14536.5,1.350849,59.86945,0,78.8633,-0.893101,59.99767,0,97.5177,3.264837,59.95104,0,54.3685,1.128871,59.93472,0,PMU,14468.5,2.404835,59.93705,0,14388.9,0.311294,59.92423,0,14533.3,4.515984,60.11741,0,78.8436,2.263550,59.95454,0,97.6864,0.141476,60.03147,0,54.2766,4.290971,60.06295,0,PMU,14472.3,2.456878,59.93939,0,14390.4,0.363210,59.91841,0,14527.1,4.568288,60.11657,0,79.0509,2.318052,60.00117,0,97.8421,0.193659,60.02448,0,54.4282,4.344296,60.07694,0,PMU
729,6.083333,14406.1,2.759967,60.01049,0,14427.6,0.668846,60.10141,0,14536.3,-1.417784,59.87411,0,79.0861,2.615355,59.97319,0,98.1634,0.475475,59.74588,0,55.2047,4.617829,59.66429,0,PMU,14386.3,2.397389,60.05246,0,14468.9,0.304703,60.05945,0,14534.1,4.498911,59.86828,0,78.8199,2.254290,59.97435,0,97.6282,0.130019,59.96037,0,54.4082,4.278399,59.93239,0,PMU,14467,-0.754074,59.93505,0,14393.9,3.436105,59.92660,0,14535.5,1.357074,60.11889,0,78.9196,-0.894138,59.98018,0,97.7672,3.266180,60.02565,0,54.3453,1.131252,60.04546,0,PMU,14389.8,2.407459,60.05012,0,14465.9,0.314529,60.06178,0,14535.3,4.509165,59.86977,0,78.9269,2.265015,60.02798,0,97.3972,0.138913,59.95104,0,54.349,4.287309,59.93006,0,PMU,14390,2.459136,60.04313,0,14463.4,0.366628,60.06527,0,14533.2,4.561330,59.86711,0,78.9688,2.316892,59.97785,0,97.6166,0.191522,59.95920,0,54.4755,4.339535,59.90908,0,PMU
730,6.091667,14496.9,2.758442,59.97086,0,14380.4,0.662620,59.88110,0,14511.7,-1.412169,60.10724,0,79.2131,2.615904,60.01049,0,98.2941,0.487315,60.22614,0,54.735,4.634369,60.31589,0,PMU,14466.6,2.393910,59.93356,0,14392.6,0.300857,59.92656,0,14533.4,4.505076,60.11773,0,78.8996,2.254717,60.00816,0,97.7717,0.131423,60.02681,0,54.38,4.281206,60.05362,0,PMU,14388.5,-0.751284,60.05329,0,14470.8,3.439215,60.05941,0,14536.7,1.350178,59.86828,0,78.8463,-0.893894,60.00466,0,97.4935,3.264044,59.95921,0,54.3408,1.127851,59.93505,0,PMU,14468.9,2.404163,59.93705,0,14390,0.310684,59.92656,0,14533.2,4.515312,60.11741,0,78.8583,2.263550,59.97202,0,97.7978,0.140683,60.03380,0,54.2977,4.290544,60.06178,0,PMU,14472.9,2.456024,59.94055,0,14391.1,0.362356,59.91841,0,14528.1,4.567372,60.11540,0,79.0559,2.316892,60.00000,0,97.9706,0.192743,60.02331,0,54.4599,4.343747,60.08043,0,PMU
731,6.100000,14406.9,2.758991,60.01049,0,14428.3,0.667991,60.10258,0,14537.2,-1.418700,59.87528,0,79.1394,2.614500,59.97319,0,97.9954,0.474315,59.75171,0,55.1896,4.617035,59.66895,0,PMU,14386.3,2.396717,60.05362,0,14469,0.303970,60.05945,0,14533.8,4.498179,59.86828,0,78.7693,2.253619,59.97902,0,97.5605,0.129104,59.95570,0,54.3532,4.276995,59.91957,0,PMU,14467,-0.754807,59.93272,0,14394.1,3.435372,59.92660,0,14535.4,1.356342,60.11773,0,78.9285,-0.894932,59.98018,0,97.8576,3.265508,60.02797,0,54.3227,1.130397,60.04863,0,PMU,14389.5,2.406727,60.04896,0,14467.5,0.313919,60.06178,0,14534.8,4.508432,59.86860,0,78.8955,2.264161,60.01166,0,97.5808,0.138564,59.95953,0,54.3781,4.286699,59.92656,0,PMU,14391,2.458343,60.04430,0,14464.1,0.365835,60.06644,0,14534.7,4.560537,59.86944,0,78.9738,2.315916,59.98135,0,97.549,0.189997,59.94754,0,54.4734,4.338193,59.89392,0,PMU
732,6.108333,14497.2,2.757587,59.97319,0,14380.9,0.661705,59.87994,0,14512.1,-1.413085,60.10724,0,79.2181,2.614805,60.00583,0,98.3325,0.486217,60.22731,0,54.7463,4.633209,60.30890,0,PMU,14466.2,2.393177,59.93239,0,14392.8,0.300125,59.92656,0,14533.4,4.504282,60.11657,0,78.883,2.253558,59.99883,0,97.7487,0.130630,60.02914,0,54.326,4.280108,60.05945,0,PMU,14388.9,-0.752016,60.05329,0,14471.3,3.438483,60.05941,0,14536.3,1.349445,59.86828,0,78.8609,-0.894688,60.00466,0,97.5375,3.263739,59.96620,0,54.3803,1.128339,59.96069,0,PMU,14468.7,2.403492,59.93822,0,14392,0.310196,59.92890,0,14533.2,4.514580,60.11741,0,78.8707,2.263123,59.98018,0,97.7422,0.140317,60.03347,0,54.3598,4.290056,60.06411,0,PMU,14473.2,2.455230,59.94055,0,14391.1,0.361684,59.92074,0,14528.8,4.566701,60.11773,0,79.0164,2.315733,59.99650,0,97.6928,0.191828,60.03497,0,54.3713,4.342404,60.08043,0,PMU
733,6.116667,14407.6,2.758075,60.00933,0,14429.1,0.667015,60.10141,0,14537.5,-1.419676,59.87411,0,79.1791,2.613402,59.97319,0,98.0279,0.473644,59.75987,0,55.2107,4.616425,59.67944,0,PMU,14386.5,2.395924,60.05246,0,14468.9,0.303177,60.05828,0,14534.2,4.497446,59.86944,0,78.8018,2.253008,59.98951,0,97.5856,0.128616,59.96153,0,54.3732,4.276201,59.92540,0,PMU,14467,-0.755539,59.93272,0,14393.9,3.434640,59.92660,0,14535.2,1.355609,60.11773,0,78.9156,-0.895664,59.98135,0,97.8789,3.264776,60.01981,0,54.4109,1.129909,60.02998,0,PMU,14388.3,2.405994,60.04779,0,14467.9,0.313430,60.06178,0,14534.3,4.507700,59.86860,0,79.039,2.263978,60.01632,0,97.5045,0.138198,59.95953,0,54.3645,4.285845,59.91957,0,PMU,14390.3,2.457549,60.04430,0,14463.6,0.365041,60.06411,0,14534.4,4.559804,59.86828,0,78.9315,2.315061,59.98718,0,97.5288,0.189447,59.95454,0,54.397,4.337399,59.90441,0,PMU
734,6.125000,14497.7,2.756611,59.97202,0,14381.4,0.660850,59.88227,0,14512.8,-1.414000,60.10840,0,79.2868,2.613951,60.01049,0,98.3207,0.485240,60.22148,0,54.7765,4.632599,60.30890,0,PMU,14466.4,2.392384,59.93239,0,14392.1,0.299332,59.92656,0,14532.8,4.503611,60.11773,0,78.9825,2.252947,59.99883,0,97.9131,0.130569,60.03730,0,54.3332,4.279436,60.06178,0,PMU,14388.1,-0.752810,60.05212,0,14471.2,3.437750,60.05941,0,14535.9,1.348652,59.86712,0,78.7811,-0.895603,60.00117,0,97.4609,3.262884,59.96387,0,54.3391,1.126447,59.93388,0,PMU,14467.5,2.402577,59.93473,0,14391.4,0.309463,59.92424,0,14532.7,4.513725,60.11508,0,78.973,2.262696,59.97552,0,97.7008,0.139584,60.02648,0,54.2951,4.289079,60.06178,0,PMU,14472.7,2.454315,59.93822,0,14390.9,0.360769,59.91841,0,14528.4,4.565786,60.11424,0,79.0251,2.315122,60.00117,0,97.7648,0.191095,60.03147,0,54.363,4.341611,60.08043,0,PMU
735,6.133333,14408.5,2.757221,60.01166,0,14429.7,0.666099,60.10025,0,14538.3,-1.420531,59.87528,0,79.1834,2.612730,59.97669,0,97.9496,0.473097,59.76807,0,55.1954,4.615753,59.67828,0,PMU,14387.1,2.395253,60.05479,0,14469.2,0.302505,60.06062,0,14534.2,4.496775,59.86944,0,78.8805,2.252581,59.99301,0,97.6809,0.128310,59.95687,0,54.3946,4.275713,59.92889,0,PMU,14466.5,-0.756393,59.93156,0,14393.3,3.433846,59.92544,0,14535.3,1.354816,60.11773,0,78.8428,-0.897007,59.97319,0,97.7433,3.263678,60.01515,0,54.292,1.128444,60.03814,0,PMU,14387.8,2.405079,60.04779,0,14467.8,0.312515,60.05828,0,14533.8,4.506846,59.86860,0,79.0088,2.262635,59.99883,0,97.4198,0.137466,59.95953,0,54.3433,4.284807,59.91841,0,PMU,14390.1,2.456695,60.04546,0,14464.1,0.364187,60.06528,0,14533.9,4.558828,59.86711,0,78.9596,2.314146,59.98135,0,97.5786,0.188593,59.95221,0,54.4283,4.337094,59.91374,0,PMU
736,6.141667,14498,2.755756,59.97202,0,14381.6,0.659935,59.88227,0,14512.8,-1.414855,60.10840,0,79.2782,2.613097,60.00699,0,98.3125,0.484264,60.21328,0,54.7362,4.631500,60.30074,0,PMU,14466.4,2.391774,59.93356,0,14392.6,0.298660,59.92656,0,14533,4.502939,60.11773,0,78.9615,2.252093,59.99067,0,97.9671,0.130263,60.03730,0,54.3615,4.278704,60.05712,0,PMU,14388.3,-0.753647,60.05246,0,14471.3,3.436896,60.05824,0,14536.4,1.347919,59.86828,0,78.8605,-0.896274,60.01399,0,97.5243,3.262457,59.97669,0,54.3258,1.125959,59.95253,0,PMU,14467,2.401661,59.93473,0,14391.2,0.308487,59.92307,0,14531.9,4.512871,60.11508,0,78.9372,2.262025,59.98834,0,97.8722,0.139340,60.03580,0,54.3091,4.288164,60.06411,0,PMU,14472.1,2.453460,59.93822,0,14391,0.359914,59.91840,0,14527.8,4.564870,60.11540,0,79.0713,2.313963,59.99650,0,97.8268,0.190363,60.03380,0,54.4592,4.341733,60.08859,0,PMU
737,6.150000,14408.5,2.756305,60.01049,0,14430.4,0.665245,60.10141,0,14538.6,-1.421385,59.87528,0,79.152,2.612059,59.98018,0,97.9251,0.472608,59.77740,0,55.1437,4.615143,59.68760,0,PMU,14387.1,2.394520,60.05246,0,14469.1,0.301834,60.06062,0,14534.7,4.496103,59.86944,0,78.8192,2.251727,59.99301,0,97.63,0.127273,59.94288,0,54.3585,4.274553,59.92073,0,PMU,14466.9,-0.757065,59.93472,0,14393.7,3.433114,59.92777,0,14535.6,1.354084,60.11773,0,78.9452,-0.897434,59.97785,0,97.8692,3.263128,60.01282,0,54.297,1.127729,60.03380,0,PMU,14387.2,2.404163,60.04779,0,14468.3,0.311538,60.05828,0,14533.9,4.505869,59.86627,0,78.9759,2.261309,59.98634,0,97.6879,0.137405,59.96303,0,54.3849,4.284136,59.92307,0,PMU,14389.3,2.455779,60.04430,0,14463.7,0.363332,60.06528,0,14533.8,4.557912,59.86712,0,78.9999,2.313047,59.98251,0,97.5359,0.187616,59.94754,0,54.4882,4.336240,59.89509,0,PMU
738,6.158333,14498.7,2.754902,59.97319,0,14381.9,0.659082,59.88231,0,14513.4,-1.415709,60.10840,0,79.2512,2.612486,60.00816,0,98.3592,0.483470,60.20745,0,54.7187,4.630768,60.29841,0,PMU,14466.5,2.391041,59.93356,0,14393.2,0.298050,59.92773,0,14534.2,4.502268,60.11773,0,78.916,2.250994,59.98601,0,97.8288,0.129226,60.03730,0,54.3297,4.277849,60.06295,0,PMU,14388.6,-0.754257,60.05362,0,14471.4,3.436227,60.05945,0,14536.1,1.347248,59.86944,0,78.8797,-0.896946,60.00933,0,97.623,3.262091,59.98018,0,54.3685,1.125470,59.95687,0,PMU,14466.9,2.400807,59.93589,0,14391.7,0.307632,59.92540,0,14532.2,4.511955,60.11624,0,78.9306,2.261065,59.99534,0,97.8475,0.138564,60.02215,0,54.3605,4.287309,60.06061,0,PMU,14471.6,2.452545,59.93822,0,14390.3,0.358999,59.91724,0,14526.1,4.563894,60.11423,0,79.0396,2.312742,59.99417,0,97.7137,0.189447,60.03497,0,54.3835,4.340329,60.07810,0,PMU
739,6.166667,14409.1,2.755451,60.01049,0,14430.9,0.664329,60.10021,0,14539,-1.422240,59.87528,0,79.1588,2.611449,59.98018,0,98.0142,0.472181,59.78439,0,55.137,4.615082,59.70042,0,PMU,14387.7,2.393910,60.05479,0,14469.3,0.301285,60.06178,0,14535.9,4.495554,59.87178,0,78.8417,2.251422,60.00816,0,97.609,0.126662,59.95104,0,54.3606,4.273882,59.92423,0,PMU,14467.1,-0.757675,59.93472,0,14393.8,3.432504,59.92889,0,14535.6,1.353473,60.11890,0,78.899,-0.898411,59.97202,0,97.87,3.262274,60.00350,0,54.3214,1.127668,60.04196,0,PMU,14386.8,2.403309,60.04779,0,14467.5,0.310806,60.06061,0,14534,4.505015,59.86744,0,78.978,2.260577,59.99067,0,97.5361,0.136367,59.95804,0,54.3611,4.283037,59.91841,0,PMU,14389,2.454864,60.04430,0,14462.9,0.362417,60.06528,0,14532,4.556753,59.86362,0,78.925,2.311704,59.98018,0,97.4758,0.186640,59.94638,0,54.4059,4.335202,59.90208,0,PMU
740,6.175000,14499,2.754047,59.97319,0,14382.3,0.658167,59.88231,0,14513.7,-1.416564,60.10841,0,79.2505,2.611510,60.00117,0,98.3763,0.482738,60.20162,0,54.7109,4.630585,60.29608,0,PMU,14466.5,2.390492,59.93472,0,14392.9,0.297501,59.92773,0,14534.3,4.501719,60.11773,0,78.9637,2.250689,59.98601,0,97.942,0.128921,60.04313,0,54.3123,4.276934,60.05828,0,PMU,14388.2,-0.754868,60.05362,0,14471.3,3.435616,60.05945,0,14535.8,1.346576,59.86828,0,78.8202,-0.897983,60.00816,0,97.5034,3.261297,59.98135,0,54.343,1.124921,59.94754,0,PMU,14466.3,2.399952,59.93589,0,14391.1,0.306839,59.92424,0,14532.4,4.511118,60.11657,0,78.8944,2.260272,59.99417,0,97.7755,0.137099,60.01399,0,54.3185,4.286394,60.06411,0,PMU,14471.3,2.451568,59.93705,0,14390,0.358022,59.91607,0,14526,4.562673,60.11307,0,79.0471,2.311887,60.00350,0,97.7567,0.188593,60.03730,0,54.4341,4.339413,60.08043,0,PMU
741,6.183333,14408.9,2.754596,60.01049,0,14431.2,0.663475,60.10137,0,14539.5,-1.423155,59.87411,0,79.1358,2.610472,59.98018,0,97.8792,0.471815,59.79138,0,55.0903,4.614350,59.68993,0,PMU,14387.8,2.393299,60.05362,0,14469.4,0.300674,60.06062,0,14536,4.494944,59.87061,0,78.8694,2.250872,60.00350,0,97.693,0.126113,59.94638,0,54.3741,4.273455,59.93356,0,PMU,14466.4,-0.758347,59.93356,0,14393.7,3.431832,59.92773,0,14535.4,1.352741,60.11773,0,78.8463,-0.899448,59.97202,0,97.7242,3.261236,59.99883,0,54.2944,1.126874,60.03730,0,PMU,14387.1,2.402455,60.04779,0,14468.1,0.309952,60.05945,0,14535.1,4.504221,59.86828,0,78.9524,2.259417,59.98368,0,97.4834,0.135268,59.96503,0,54.356,4.282000,59.91608,0,PMU,14389.1,2.453948,60.04546,0,14463.3,0.361379,60.06411,0,14532.1,4.555776,59.86828,0,78.9233,2.310728,59.97785,0,97.4614,0.185907,59.94871,0,54.4716,4.334714,59.91024,0,PMU
742,6.191667,14499,2.753193,59.97319,0,14382.3,0.657312,59.88231,0,14514.1,-1.417479,60.10841,0,79.2346,2.610594,60.00233,0,98.3605,0.481761,60.18996,0,54.7027,4.630035,60.29958,0,PMU,14466.7,2.389881,59.93472,0,14393,0.296890,59.92773,0,14534.3,4.501108,60.11773,0,78.9627,2.250201,59.98718,0,97.9644,0.128188,60.03963,0,54.361,4.276323,60.05479,0,PMU,14388,-0.755600,60.05246,0,14471.4,3.434945,60.05945,0,14535.3,1.345844,59.86828,0,78.8689,-0.898350,60.02098,0,97.5308,3.260687,59.98951,0,54.4262,1.123822,59.94172,0,PMU,14467,2.399159,59.93705,0,14391.5,0.306045,59.92540,0,14532.9,4.510386,60.11773,0,78.9367,2.259966,60.01049,0,97.8743,0.136550,60.02448,0,54.3054,4.285479,60.06644,0,PMU,14471.4,2.450652,59.93705,0,14390.2,0.357046,59.91724,0,14526,4.561757,60.11423,0,79.0427,2.310911,60.00350,0,97.8519,0.188043,60.04080,0,54.4848,4.338681,60.07577,0,PMU
743,6.200000,14408.9,2.753681,60.00933,0,14431,0.662559,60.10021,0,14539.6,-1.424071,59.87411,0,79.2138,2.609984,59.98834,0,97.8601,0.471388,59.80188,0,55.1198,4.614105,59.69576,0,PMU,14387.6,2.392750,60.05479,0,14469.8,0.300125,60.06178,0,14536,4.494334,59.87061,0,78.8821,2.250750,60.01049,0,97.538,0.125014,59.93938,0,54.3363,4.272417,59.92540,0,PMU,14466.6,-0.759018,59.93472,0,14393.8,3.431161,59.92773,0,14535.4,1.352070,60.11890,0,78.8818,-0.899570,59.97669,0,97.8293,3.260870,60.00350,0,54.37,1.126508,60.05129,0,PMU,14386.9,2.401722,60.04896,0,14468.4,0.309158,60.05945,0,14534.5,4.503489,59.86828,0,78.9316,2.258807,59.97785,0,97.6155,0.134536,59.96153,0,54.3504,4.281694,59.92773,0,PMU,14389.5,2.453033,60.04546,0,14463.9,0.360464,60.06528,0,14532.6,4.554861,59.86828,0,78.9237,2.309995,59.98251,0,97.5677,0.184748,59.93706,0,54.4628,4.333005,59.89159,0,PMU
744,6.208333,14498.5,2.752277,59.97319,0,14381.9,0.656397,59.88231,0,14513.5,-1.418395,60.10841,0,79.3184,2.609984,60.00000,0,98.4773,0.481151,60.18647,0,54.7168,4.629425,60.29258,0,PMU,14466.5,2.389271,59.93356,0,14392.8,0.296341,59.92773,0,14534.5,4.500559,60.11889,0,78.9443,2.249591,59.97785,0,97.7519,0.127090,60.03963,0,54.3341,4.275408,60.05712,0,PMU,14388.2,-0.756210,60.05362,0,14471.8,3.434274,60.05945,0,14535.5,1.345173,59.86828,0,78.8327,-0.898838,60.01399,0,97.5823,3.260321,59.98951,0,54.5144,1.125287,59.97669,0,PMU,14466.9,2.398365,59.93589,0,14392.1,0.305313,59.92656,0,14532.8,4.509592,60.11657,0,78.9232,2.259173,60.00699,0,97.73,0.135329,60.01515,0,54.3334,4.284685,60.05712,0,PMU,14471.1,2.449754,59.93738,0,14390.4,0.356191,59.91840,0,14525.9,4.560964,60.11656,0,79.0262,2.309873,59.99767,0,97.6547,0.186579,60.03497,0,54.3933,4.336972,60.07577,0,PMU
745,6.216667,14408.7,2.752765,60.00933,0,14431.1,0.661583,60.09904,0,14538.8,-1.424986,59.87411,0,79.2588,2.609068,59.98251,0,97.9497,0.470838,59.80304,0,55.0875,4.613617,59.69809,0,PMU,14387.3,2.392140,60.05479,0,14469.6,0.299515,60.06062,0,14535.9,4.493723,59.86945,0,78.8736,2.250018,60.00816,0,97.4882,0.124404,59.94871,0,54.3341,4.271563,59.92656,0,PMU,14466.8,-0.759567,59.93589,0,14394.2,3.430550,59.92889,0,14535.6,1.351398,60.11890,0,78.8013,-0.900120,59.97552,0,97.69,3.260199,59.99767,0,54.4588,1.127363,60.03963,0,PMU,14386.8,2.400990,60.05012,0,14469,0.308487,60.06062,0,14534.9,4.502695,59.86828,0,78.9568,2.258074,59.97902,0,97.5011,0.133498,59.96503,0,54.344,4.280718,59.92423,0,PMU,14389.2,2.452056,60.04397,0,14463.6,0.359548,60.06411,0,14531.5,4.553884,59.86479,0,78.8858,2.309080,59.98485,0,97.374,0.183710,59.94522,0,54.4253,4.332412,59.91291,0,PMU
746,6.225000,14498.2,2.751301,59.97202,0,14382.6,0.655481,59.88347,0,14513.4,-1.419371,60.10724,0,79.3507,2.608580,59.99067,0,98.4682,0.480296,60.18064,0,54.6877,4.628570,60.28559,0,PMU,14466,2.388661,59.93356,0,14392.7,0.295669,59.92656,0,14534.3,4.499888,60.11773,0,78.9505,2.248919,59.97902,0,97.8378,0.126235,60.03497,0,54.3021,4.274309,60.05246,0,PMU,14388.2,-0.756699,60.05479,0,14472.5,3.433724,60.06062,0,14535.4,1.344562,59.86944,0,78.8099,-0.899448,60.01282,0,97.4352,3.259161,59.98018,0,54.5166,1.124372,59.94288,0,PMU,14467,2.397633,59.93589,0,14392.2,0.304581,59.92540,0,14533.5,4.508860,60.11773,0,78.9405,2.258624,60.01049,0,97.736,0.134292,60.01515,0,54.3259,4.284136,60.06528,0,PMU,14470.6,2.448716,59.93621,0,14390.1,0.355154,59.91607,0,14526.4,4.559865,60.11423,0,79.0319,2.309019,59.99883,0,97.6822,0.185724,60.03846,0,54.4648,4.335995,60.06844,0,PMU
747,6.233333,14408.2,2.751789,60.00933,0,14431.7,0.660606,60.09788,0,14538.7,-1.425963,59.87411,0,79.2795,2.607909,59.98718,0,97.872,0.470045,59.80421,0,55.0303,4.612885,59.70042,0,PMU,14387.6,2.391468,60.05362,0,14470.3,0.298904,60.06178,0,14536.3,4.493052,59.86945,0,78.8969,2.249346,60.00816,0,97.5081,0.123855,59.95454,0,54.3864,4.271380,59.94405,0,PMU,14466.8,-0.760178,59.93356,0,14394.5,3.430001,59.92889,0,14535.9,1.350788,60.11890,0,78.8511,-0.900547,59.97902,0,97.5373,3.259344,60.00350,0,54.4339,1.126996,60.05012,0,PMU,14386.2,2.400257,60.05012,0,14468.7,0.307754,60.06062,0,14534.9,4.501902,59.86711,0,78.9163,2.257586,59.98018,0,97.4482,0.132766,59.97086,0,54.3482,4.280291,59.92656,0,PMU,14388.6,2.451019,60.04397,0,14463.6,0.358511,60.06411,0,14532.8,4.552969,59.86828,0,78.8866,2.308287,59.98602,0,97.3764,0.182917,59.94638,0,54.4869,4.331801,59.91990,0,PMU
748,6.241667,14498.1,2.750324,59.97202,0,14382.5,0.654505,59.88347,0,14513.5,-1.420348,60.10724,0,79.2802,2.607237,59.98718,0,98.3693,0.479076,60.17248,0,54.6503,4.627716,60.28326,0,PMU,14466.7,2.388111,59.93589,0,14394,0.295120,59.92773,0,14535,4.499277,60.11889,0,78.9672,2.248614,59.98601,0,97.8907,0.125808,60.03730,0,54.4133,4.273882,60.04779,0,PMU,14388.7,-0.757370,60.05362,0,14472.5,3.433114,60.05945,0,14536.1,1.344013,59.87061,0,78.912,-0.899875,60.01282,0,97.4581,3.258978,59.99301,0,54.5435,1.123517,59.93356,0,PMU,14466.6,2.396900,59.93589,0,14392.1,0.303848,59.92540,0,14533.7,4.508127,60.11890,0,78.9544,2.258257,60.01282,0,97.8279,0.133926,60.02215,0,54.336,4.283648,60.06411,0,PMU,14469.8,2.447679,59.93621,0,14389.9,0.354177,59.91724,0,14526.6,4.558950,60.11423,0,79.0858,2.307920,59.99301,0,97.7554,0.185114,60.04196,0,54.5098,4.335202,60.06495,0,PMU
749,6.250000,14408.2,2.750812,60.00933,0,14432,0.659632,60.09792,0,14538.9,-1.426939,59.87411,0,79.2483,2.606627,59.98834,0,97.8123,0.469618,59.81936,0,55.0042,4.612396,59.70742,0,PMU,14387.9,2.390919,60.05362,0,14470.6,0.298355,60.06178,0,14536.5,4.492442,59.86945,0,78.8633,2.248492,59.99767,0,97.5177,0.123244,59.95104,0,54.3685,4.270464,59.93472,0,PMU,14467.5,-0.760727,59.93589,0,14394.7,3.429391,59.92889,0,14535.9,1.350239,60.11890,0,78.9091,-0.900608,59.98601,0,97.7539,3.259466,60.00933,0,54.4514,1.126508,60.05712,0,PMU,14386,2.399525,60.05012,0,14469.2,0.307022,60.06062,0,14535.2,4.501169,59.86711,0,78.9013,2.256426,59.96503,0,97.6102,0.132033,59.96386,0,54.3938,4.280169,59.93356,0,PMU,14388.3,2.449998,60.04430,0,14463.6,0.357473,60.06295,0,14532.6,4.551992,59.86712,0,78.9596,2.307432,59.99067,0,97.4794,0.182062,59.94172,0,54.467,4.330276,59.90591,0,PMU
750,6.258333,14498.1,2.749347,59.97202,0,14382.3,0.653467,59.88227,0,14513.3,-1.421263,60.10841,0,79.2129,2.605955,59.98718,0,98.4548,0.478526,60.17015,0,54.6583,4.627045,60.27976,0,PMU,14467,2.387519,59.93505,0,14393.9,0.294512,59.92660,0,14535.5,4.498667,60.11889,0,78.9196,2.247454,59.98018,0,97.7672,0.124587,60.02565,0,54.3453,4.272844,60.04546,0,PMU,14389.1,-0.757919,60.05362,0,14472.7,3.432504,60.05945,0,14536,1.343403,59.86944,0,78.9297,-0.900547,60.00117,0,97.5346,3.258612,59.98368,0,54.5822,1.122907,59.93122,0,PMU,14467.1,2.396229,59.93705,0,14392.6,0.303177,59.92656,0,14533.7,4.507395,60.11890,0,78.9359,2.257098,60.01282,0,97.733,0.133071,60.01982,0,54.38,4.283342,60.06062,0,PMU,14468.8,2.446641,59.93589,0,14389.6,0.353140,59.91724,0,14526.2,4.557912,60.11307,0,79.0683,2.306456,59.98135,0,97.6684,0.183832,60.03380,0,54.4001,4.333310,60.05795,0,PMU
751,6.266667,14407.5,2.749836,60.00933,0,14431.7,0.658533,60.09675,0,14538,-1.427977,59.87178,0,79.1673,2.605286,59.98722,0,97.8523,0.468885,59.81586,0,55.0086,4.611969,59.71208,0,PMU,14388.5,2.390309,60.05329,0,14470.8,0.297623,60.05941,0,14536.7,4.491770,59.86828,0,78.8463,2.247698,60.00466,0,97.4935,0.122451,59.95921,0,54.3408,4.269443,59.93505,0,PMU,14467.4,-0.761276,59.93589,0,14395,3.428841,59.93006,0,14535.8,1.349628,60.11890,0,78.9081,-0.901096,59.98951,0,97.6981,3.258917,60.00583,0,54.4875,1.125837,60.05595,0,PMU,14385.9,2.398915,60.05129,0,14468.9,0.306351,60.06062,0,14534.6,4.500498,59.86828,0,78.8348,2.255511,59.96969,0,97.5396,0.131240,59.96503,0,54.3519,4.279192,59.92073,0,PMU,14387.9,2.448900,60.04313,0,14463.2,0.356435,60.06295,0,14532.5,4.550954,59.86711,0,78.9318,2.306211,59.99534,0,97.3837,0.181086,59.94754,0,54.4115,4.329360,59.92456,0,PMU
752,6.275000,14497.5,2.748310,59.97086,0,14382.6,0.652368,59.88227,0,14512.5,-1.422484,60.10491,0,79.1467,2.604737,59.98951,0,98.4421,0.477428,60.16315,0,54.6529,4.626068,60.26927,0,PMU,14467,2.386786,59.93272,0,14394.1,0.293780,59.92660,0,14535.4,4.497934,60.11773,0,78.9285,2.246661,59.98018,0,97.8576,0.123916,60.02797,0,54.3227,4.271990,60.04863,0,PMU,14388.8,-0.758530,60.05246,0,14472.5,3.431954,60.05945,0,14535.9,1.342792,59.86944,0,78.9134,-0.900852,60.00466,0,97.4792,3.257635,59.97552,0,54.5228,1.121564,59.91840,0,PMU,14466,2.395436,59.93356,0,14392.5,0.302444,59.92540,0,14533.2,4.506601,60.11657,0,78.8629,2.255877,60.00699,0,97.7273,0.132094,60.01632,0,54.307,4.282183,60.05712,0,PMU,14468.9,2.445604,59.93705,0,14389.3,0.352102,59.91724,0,14526.9,4.556936,60.11424,0,79.1022,2.305357,59.98368,0,97.7731,0.182856,60.03380,0,54.4242,4.332168,60.05362,0,PMU
753,6.283333,14407.1,2.748676,60.00699,0,14431.3,0.657434,60.09675,0,14537.9,-1.429137,59.87294,0,79.1597,2.604066,59.98718,0,97.8057,0.468214,59.82402,0,54.9785,4.611359,59.71908,0,PMU,14388.9,2.389576,60.05329,0,14471.3,0.296890,60.05941,0,14536.3,4.491038,59.86828,0,78.8609,2.246905,60.00466,0,97.5375,0.122146,59.96620,0,54.3803,4.269932,59.96069,0,PMU,14466.9,-0.761948,59.93472,0,14394.3,3.428231,59.92889,0,14535.7,1.349018,60.11890,0,78.866,-0.901523,59.98718,0,97.5663,3.258185,60.01049,0,54.3954,1.125104,60.06761,0,PMU,14385.8,2.398121,60.05129,0,14468.7,0.305496,60.05828,0,14534.4,4.499705,59.86828,0,78.8037,2.254840,59.98018,0,97.4447,0.130447,59.96853,0,54.3438,4.278460,59.92889,0,PMU,14387.8,2.447923,60.04430,0,14463.3,0.355459,60.06411,0,14532.5,4.549978,59.86711,0,78.9868,2.305723,60.00699,0,97.4164,0.180170,59.94871,0,54.4306,4.328628,59.93239,0,PMU
754,6.291667,14497.3,2.747211,59.97202,0,14382.1,0.651331,59.88343,0,14512.6,-1.423522,60.10724,0,79.1247,2.603760,59.99417,0,98.354,0.476390,60.15616,0,54.6445,4.625152,60.26344,0,PMU,14467,2.386054,59.93272,0,14393.9,0.293047,59.92660,0,14535.2,4.497202,60.11773,0,78.9156,2.245929,59.98135,0,97.8789,0.123183,60.01981,0,54.4109,4.271502,60.02998,0,PMU,14388.1,-0.759201,60.05246,0,14471.5,3.431283,60.05828,0,14535.5,1.342121,59.86828,0,78.8864,-0.901645,59.99767,0,97.4221,3.257086,59.97902,0,54.4691,1.120405,59.91024,0,PMU,14466.1,2.394642,59.93356,0,14392.2,0.301590,59.92540,0,14533.1,4.505808,60.11657,0,78.9263,2.255633,60.01515,0,97.8339,0.132094,60.03147,0,54.325,4.281939,60.06644,0,PMU,14468,2.444627,59.93705,0,14388.9,0.351125,59.91724,0,14526,4.555898,60.11307,0,79.0747,2.304380,59.97435,0,97.7308,0.181879,60.03264,0,54.4206,4.331191,60.04896,0,PMU
755,6.300000,14406.7,2.747638,60.00816,0,14430.6,0.656397,60.09675,0,14537.5,-1.430113,59.87411,0,79.1648,2.602967,59.98485,0,97.7191,0.467664,59.83335,0,54.9897,4.610993,59.72957,0,PMU,14388.1,2.388783,60.05212,0,14471.2,0.296158,60.05941,0,14535.9,4.490244,59.86712,0,78.7811,2.245990,60.00117,0,97.4609,0.121292,59.96387,0,54.3391,4.268040,59.93388,0,PMU,14466.9,-0.762619,59.93472,0,14394.2,3.427560,59.92889,0,14536.3,1.348347,60.11890,0,78.9041,-0.901706,59.99883,0,97.7702,3.258185,60.02098,0,54.3929,1.124311,60.07460,0,PMU,14386.3,2.397389,60.05246,0,14468.9,0.304703,60.05945,0,14534.1,4.498911,59.86828,0,78.8199,2.254290,59.97435,0,97.6282,0.130019,59.96037,0,54.4082,4.278399,59.93239,0,PMU,14387.1,2.446946,60.04430,0,14463.1,0.354482,60.06411,0,14532.4,4.548940,59.86711,0,78.9762,2.304991,60.01166,0,97.4122,0.178949,59.94405,0,54.4213,4.327346,59.92656,0,PMU
756,6.308333,14496.1,2.746174,59.97202,0,14381.1,0.650293,59.88343,0,14511.1,-1.424559,60.10608,0,79.1337,2.603028,60.00117,0,98.4871,0.475536,60.15033,0,54.6744,4.624359,60.25528,0,PMU,14466.5,2.385199,59.93156,0,14393.3,0.292254,59.92544,0,14535.3,4.496409,60.11773,0,78.8428,2.244586,59.97319,0,97.7433,0.122085,60.01515,0,54.292,4.270037,60.03814,0,PMU,14388.5,-0.759811,60.05362,0,14471.9,3.430672,60.05945,0,14536.1,1.341572,59.87061,0,78.932,-0.901829,59.99767,0,97.6544,3.256720,59.97202,0,54.5269,1.120221,59.92190,0,PMU,14466.6,2.393910,59.93356,0,14392.6,0.300857,59.92656,0,14533.4,4.505076,60.11773,0,78.8996,2.254717,60.00816,0,97.7717,0.131423,60.02681,0,54.38,4.281206,60.05362,0,PMU,14467.5,2.443528,59.93472,0,14388.4,0.350149,59.91724,0,14525.8,4.554922,60.11424,0,79.1012,2.303587,59.97319,0,97.5737,0.180414,60.02798,0,54.3879,4.330153,60.05362,0,PMU
757,6.316667,14405,2.746723,60.01049,0,14429.2,0.655359,60.09675,0,14535.1,-1.431090,59.87527,0,79.1519,2.601868,59.97785,0,97.7033,0.466810,59.83335,0,54.9787,4.610382,59.73306,0,PMU,14388.3,2.387946,60.05246,0,14471.3,0.295303,60.05824,0,14536.4,4.489512,59.86828,0,78.8605,2.245318,60.01399,0,97.5243,0.120864,59.97669,0,54.3258,4.267551,59.95253,0,PMU,13214.1,-0.580429,63.42596,0,13224.8,3.799637,67.04671,0,15428,1.608237,65.09292,1,74.9787,-0.715642,63.55590,0,86.2529,3.603093,66.61523,0,58.1342,1.430541,65.92666,0,PMU,14386.3,2.396717,60.05362,0,14469,0.303970,60.05945,0,14533.8,4.498179,59.86828,0,78.7693,2.253619,59.97902,0,97.5605,0.129104,59.95570,0,54.3532,4.276995,59.91957,0,PMU,14386.6,2.445848,60.04430,0,14462.7,0.353445,60.06295,0,14531.6,4.547842,59.86478,0,79.0026,2.304197,60.01166,0,97.3062,0.177790,59.94988,0,54.4553,4.326980,59.93938,0,PMU
758,6.325000,14493.8,2.745136,59.96970,0,14379.1,0.649256,59.88343,0,14508.5,-1.425658,60.10375,0,79.1082,2.602173,60.00583,0,98.3794,0.474742,60.15150,0,54.6419,4.623382,60.24829,0,PMU,14466.9,2.384528,59.93472,0,14393.7,0.291521,59.92777,0,14535.6,4.495676,60.11773,0,78.9452,2.244159,59.97785,0,97.8692,0.121536,60.01282,0,54.297,4.269321,60.03380,0,PMU,14412.1,-0.211586,67.04438,1,14421,3.981246,63.46847,1,14556.5,1.895862,65.49325,1,79.6393,-0.353078,66.92445,0,98.6262,3.807387,63.90173,0,54.4503,1.685740,64.87396,0,POW,14466.2,2.393177,59.93239,0,14392.8,0.300125,59.92656,0,14533.4,4.504282,60.11657,0,78.883,2.253558,59.99883,0,97.7487,0.130630,60.02914,0,54.326,4.280108,60.05945,0,PMU,14467.2,2.442491,59.93589,0,14387.9,0.349111,59.91724,0,14525.3,4.553823,60.11424,0,79.1054,2.302610,59.96969,0,97.5808,0.179133,60.02565,0,54.4293,4.329238,60.04313,0,PMU
759,6.333333,14402.2,2.745502,60.00699,0,14426.5,0.654200,60.09442,0,14532.9,-1.432232,59.87444,0,79.137,2.600892,59.97552,0,97.6479,0.466261,59.83801,0,54.9328,4.609772,59.74006,0,PMU,14388.6,2.387335,60.05362,0,14471.4,0.294634,60.05945,0,14536.1,4.488841,59.86944,0,78.8797,2.244647,60.00933,0,97.623,0.120498,59.98018,0,54.3685,4.267063,59.95687,0,PMU,14506.6,-0.211830,59.99534,1,14374.8,3.975326,59.88693,1,14507.5,1.901538,60.10841,1,79.7181,-0.353201,59.99767,0,98.581,3.806410,59.98135,0,54.4939,1.686106,60.00699,0,POW,14386.5,2.395924,60.05246,0,14468.9,0.303177,60.05828,0,14534.2,4.497446,59.86944,0,78.8018,2.253008,59.98951,0,97.5856,0.128616,59.96153,0,54.3732,4.276201,59.92540,0,PMU,14386.3,2.444810,60.04430,0,14462.3,0.352346,60.06178,0,14531.1,4.546804,59.86595,0,78.9546,2.303038,60.00816,0,97.2911,0.176813,59.95570,0,54.4451,4.325881,59.93589,0,PMU
760,6.341667,14490.7,2.743855,59.96853,0,14375.4,0.647974,59.88110,0,14505.6,-1.426939,60.10108,0,79.074,2.601380,60.00933,0,98.3577,0.474071,60.14917,0,54.5617,4.621979,60.23313,0,PMU,14467.1,2.383917,59.93472,0,14393.8,0.290911,59.92889,0,14535.6,4.495066,60.11890,0,78.899,2.243182,59.97202,0,97.87,0.120681,60.00350,0,54.3214,4.269260,60.04196,0,PMU,14416.5,-0.212379,59.98951,1,14418.4,3.980514,60.09908,0,14558.7,1.895496,59.88460,1,79.6286,-0.353750,59.98951,0,98.5501,3.806898,60.00933,0,54.4341,1.685313,59.98485,0,POW,14466.4,2.392384,59.93239,0,14392.1,0.299332,59.92656,0,14532.8,4.503611,60.11773,0,78.9825,2.252947,59.99883,0,97.9131,0.130569,60.03730,0,54.3332,4.279436,60.06178,0,PMU,14466.8,2.441453,59.93589,0,14387.8,0.348015,59.91728,0,14524.6,4.552724,60.11307,0,79.02,2.301207,59.96503,0,97.6493,0.178278,60.02798,0,54.4255,4.328261,60.04546,0,PMU
761,6.350000,14400.4,2.744160,60.00583,0,14424.8,0.652857,60.09325,0,14531.4,-1.433575,59.87327,0,79.1292,2.599671,59.96736,0,97.7826,0.465955,59.84501,0,54.9311,4.608612,59.74472,0,PMU,14388.2,2.386725,60.05362,0,14471.3,0.294024,60.05945,0,14535.8,4.488169,59.86828,0,78.8202,2.243609,60.00816,0,97.5034,0.119705,59.98135,0,54.343,4.266514,59.94754,0,PMU,14507,-0.212684,59.99417,0,14374.9,3.974411,59.88344,0,14507.4,1.900623,60.09792,0,79.6928,-0.354238,59.99067,0,98.6081,3.805373,59.97086,0,54.475,1.684947,59.99301,0,POW,14387.1,2.395253,60.05479,0,14469.2,0.302505,60.06062,0,14534.2,4.496775,59.86944,0,78.8805,2.252581,59.99301,0,97.6809,0.128310,59.95687,0,54.3946,4.275713,59.92889,0,PMU,14386.5,2.443773,60.04430,0,14462.4,0.351308,60.06291,0,14531.3,4.545705,59.86595,0,78.9438,2.302244,60.01982,0,97.3606,0.175654,59.94988,0,54.476,4.324782,59.93356,0,PMU
762,6.358333,14489.9,2.742573,59.96969,0,14375,0.646692,59.88227,0,14504.4,-1.428221,60.10225,0,79.1155,2.600648,60.01865,0,98.6192,0.473644,60.14683,0,54.6702,4.621307,60.24246,0,PMU,14466.4,2.383246,59.93356,0,14393.7,0.290240,59.92773,0,14535.4,4.494334,60.11773,0,78.8463,2.242145,59.97202,0,97.7242,0.119644,59.99883,0,54.2944,4.268467,60.03730,0,PMU,14416.4,-0.213295,59.98834,0,14418.4,3.979598,60.09908,0,14558.4,1.894519,59.88343,0,79.6225,-0.354482,59.99534,0,98.5265,3.805800,60.00816,0,54.4519,1.684459,59.99067,0,POW,14466.4,2.391774,59.93356,0,14392.6,0.298660,59.92656,0,14533,4.502939,60.11773,0,78.9615,2.252093,59.99067,0,97.9671,0.130263,60.03730,0,54.3615,4.278704,60.05712,0,PMU,14466.7,2.440416,59.93589,0,14387.8,0.347038,59.91844,0,14525.2,4.551687,60.11424,0,78.9763,2.300169,59.96037,0,97.5221,0.177118,60.02798,0,54.3827,4.327041,60.04313,0,PMU
763,6.366667,14399.9,2.743061,60.00933,0,14424.7,0.651697,60.09559,0,14531.5,-1.434735,59.87560,0,79.169,2.598694,59.96270,0,97.9319,0.465162,59.83801,0,55.0489,4.608612,59.75754,0,PMU,14388,2.385993,60.05246,0,14471.4,0.293352,60.05945,0,14535.3,4.487437,59.86828,0,78.8689,2.243243,60.02098,0,97.5308,0.119094,59.98951,0,54.4262,4.265415,59.94172,0,PMU,14506.5,-0.213661,59.99301,0,14375.4,3.973495,59.88344,0,14507.7,1.899646,60.09792,0,79.668,-0.355154,59.98718,0,98.566,3.804823,59.98135,0,54.506,1.683970,59.99067,0,POW,14387.1,2.394520,60.05246,0,14469.1,0.301834,60.06062,0,14534.7,4.496103,59.86944,0,78.8192,2.251727,59.99301,0,97.63,0.127273,59.94288,0,54.3585,4.274553,59.92073,0,PMU,14386.6,2.442735,60.04430,0,14462.4,0.350332,60.06291,0,14531.6,4.544729,59.86711,0,78.9064,2.301146,60.01865,0,97.2178,0.174616,59.95221,0,54.4559,4.323806,59.93822,0,PMU
764,6.375000,14489.7,2.741596,59.97202,0,14374.5,0.645655,59.88460,0,14504.1,-1.429198,60.10574,0,79.1415,2.599610,60.01749,0,98.6205,0.472669,60.14338,0,54.7178,4.620148,60.22031,0,PMU,14466.6,2.382575,59.93472,0,14393.8,0.289568,59.92773,0,14535.4,4.493662,60.11890,0,78.8818,2.242022,59.97669,0,97.8293,0.119277,60.00350,0,54.37,4.268101,60.05129,0,PMU,14416.3,-0.214271,59.98834,0,14418,3.978683,60.09908,0,14558.7,1.893665,59.88576,0,79.6608,-0.355032,60.00233,0,98.6035,3.805006,60.00350,0,54.4845,1.683848,59.99767,0,POW,14466.5,2.391041,59.93356,0,14393.2,0.298050,59.92773,0,14534.2,4.502268,60.11773,0,78.916,2.250994,59.98601,0,97.8288,0.129226,60.03730,0,54.3297,4.277849,60.06295,0,PMU,14466.9,2.439500,59.93822,0,14388,0.346123,59.91961,0,14525.8,4.550771,60.11540,0,78.9608,2.299376,59.96620,0,97.5224,0.176203,60.03031,0,54.4136,4.326003,60.04196,0,PMU
765,6.383333,14398.8,2.742023,60.00816,0,14424.1,0.650721,60.09675,0,14531.3,-1.435772,59.87444,0,79.1292,2.597474,59.95920,0,97.9164,0.464124,59.83680,0,55.0254,4.607208,59.75288,0,PMU,14388.2,2.385382,60.05362,0,14471.8,0.292681,60.05945,0,14535.5,4.486765,59.86828,0,78.8327,2.242755,60.01399,0,97.5823,0.118728,59.98951,0,54.5144,4.266880,59.97669,0,PMU,14506.1,-0.214516,59.99534,0,14375,3.972641,59.88460,0,14507.5,1.898792,60.09792,0,79.6861,-0.355886,59.98368,0,98.5561,3.803541,59.97202,0,54.4726,1.682872,59.98135,0,POW,14387.7,2.393910,60.05479,0,14469.3,0.301285,60.06178,0,14535.9,4.495554,59.87178,0,78.8417,2.251422,60.00816,0,97.609,0.126662,59.95104,0,54.3606,4.273882,59.92423,0,PMU,14387.2,2.441881,60.04546,0,14463.2,0.349477,60.06407,0,14532,4.543874,59.86828,0,78.9325,2.300535,60.02215,0,97.344,0.174067,59.95920,0,54.5239,4.323257,59.94754,0,PMU
766,6.391667,14489.6,2.740559,59.97202,0,14375.1,0.644739,59.88576,0,14504.6,-1.430235,60.10574,0,79.1023,2.598878,60.02681,0,98.617,0.471449,60.13988,0,54.6484,4.618317,60.21215,0,PMU,14466.8,2.382025,59.93589,0,14394.2,0.288958,59.92889,0,14535.6,4.492991,60.11890,0,78.8013,2.241473,59.97552,0,97.69,0.118606,59.99767,0,54.4588,4.268955,60.03963,0,PMU,14415.9,-0.215065,59.98951,0,14417.9,3.977828,60.09908,0,14558,1.892749,59.88460,0,79.651,-0.355764,60.00233,0,98.5203,3.803725,60.00350,0,54.3763,1.681895,59.98135,0,POW,14466.5,2.390492,59.93472,0,14392.9,0.297501,59.92773,0,14534.3,4.501719,60.11773,0,78.9637,2.250689,59.98601,0,97.942,0.128921,60.04313,0,54.3123,4.276934,60.05828,0,PMU,14467.5,2.438707,59.93938,0,14388.6,0.345329,59.92078,0,14526,4.549978,60.11657,0,78.9421,2.298582,59.96270,0,97.6088,0.175837,60.03380,0,54.4677,4.325881,60.05012,0,PMU
767,6.400000,14399.4,2.741108,60.01049,0,14424.6,0.649805,60.09675,0,14532.2,-1.436688,59.87677,0,79.1119,2.596619,59.95687,0,97.9497,0.463209,59.84263,0,54.987,4.606049,59.76570,0,PMU,14388.2,2.384894,60.05479,0,14472.5,0.292132,60.06062,0,14535.4,4.486155,59.86944,0,78.8099,2.242145,60.01282,0,97.4352,0.117568,59.98018,0,54.5166,4.265964,59.94288,0,PMU,14505.3,-0.215370,59.99417,0,14375,3.971786,59.88460,0,14507.1,1.897876,60.09792,0,79.6615,-0.356741,59.98135,0,98.5297,3.802626,59.97902,0,54.4151,1.681712,59.99650,0,POW,14387.8,2.393299,60.05362,0,14469.4,0.300674,60.06062,0,14536,4.494944,59.87061,0,78.8694,2.250872,60.00350,0,97.693,0.126113,59.94638,0,54.3741,4.273455,59.93356,0,PMU,14386.9,2.441087,60.04546,0,14463.4,0.348625,60.06295,0,14532.1,4.543020,59.86711,0,78.8753,2.299620,60.01982,0,97.3602,0.173517,59.95570,0,54.5087,4.321670,59.91957,0,PMU
768,6.408333,14490.3,2.739643,59.97202,0,14375.7,0.643824,59.88577,0,14504.9,-1.431090,60.10691,0,79.1427,2.598267,60.03147,0,98.6935,0.470350,60.13638,0,54.6548,4.617706,60.22265,0,PMU,14466.8,2.381415,59.93356,0,14394.5,0.288408,59.92889,0,14535.9,4.492381,60.11890,0,78.8511,2.241046,59.97902,0,97.5373,0.117752,60.00350,0,54.4339,4.268589,60.05012,0,PMU,14415.2,-0.215980,59.98834,0,14417.3,3.976913,60.09791,0,14557.5,1.891856,59.88502,0,79.6689,-0.356496,60.00466,0,98.5596,3.802870,60.00466,0,54.4392,1.681712,60.00000,0,POW,14466.7,2.389881,59.93472,0,14393,0.296890,59.92773,0,14534.3,4.501108,60.11773,0,78.9627,2.250201,59.98718,0,97.9644,0.128188,60.03963,0,54.361,4.276323,60.05479,0,PMU,14467.5,2.437852,59.93822,0,14388.4,0.344414,59.91957,0,14526.2,4.549123,60.11657,0,78.8956,2.297789,59.96503,0,97.6477,0.175043,60.02914,0,54.372,4.324416,60.05246,0,PMU
769,6.416667,14400.5,2.740314,60.01282,0,14425.7,0.648890,60.09675,0,14532.8,-1.437542,59.87677,0,79.1527,2.595765,59.95221,0,97.9343,0.462110,59.84263,0,55.04,4.605805,59.77269,0,PMU,14388.7,2.384223,60.05362,0,14472.5,0.291521,60.05945,0,14536.1,4.485606,59.87061,0,78.912,2.241717,60.01282,0,97.4581,0.117385,59.99301,0,54.5435,4.265110,59.93356,0,PMU,14504.4,-0.216286,59.99417,0,14374.4,3.970810,59.88344,0,14506.6,1.896900,60.09633,0,79.6845,-0.357473,59.98135,0,98.5738,3.802077,59.98485,0,54.4826,1.681285,59.99184,0,POW,14387.6,2.392750,60.05479,0,14469.8,0.300125,60.06178,0,14536,4.494334,59.87061,0,78.8821,2.250750,60.01049,0,97.538,0.125014,59.93938,0,54.3363,4.272417,59.92540,0,PMU,14387.2,2.440233,60.04546,0,14463.1,0.347710,60.06295,0,14531.7,4.542168,59.86715,0,78.9202,2.299009,60.02331,0,97.3278,0.172480,59.95104,0,54.4723,4.320815,59.93122,0,PMU
770,6.425000,14491.5,2.738850,59.97202,0,14376.3,0.643030,59.88810,0,14505.6,-1.431822,60.10924,0,79.1611,2.597291,60.02914,0,98.6667,0.469434,60.13988,0,54.661,4.617157,60.21682,0,PMU,14467.5,2.380866,59.93589,0,14394.7,0.287798,59.92889,0,14535.9,4.491831,60.11890,0,78.9091,2.240985,59.98601,0,97.7539,0.117874,60.00933,0,54.4514,4.268101,60.05712,0,PMU,14415,-0.216957,59.98718,0,14416.8,3.975936,60.09791,0,14557.3,1.890879,59.88502,0,79.7193,-0.357229,60.00466,0,98.6789,3.801832,59.99534,0,54.4549,1.680674,59.98834,0,POW,14466.5,2.389271,59.93356,0,14392.8,0.296341,59.92773,0,14534.5,4.500559,60.11889,0,78.9443,2.249591,59.97785,0,97.7519,0.127090,60.03963,0,54.3341,4.275408,60.05712,0,PMU,14467.4,2.436998,59.93822,0,14388.4,0.343559,59.92073,0,14525.9,4.548269,60.11653,0,78.9018,2.297117,59.96386,0,97.6273,0.174189,60.03264,0,54.3838,4.323623,60.05362,0,PMU
771,6.433333,14400.3,2.739460,60.01166,0,14426.1,0.648096,60.09675,0,14532.8,-1.438458,59.87327,0,79.0876,2.594605,59.94871,0,97.8564,0.460706,59.83331,0,54.9931,4.604525,59.75875,0,PMU,14389.1,2.383673,60.05362,0,14472.7,0.290911,60.05945,0,14536,4.484995,59.86944,0,78.9297,2.241046,60.00117,0,97.5346,0.117019,59.98368,0,54.5822,4.264500,59.93122,0,PMU,14505,-0.217140,59.99650,0,14375,3.969955,59.88577,0,14506.9,1.896045,60.09866,0,79.7031,-0.358572,59.97435,0,98.6222,3.801224,59.98838,0,54.4961,1.680430,59.99534,0,POW,14387.3,2.392140,60.05479,0,14469.6,0.299515,60.06062,0,14535.9,4.493723,59.86945,0,78.8736,2.250018,60.00816,0,97.4882,0.124404,59.94871,0,54.3341,4.271563,59.92656,0,PMU,14386.6,2.439317,60.04430,0,14462.4,0.346794,60.06178,0,14530.8,4.541252,59.86599,0,78.9353,2.298094,60.01865,0,97.3696,0.171747,59.95337,0,54.4902,4.319961,59.93006,0,PMU
772,6.441667,14491.1,2.737934,59.97086,0,14376.9,0.642115,59.88577,0,14505.6,-1.432781,60.10841,0,79.1268,2.596375,60.03380,0,98.4785,0.467970,60.13872,0,54.6145,4.616181,60.22260,0,PMU,14467.4,2.380316,59.93589,0,14395,0.287249,59.93006,0,14535.8,4.491221,60.11890,0,78.9081,2.240497,59.98951,0,97.6981,0.117324,60.00583,0,54.4875,4.267429,60.05595,0,PMU,14415.2,-0.217750,59.98834,0,14417.5,3.975143,60.09908,0,14557.3,1.890086,59.88619,0,79.6895,-0.358266,60.00583,0,98.6475,3.800675,59.98951,0,54.4168,1.679271,59.97785,0,POW,14466,2.388661,59.93356,0,14392.7,0.295669,59.92656,0,14534.3,4.499888,60.11773,0,78.9505,2.248919,59.97902,0,97.8378,0.126235,60.03497,0,54.3021,4.274309,60.05246,0,PMU,14467.1,2.436082,59.93822,0,14388.1,0.342583,59.91957,0,14525.1,4.547292,60.11536,0,78.8913,2.296080,59.96153,0,97.6267,0.173273,60.02914,0,54.4277,4.323195,60.06178,0,PMU
773,6.450000,14401.5,2.738544,60.01166,0,14427.8,0.647242,60.09791,0,14534.6,-1.439434,59.87294,0,79.1347,2.593873,59.95221,0,97.7499,0.459486,59.83797,0,55.0078,4.603793,59.76341,0,PMU,14388.8,2.383063,60.05246,0,14472.5,0.290362,60.05945,0,14535.9,4.484385,59.86944,0,78.9134,2.240741,60.00466,0,97.4792,0.116043,59.97552,0,54.5228,4.263157,59.91840,0,PMU,14505.8,-0.217994,59.99534,0,14375.9,3.969101,59.88460,0,14507.3,1.895191,60.09749,0,79.6824,-0.359609,59.97435,0,98.5631,3.799759,59.98251,0,54.4459,1.679087,59.99650,0,PMU,14387.6,2.391468,60.05362,0,14470.3,0.298904,60.06178,0,14536.3,4.493052,59.86945,0,78.8969,2.249346,60.00816,0,97.5081,0.123855,59.95454,0,54.3864,4.271380,59.94405,0,PMU,14386.5,2.438402,60.04430,0,14462.2,0.345879,60.06295,0,14530.4,4.540275,59.86599,0,78.9139,2.296812,60.01399,0,97.3373,0.170832,59.95337,0,54.5116,4.318435,59.90908,0,PMU
774,6.458333,14493.8,2.737080,59.97202,0,14378.5,0.641260,59.88577,0,14507.8,-1.433636,60.11074,0,79.2349,2.595704,60.03497,0,98.5494,0.467054,60.14454,0,54.6566,4.615875,60.23076,0,PMU,14466.9,2.379645,59.93472,0,14394.3,0.286638,59.92889,0,14535.7,4.490611,60.11890,0,78.866,2.240069,59.98718,0,97.5663,0.116592,60.01049,0,54.3954,4.266697,60.06761,0,PMU,14417,-0.218544,59.98951,0,14418.8,3.974350,60.10025,0,14558.9,1.889293,59.88735,0,79.7128,-0.359365,60.00466,0,98.5739,3.799210,59.98951,0,54.4267,1.678599,59.99067,0,PMU,14466.7,2.388111,59.93589,0,14394,0.295120,59.92773,0,14535,4.499277,60.11889,0,78.9672,2.248614,59.98601,0,97.8907,0.125808,60.03730,0,54.4133,4.273882,60.04779,0,PMU,14466.6,2.435106,59.93705,0,14388,0.341667,59.91957,0,14525.4,4.546377,60.11653,0,78.8619,2.294920,59.96386,0,97.6326,0.172297,60.02798,0,54.3567,4.321853,60.06528,0,PMU
775,6.466667,14404.3,2.737751,60.01282,0,14430.7,0.646387,60.09791,0,14537.1,-1.440289,59.87294,0,79.1406,2.592774,59.94405,0,97.8266,0.458387,59.83447,0,55.0301,4.602816,59.75059,0,PMU,14388.1,2.382392,60.05246,0,14471.5,0.289690,60.05828,0,14535.5,4.483714,59.86828,0,78.8864,2.239947,59.99767,0,97.4221,0.115493,59.97902,0,54.4691,4.261997,59.91024,0,PMU,14507.6,-0.218727,59.99650,0,14377.4,3.968368,59.88576,0,14508.6,1.894458,60.09866,0,79.6736,-0.360647,59.97552,0,98.5487,3.799210,60.00000,0,54.4603,1.678235,59.99305,0,PMU,14387.9,2.390919,60.05362,0,14470.6,0.298355,60.06178,0,14536.5,4.492442,59.86945,0,78.8633,2.248492,59.99767,0,97.5177,0.123244,59.95104,0,54.3685,4.270464,59.93472,0,PMU,14386.7,2.437425,60.04430,0,14462.5,0.344902,60.06178,0,14530.6,4.539360,59.86599,0,78.934,2.295469,60.01049,0,97.3079,0.169613,59.94875,0,54.4874,4.317580,59.91840,0,PMU
776,6.475000,14496.8,2.736347,59.97319,0,14382.4,0.640528,59.88810,0,14511.4,-1.434307,60.11424,0,79.1829,2.593934,60.02215,0,98.5044,0.465894,60.14338,0,54.6279,4.614594,60.22493,0,PMU,14466.9,2.378974,59.93472,0,14394.2,0.285967,59.92889,0,14536.3,4.489939,60.11890,0,78.9041,2.239886,59.99883,0,97.7702,0.116592,60.02098,0,54.3929,4.265903,60.07460,0,PMU,14417.4,-0.219337,59.98834,0,14419,3.973556,60.09908,0,14558.9,1.888499,59.88619,0,79.7104,-0.360220,60.00816,0,98.594,3.798295,59.98251,0,54.3923,1.677686,59.98951,0,PMU,14467,2.387519,59.93505,0,14393.9,0.294512,59.92660,0,14535.5,4.498667,60.11889,0,78.9196,2.247454,59.98018,0,97.7672,0.124587,60.02565,0,54.3453,4.272844,60.04546,0,PMU,14467.6,2.434190,59.93822,0,14389.2,0.340752,59.92073,0,14527,4.545400,60.11536,0,78.8796,2.293943,59.97086,0,97.6292,0.171076,60.02793,0,54.3999,4.320754,60.06062,0,PMU
777,6.483333,14406.8,2.737080,60.01399,0,14432.7,0.645716,60.09908,0,14539.2,-1.440960,59.87294,0,78.9411,2.591004,59.94405,0,97.7165,0.457594,59.84147,0,54.9657,4.601779,59.75525,0,PMU,14388.5,2.381781,60.05362,0,14471.9,0.289080,60.05945,0,14536.1,4.483164,59.87061,0,78.932,2.239764,59.99767,0,97.6544,0.115127,59.97202,0,54.5269,4.261814,59.92190,0,PMU,14507.2,-0.219642,59.99417,0,14377.7,3.967392,59.88227,0,14508.1,1.893543,60.09633,0,79.6161,-0.361501,59.97552,0,98.493,3.798417,60.00233,0,54.4185,1.677137,59.98951,0,PMU,14388.5,2.390309,60.05329,0,14470.8,0.297623,60.05941,0,14536.7,4.491770,59.86828,0,78.8463,2.247698,60.00466,0,97.4935,0.122451,59.95921,0,54.3408,4.269443,59.93505,0,PMU,14388.8,2.436509,60.04429,0,14464.9,0.344047,60.06295,0,14533,4.538444,59.86715,0,78.9839,2.294310,60.00699,0,97.4002,0.168332,59.94759,0,54.5336,4.316238,59.91374,0,PMU
778,6.491667,14497.9,2.735615,59.97202,0,14383.8,0.639796,59.88693,0,14513.2,-1.435101,60.11191,0,78.9762,2.592774,60.03380,0,98.5106,0.465101,60.14337,0,54.5731,4.614350,60.24009,0,PMU,13214.1,2.561164,63.42596,0,13224.8,0.658045,67.04671,0,15428,-1.533356,65.09292,1,74.9787,2.425951,63.55590,0,86.2529,0.461500,66.61523,0,58.1342,4.572133,65.92666,0,PMU,14417.8,-0.220314,59.98718,0,14419.6,3.972519,60.09792,0,14559.1,1.887523,59.88502,0,79.6904,-0.361379,60.00233,0,98.5267,3.797135,59.97552,0,54.3628,1.676709,59.99184,0,PMU,14467,2.386786,59.93272,0,14394.1,0.293780,59.92660,0,14535.4,4.497934,60.11773,0,78.9285,2.246661,59.98018,0,97.8576,0.123916,60.02797,0,54.3227,4.271990,60.04863,0,PMU,14469.5,2.433275,59.93822,0,14391,0.339897,59.92073,0,14529,4.544546,60.11653,0,78.9034,2.293030,59.97556,0,97.6097,0.169796,60.02798,0,54.4511,4.320571,60.08276,0,PMU
779,6.500000,14407.7,2.736286,60.01282,0,14433.5,0.644861,60.09675,0,14540,-1.441815,59.87178,0,78.8671,2.590333,59.95337,0,97.6861,0.457045,59.84613,0,54.9269,4.601412,59.75292,0,PMU,14412.1,2.930007,67.04438,1,14421,0.839654,63.46847,1,14556.5,-1.245730,65.49325,1,79.6393,2.788514,66.92445,0,98.6262,0.665794,63.90173,0,54.4503,-1.455852,64.87396,0,POW,14507.7,-0.220558,59.99534,0,14378.3,3.966415,59.88343,0,14508.2,1.892527,60.09559,0,79.606,-0.362417,59.98018,0,98.5028,3.797684,60.01049,0,54.4623,1.677014,60.00583,0,PMU,14388.9,2.389576,60.05329,0,14471.3,0.296890,60.05941,0,14536.3,4.491038,59.86828,0,78.8609,2.246905,60.00466,0,97.5375,0.122146,59.96620,0,54.3803,4.269932,59.96069,0,PMU,14389.7,2.435594,60.04429,0,14466.1,0.343132,60.06178,0,14534,4.537468,59.86482,0,78.9342,2.292908,59.99767,0,97.326,0.167050,59.94754,0,54.5136,4.314651,59.88693,0,PMU
780,6.508333,14498.6,2.734699,59.96969,0,14384.2,0.638819,59.88460,0,14513.8,-1.436016,60.11074,0,79.0161,2.592042,60.03264,0,98.6079,0.464674,60.14571,0,54.566,4.614350,60.24708,0,PMU,14506.6,2.929763,59.99534,1,14374.8,0.833733,59.88693,1,14507.5,-1.240054,60.10841,1,79.7181,2.788392,59.99767,0,98.581,0.664817,59.98135,0,54.4939,-1.455486,60.00699,0,POW,14417.5,-0.221290,59.98601,0,14419.5,3.971542,60.09792,0,14558.9,1.886485,59.88460,0,79.65,-0.362539,59.99767,0,98.5031,3.796342,59.97435,0,54.4628,1.676648,59.99301,0,PMU,14467,2.386054,59.93272,0,14393.9,0.293047,59.92660,0,14535.2,4.497202,60.11773,0,78.9156,2.245929,59.98135,0,97.8789,0.123183,60.01981,0,54.4109,4.271502,60.02998,0,PMU,14470.4,2.432298,59.93706,0,14391.6,0.338921,59.91957,0,14530.2,4.543569,60.11653,0,78.8364,2.291992,59.98251,0,97.5836,0.168637,60.03031,0,54.367,4.319106,60.08509,0,PMU
781,6.516667,14408.1,2.735371,60.01282,0,14434.3,0.643885,60.09675,0,14539.8,-1.442791,59.87061,0,78.9653,2.589845,59.95804,0,97.8454,0.456312,59.84031,0,54.9526,4.601473,59.75408,0,PMU,14416.5,2.929213,59.98951,1,14418.4,0.838921,60.09908,0,14558.7,-1.246097,59.88460,1,79.6286,2.787843,59.98951,0,98.5501,0.665306,60.00933,0,54.4341,-1.456280,59.98485,0,POW,14507.3,-0.221595,59.99417,0,14377.6,3.965439,59.88343,0,14508.1,1.891551,60.09675,0,79.5918,-0.363515,59.98135,0,98.5684,3.797562,60.02331,0,54.5556,1.676465,59.99650,0,PMU,14388.1,2.388783,60.05212,0,14471.2,0.296158,60.05941,0,14535.9,4.490244,59.86712,0,78.7811,2.245990,60.00117,0,97.4609,0.121292,59.96387,0,54.3391,4.268040,59.93388,0,PMU,14389.7,2.434557,60.04313,0,14466.2,0.342094,60.06061,0,14534.5,4.536491,59.86482,0,78.9204,2.291870,59.99767,0,97.2937,0.166256,59.95454,0,54.4816,4.314040,59.90325,0,PMU
782,6.525000,14498.8,2.733723,59.96853,0,14384.7,0.637842,59.88460,0,14514.2,-1.436993,60.11074,0,79.0697,2.591187,60.02564,0,98.5774,0.463880,60.14454,0,54.6002,4.614044,60.24009,0,PMU,14507,2.928908,59.99417,0,14374.9,0.832818,59.88344,0,14507.4,-1.240970,60.09792,0,79.6928,2.787354,59.99067,0,98.6081,0.663780,59.97086,0,54.475,-1.456646,59.99301,0,POW,14417.1,-0.222267,59.98718,0,14419.6,3.970626,60.09908,0,14559.1,1.885508,59.88460,0,79.7189,-0.363577,59.99883,0,98.679,3.795792,59.96620,0,54.5364,1.676282,59.99650,0,PMU,14466.5,2.385199,59.93156,0,14393.3,0.292254,59.92544,0,14535.3,4.496409,60.11773,0,78.8428,2.244586,59.97319,0,97.7433,0.122085,60.01515,0,54.292,4.270037,60.03814,0,PMU,14470.9,2.431261,59.93705,0,14391.6,0.337822,59.91840,0,14530.7,4.542532,60.11536,0,78.8656,2.291260,59.98834,0,97.6522,0.168087,60.03497,0,54.3918,4.318496,60.08509,0,PMU
783,6.533333,14408.2,2.734394,60.01282,0,14434.9,0.642908,60.09675,0,14539.9,-1.443829,59.86944,0,78.9289,2.588685,59.95221,0,97.8095,0.455702,59.84380,0,54.9768,4.600802,59.74709,0,PMU,14416.4,2.928298,59.98834,0,14418.4,0.838006,60.09908,0,14558.4,-1.247073,59.88343,0,79.6225,2.787110,59.99534,0,98.5265,0.664207,60.00816,0,54.4519,-1.457134,59.99067,0,POW,14506.8,-0.222572,59.99417,0,14378,3.964523,59.88343,0,14508.1,1.890574,60.09675,0,79.7067,-0.364004,59.99184,0,98.6432,3.796708,60.01749,0,54.5907,1.675733,59.98951,0,PMU,14388.3,2.387946,60.05246,0,14471.3,0.295303,60.05824,0,14536.4,4.489512,59.86828,0,78.8605,2.245318,60.01399,0,97.5243,0.120864,59.97669,0,54.3258,4.267551,59.95253,0,PMU,14389.9,2.433519,60.04313,0,14466.7,0.341057,60.06178,0,14534.9,4.535454,59.86482,0,78.9258,2.290711,59.98951,0,97.5191,0.165768,59.95570,0,54.481,4.313186,59.89859,0,PMU
784,6.541667,14499.1,2.732746,59.96853,0,14384.8,0.636805,59.88343,0,14514.8,-1.438030,60.11074,0,79.0493,2.589784,60.02098,0,98.6226,0.462904,60.13755,0,54.6449,4.613434,60.24125,0,PMU,14506.5,2.927932,59.99301,0,14375.4,0.831902,59.88344,0,14507.7,-1.241946,60.09792,0,79.668,2.786439,59.98718,0,98.566,0.663231,59.98135,0,54.506,-1.457622,59.99067,0,POW,14412.6,-0.223365,59.98485,0,14419.3,3.969711,60.09908,0,14558.7,1.884593,59.88576,0,79.6526,-0.364492,59.99068,0,98.6255,3.794694,59.96153,0,54.47,1.675061,59.98718,0,PMU,14466.9,2.384528,59.93472,0,14393.7,0.291521,59.92777,0,14535.6,4.495676,60.11773,0,78.9452,2.244159,59.97785,0,97.8692,0.121536,60.01282,0,54.297,4.269321,60.03380,0,PMU,14471.1,2.430284,59.93822,0,14392.8,0.336845,59.91957,0,14531.3,4.541496,60.11540,0,78.8861,2.290467,59.99534,0,97.7964,0.167111,60.02565,0,54.4508,4.318130,60.09442,0,PMU
785,6.550000,14408.4,2.733418,60.01282,0,14435.1,0.641932,60.09792,0,14539.7,-1.444805,59.87061,0,78.9282,2.587586,59.95804,0,97.788,0.454908,59.84730,0,54.9727,4.600070,59.74476,0,PMU,14416.3,2.927321,59.98834,0,14418,0.837090,60.09908,0,14558.7,-1.247928,59.88576,0,79.6608,2.786561,60.00233,0,98.6035,0.663414,60.00350,0,54.4845,-1.457744,59.99767,0,POW,14501.6,-0.223854,59.99067,0,14376.8,3.963546,59.88227,0,14507.1,1.889659,60.09675,0,79.6365,-0.364492,60.00000,0,98.5831,3.795426,60.01399,0,54.509,1.674268,59.98485,0,PMU,14388.6,2.387335,60.05362,0,14471.4,0.294634,60.05945,0,14536.1,4.488841,59.86944,0,78.8797,2.244647,60.00933,0,97.623,0.120498,59.98018,0,54.3685,4.267063,59.95687,0,PMU,14389.9,2.432542,60.04313,0,14467.6,0.340141,60.06295,0,14535.1,4.534416,59.86478,0,78.9601,2.289856,59.98834,0,97.4547,0.164608,59.95221,0,54.5282,4.312087,59.88460,0,PMU
786,6.558333,14499.1,2.731831,59.96969,0,14385.1,0.635889,59.88460,0,14514.6,-1.438946,60.11191,0,79.0949,2.589051,60.02798,0,98.5938,0.462171,60.13871,0,54.6106,4.612580,60.23892,0,PMU,14506.1,2.927077,59.99534,0,14375,0.831048,59.88460,0,14507.5,-1.242801,60.09792,0,79.6861,2.785707,59.98368,0,98.5561,0.661949,59.97202,0,54.4726,-1.458721,59.98135,0,POW,14410.4,-0.224586,59.98601,0,14418,3.968673,60.09792,0,14557.7,1.883494,59.88227,0,79.7577,-0.365041,59.98951,0,98.5201,3.793534,59.96386,0,54.4422,1.674024,59.99534,0,PMU,14467.1,2.383917,59.93472,0,14393.8,0.290911,59.92889,0,14535.6,4.495066,60.11890,0,78.899,2.243182,59.97202,0,97.87,0.120681,60.00350,0,54.3214,4.269260,60.04196,0,PMU,14470.7,2.429247,59.93705,0,14392.7,0.335869,59.91840,0,14531.5,4.540459,60.11540,0,78.9161,2.289307,59.98951,0,97.7142,0.165951,60.02565,0,54.3995,4.316787,60.08976,0,PMU
787,6.566667,14408,2.732502,60.01282,0,14435.9,0.641016,60.09792,0,14539.1,-1.445782,59.86944,0,78.9586,2.587037,59.96153,0,97.8082,0.454115,59.84613,0,54.9675,4.599459,59.74942,0,PMU,14415.9,2.926528,59.98951,0,14417.9,0.836236,60.09908,0,14558,-1.248843,59.88460,0,79.651,2.785829,60.00233,0,98.5203,0.662132,60.00350,0,54.3763,-1.459698,59.98135,0,POW,14500.4,-0.224952,59.99301,0,14375.4,3.962448,59.88110,0,14506.4,1.888499,60.09559,0,79.666,-0.365407,59.99301,0,98.649,3.794449,60.01748,0,54.4977,1.673230,59.98485,0,PMU,14388.2,2.386725,60.05362,0,14471.3,0.294024,60.05945,0,14535.8,4.488169,59.86828,0,78.8202,2.243609,60.00816,0,97.5034,0.119705,59.98135,0,54.343,4.266514,59.94754,0,PMU,14389.5,2.431505,60.04313,0,14466.7,0.339043,60.06062,0,14534.7,4.533440,59.86595,0,78.9862,2.288330,59.98135,0,97.3645,0.163571,59.95454,0,54.4782,4.311477,59.89859,0,PMU
788,6.575000,14498.4,2.730915,59.96969,0,14385.1,0.634974,59.88460,0,14514.6,-1.439923,60.11191,0,79.0639,2.587892,60.01632,0,98.4889,0.461134,60.13405,0,54.6281,4.611664,60.23310,0,PMU,14505.3,2.926223,59.99417,0,14375,0.830193,59.88460,0,14507.1,-1.243716,60.09792,0,79.6615,2.784852,59.98135,0,98.5297,0.661033,59.97902,0,54.4151,-1.459881,59.99650,0,POW,14409,-0.225685,59.98601,0,14417.2,3.967514,60.09675,0,14557,1.882396,59.88343,0,79.6732,-0.366628,59.97669,0,98.6003,3.792740,59.96736,0,54.4152,1.672864,59.99301,0,PMU,14466.4,2.383246,59.93356,0,14393.7,0.290240,59.92773,0,14535.4,4.494334,60.11773,0,78.8463,2.242145,59.97202,0,97.7242,0.119644,59.99883,0,54.2944,4.268467,60.03730,0,PMU,14470.8,2.428209,59.93705,0,14392.1,0.334831,59.91957,0,14531.1,4.539421,60.11424,0,78.9883,2.288452,60.00233,0,97.6895,0.165219,60.03147,0,54.4156,4.315688,60.08043,0,PMU
789,6.583333,14408.1,2.731587,60.01282,0,14436,0.640101,60.09792,0,14539,-1.446697,59.87061,0,78.9299,2.585999,59.96386,0,97.6546,0.453138,59.84730,0,54.9363,4.598361,59.74592,0,PMU,14415.2,2.925612,59.98834,0,14417.3,0.835320,60.09791,0,14557.5,-1.249737,59.88502,0,79.6689,2.785096,60.00466,0,98.5596,0.661277,60.00466,0,54.4392,-1.459881,60.00000,0,POW,14499.1,-0.226112,59.99184,0,14374.8,3.961349,59.88227,0,14505.5,1.887401,60.09559,0,79.6643,-0.366689,59.99883,0,98.5908,3.793534,60.01515,0,54.4847,1.672254,59.98834,0,PMU,14388,2.385993,60.05246,0,14471.4,0.293352,60.05945,0,14535.3,4.487437,59.86828,0,78.8689,2.243243,60.02098,0,97.5308,0.119094,59.98951,0,54.4262,4.265415,59.94172,0,PMU,14389,2.430467,60.04313,0,14467.1,0.338005,60.06062,0,14534.1,4.532402,59.86595,0,79.0637,2.287476,59.98135,0,97.4687,0.163022,59.95804,0,54.4313,4.310256,59.89625,0,PMU
790,6.591667,14498,2.729941,59.96857,0,14384.4,0.634058,59.88460,0,14514.9,-1.440899,60.11074,0,79.0461,2.586793,60.01515,0,98.4891,0.460279,60.13638,0,54.6059,4.610687,60.23543,0,PMU,14504.4,2.925307,59.99417,0,14374.4,0.829217,59.88344,0,14506.6,-1.244693,60.09633,0,79.6845,2.784120,59.98135,0,98.5738,0.660484,59.98485,0,54.4826,-1.460308,59.99184,0,POW,14408.5,-0.226783,59.98718,0,14416.6,3.966476,60.09792,0,14556,1.881297,59.88343,0,79.7419,-0.367727,59.98018,0,98.5317,3.791520,59.96153,0,54.412,1.672071,59.99650,0,PMU,14466.6,2.382575,59.93472,0,14393.8,0.289568,59.92773,0,14535.4,4.493662,60.11890,0,78.8818,2.242022,59.97669,0,97.8293,0.119277,60.00350,0,54.37,4.268101,60.05129,0,PMU,14470.9,2.427171,59.93705,0,14392.1,0.333855,59.92073,0,14530.7,4.538383,60.11424,0,79.0605,2.287781,60.00583,0,97.7225,0.164242,60.02331,0,54.4219,4.315200,60.09442,0,PMU
791,6.600000,14407.9,2.730549,60.01162,0,14435.8,0.639063,60.09559,0,14539.1,-1.447613,59.87177,0,78.859,2.585084,59.96736,0,97.7122,0.452955,59.86012,0,54.9379,4.597567,59.74942,0,PMU,14415,2.924636,59.98718,0,14416.8,0.834344,60.09791,0,14557.3,-1.250713,59.88502,0,79.7193,2.784364,60.00466,0,98.6789,0.660240,59.99534,0,54.4549,-1.460918,59.98834,0,POW,14499.3,-0.227149,59.99301,0,14374.2,3.960312,59.88227,0,14505.2,1.886424,60.09792,0,79.7641,-0.367116,60.01166,0,98.5933,3.792313,60.01515,0,54.4869,1.671033,59.98018,0,PMU,14388.2,2.385382,60.05362,0,14471.8,0.292681,60.05945,0,14535.5,4.486765,59.86828,0,78.8327,2.242755,60.01399,0,97.5823,0.118728,59.98951,0,54.5144,4.266880,59.97669,0,PMU,14388.9,2.429552,60.04546,0,14467,0.337090,60.06178,0,14533.9,4.531364,59.86595,0,79.0795,2.286621,59.97785,0,97.4343,0.162045,59.95804,0,54.4543,4.309097,59.88343,0,PMU
792,6.608333,14497.9,2.728964,59.96973,0,14384.2,0.633021,59.88460,0,14514.7,-1.441876,60.10957,0,79.0547,2.586244,60.02215,0,98.6237,0.459791,60.13055,0,54.6265,4.609833,60.23426,0,PMU,14505,2.924453,59.99650,0,14375,0.828362,59.88577,0,14506.9,-1.245547,60.09866,0,79.7031,2.783021,59.97435,0,98.6222,0.659632,59.98838,0,54.4961,-1.461162,59.99534,0,POW,14408.4,-0.227760,59.98834,0,14416.6,3.965439,60.09792,0,14555.7,1.880321,59.88344,0,79.7688,-0.368581,59.97202,0,98.5361,3.790665,59.96853,0,54.4382,1.670789,59.99534,0,PMU,14466.8,2.382025,59.93589,0,14394.2,0.288958,59.92889,0,14535.6,4.492991,60.11890,0,78.8013,2.241473,59.97552,0,97.69,0.118606,59.99767,0,54.4588,4.268955,60.03963,0,PMU,14470.8,2.426256,59.93705,0,14391.6,0.332878,59.91957,0,14530.6,4.537407,60.11540,0,78.9748,2.286560,59.99883,0,97.7213,0.163266,60.02331,0,54.3709,4.313552,60.08509,0,PMU
793,6.616667,14407.4,2.729697,60.01399,0,14435.8,0.638087,60.09675,0,14537.7,-1.448589,59.87178,0,78.8939,2.585023,59.97669,0,97.8232,0.452040,59.85196,0,54.9699,4.596896,59.75292,0,PMU,14415.2,2.923843,59.98834,0,14417.5,0.833550,60.09908,0,14557.3,-1.251507,59.88619,0,79.6895,2.783326,60.00583,0,98.6475,0.659082,59.98951,0,54.4168,-1.462322,59.97785,0,POW,14499,-0.228126,59.99301,0,14374.1,3.959335,59.88343,0,14505.3,1.885447,60.09791,0,79.7891,-0.368337,60.00466,0,98.649,3.791581,60.01749,0,54.5845,1.670240,59.98951,0,PMU,14388.2,2.384894,60.05479,0,14472.5,0.292132,60.06062,0,14535.4,4.486155,59.86944,0,78.8099,2.242145,60.01282,0,97.4352,0.117568,59.98018,0,54.5166,4.265964,59.94288,0,PMU,14389.1,2.428636,60.04546,0,14467,0.336113,60.06178,0,14534.2,4.530449,59.86711,0,79.0106,2.285523,59.98018,0,97.4414,0.161007,59.95687,0,54.4178,4.308242,59.89859,0,PMU
794,6.625000,14496.8,2.727988,59.96736,0,14383.4,0.632044,59.88460,0,14513.5,-1.442913,60.10840,0,79.039,2.585145,60.00233,0,98.5038,0.458448,60.12239,0,54.6379,4.608673,60.22493,0,PMU,14505.8,2.923598,59.99534,0,14375.9,0.827508,59.88460,0,14507.3,-1.246402,60.09749,0,79.6824,2.781983,59.97435,0,98.5631,0.658167,59.98251,0,54.4459,-1.462505,59.99650,0,PMU,14408.4,-0.228675,59.98951,0,14417.1,3.964523,60.09908,0,14555.5,1.879344,59.88344,0,79.8267,-0.369436,59.97902,0,98.6163,3.789750,59.96503,0,54.5779,1.670606,60.00699,0,PMU,14466.8,2.381415,59.93356,0,14394.5,0.288408,59.92889,0,14535.9,4.492381,60.11890,0,78.8511,2.241046,59.97902,0,97.5373,0.117752,60.00350,0,54.4339,4.268589,60.05012,0,PMU,14470.9,2.425340,59.93705,0,14391.8,0.331902,59.91957,0,14530.3,4.536491,60.11540,0,78.9895,2.285889,60.00699,0,97.7925,0.162472,60.02798,0,54.4026,4.312820,60.08743,0,PMU
795,6.633333,14406.4,2.728598,60.01166,0,14435.5,0.637049,60.09559,0,14537.3,-1.449688,59.87061,0,78.8163,2.583924,59.97669,0,97.6748,0.450941,59.85663,0,54.9392,4.595309,59.74476,0,PMU,14417,2.923049,59.98951,0,14418.8,0.832757,60.10025,0,14558.9,-1.252300,59.88735,0,79.7128,2.782228,60.00466,0,98.5739,0.657618,59.98951,0,54.4267,-1.462993,59.99067,0,PMU,14499.5,-0.228981,59.99417,0,14374,3.958437,59.88376,0,14505.3,1.884593,60.10024,0,79.7959,-0.369375,60.00117,0,98.6326,3.790360,60.01166,0,54.6053,1.669080,59.97086,0,PMU,14388.7,2.384223,60.05362,0,14472.5,0.291521,60.05945,0,14536.1,4.485606,59.87061,0,78.912,2.241717,60.01282,0,97.4581,0.117385,59.99301,0,54.5435,4.265110,59.93356,0,PMU,14388.6,2.427660,60.04430,0,14467.1,0.335136,60.06178,0,14533.6,4.529472,59.86595,0,78.9778,2.284241,59.96853,0,97.52,0.160214,59.95687,0,54.4203,4.307510,59.89859,0,PMU
796,6.641667,14495.9,2.726889,59.96736,0,14382.7,0.631007,59.88460,0,14513.1,-1.444012,60.10840,0,78.9806,2.583985,60.00117,0,98.4611,0.457167,60.11890,0,54.6041,4.607086,60.22493,0,PMU,14507.6,2.922866,59.99650,0,14377.4,0.826776,59.88576,0,14508.6,-1.247134,60.09866,0,79.6736,2.780946,59.97552,0,98.5487,0.657618,60.00000,0,54.4603,-1.463358,59.99305,0,PMU,14408.5,-0.229530,59.98951,0,14417.6,3.963668,60.09992,0,14555.5,1.878490,59.88344,0,79.77,-0.370412,59.98018,0,98.5368,3.788773,59.96969,0,54.517,1.669080,60.00000,0,PMU,14467.5,2.380866,59.93589,0,14394.7,0.287798,59.92889,0,14535.9,4.491831,60.11890,0,78.9091,2.240985,59.98601,0,97.7539,0.117874,60.00933,0,54.4514,4.268101,60.05712,0,PMU,14470.5,2.424303,59.93589,0,14391.8,0.330986,59.92074,0,14530.1,4.535454,60.11424,0,78.9706,2.285096,60.01632,0,97.7428,0.161252,60.01982,0,54.4167,4.312026,60.08626,0,PMU
797,6.650000,14405.8,2.727560,60.01282,0,14435,0.636011,60.09559,0,14536.9,-1.450664,59.87295,0,78.8363,2.583619,59.99301,0,97.6288,0.450148,59.86595,0,54.9258,4.594576,59.76108,0,PMU,14417.4,2.922256,59.98834,0,14419,0.831964,60.09908,0,14558.9,-1.253094,59.88619,0,79.7104,2.781373,60.00816,0,98.594,0.656702,59.98251,0,54.3923,-1.463907,59.98951,0,PMU,14499.3,-0.229835,59.99417,0,14374.2,3.957582,59.88376,0,14505.6,1.883738,60.10024,0,79.7829,-0.370229,60.00350,0,98.6073,3.789200,60.00816,0,54.5574,1.667615,59.97202,0,PMU,14389.1,2.383673,60.05362,0,14472.7,0.290911,60.05945,0,14536,4.484995,59.86944,0,78.9297,2.241046,60.00117,0,97.5346,0.117019,59.98368,0,54.5822,4.264500,59.93122,0,PMU,14388.7,2.426683,60.04546,0,14466.9,0.334160,60.06061,0,14533.7,4.528557,59.86828,0,78.9786,2.283387,59.96736,0,97.4244,0.158993,59.95687,0,54.4084,4.306411,59.89276,0,PMU
798,6.658333,14494.9,2.725912,59.96853,0,14382.1,0.630030,59.88576,0,14512.3,-1.444988,60.10840,0,78.9639,2.583192,59.99184,0,98.4585,0.456617,60.12356,0,54.5978,4.606476,60.22727,0,PMU,14507.2,2.921950,59.99417,0,14377.7,0.825799,59.88227,0,14508.1,-1.248050,60.09633,0,79.6161,2.780091,59.97552,0,98.493,0.656824,60.00233,0,54.4185,-1.464456,59.98951,0,PMU,14408.3,-0.230384,59.98951,0,14417.8,3.962875,60.10108,0,14555.8,1.877635,59.88344,0,79.7469,-0.371267,59.98018,0,98.4884,3.787858,59.97435,0,54.5106,1.668042,60.00816,0,PMU,14467.4,2.380316,59.93589,0,14395,0.287249,59.93006,0,14535.8,4.491221,60.11890,0,78.9081,2.240497,59.98951,0,97.6981,0.117324,60.00583,0,54.4875,4.267429,60.05595,0,PMU,14470.5,2.423326,59.93589,0,14391.7,0.330010,59.92074,0,14531,4.534538,60.11424,0,78.984,2.284119,60.01399,0,97.6981,0.160031,60.01982,0,54.3397,4.310562,60.07927,0,PMU
799,6.666667,14404.3,2.726584,60.01282,0,14433.8,0.635035,60.09559,0,14535.9,-1.451641,59.87295,0,78.7946,2.582642,59.98951,0,97.6785,0.449659,59.86711,0,54.9397,4.593783,59.75758,0,PMU,14417.8,2.921279,59.98718,0,14419.6,0.830926,60.09792,0,14559.1,-1.254070,59.88502,0,79.6904,2.780213,60.00233,0,98.5267,0.655542,59.97552,0,54.3628,-1.464883,59.99184,0,PMU,14499.8,-0.230751,59.99301,0,14374.6,3.956789,59.88376,0,14506.8,1.882823,60.09908,0,79.7999,-0.371145,60.00233,0,98.6152,3.788468,60.01166,0,54.5892,1.667249,59.98485,0,PMU,14388.8,2.383063,60.05246,0,14472.5,0.290362,60.05945,0,14535.9,4.484385,59.86944,0,78.9134,2.240741,60.00466,0,97.4792,0.116043,59.97552,0,54.5228,4.263157,59.91840,0,PMU,14389.2,2.425768,60.04663,0,14467.2,0.333244,60.06178,0,14534.8,4.527641,59.86828,0,78.9805,2.282288,59.96503,0,97.4099,0.158017,59.96153,0,54.3652,4.305313,59.89975,0,PMU
800,6.675000,14493.2,2.724875,59.96736,0,14380.7,0.629053,59.88576,0,14511.1,-1.446087,60.10607,0,78.8878,2.581666,59.98135,0,98.4001,0.455763,60.11657,0,54.6631,4.605499,60.22377,0,PMU,14507.7,2.921035,59.99534,0,14378.3,0.824822,59.88343,0,14508.2,-1.249065,60.09559,0,79.606,2.779176,59.98018,0,98.5028,0.656092,60.01049,0,54.4623,-1.464578,60.00583,0,PMU,14409.4,-0.231239,59.99067,0,14418.2,3.962021,60.09992,0,14556.5,1.876781,59.88460,0,79.7935,-0.371694,59.98951,0,98.5851,3.787491,59.98135,0,54.5795,1.668103,60.01632,0,PMU,14466.9,2.379645,59.93472,0,14394.3,0.286638,59.92889,0,14535.7,4.490611,60.11890,0,78.866,2.240069,59.98718,0,97.5663,0.116592,60.01049,0,54.3954,4.266697,60.06761,0,PMU,14471.2,2.422350,59.93472,0,14392,0.329155,59.92190,0,14531.8,4.533684,60.11540,0,79.0317,2.283570,60.02448,0,97.7412,0.159298,60.02448,0,54.3686,4.309463,60.07927,0,PMU
801,6.683333,14403.5,2.725485,60.01166,0,14432.9,0.633997,60.09442,0,14535.4,-1.452740,59.87295,0,78.7493,2.581788,60.00233,0,97.6419,0.448866,59.86828,0,54.9876,4.592867,59.75875,0,PMU,14417.5,2.920303,59.98601,0,14419.5,0.829949,60.09792,0,14558.9,-1.255108,59.88460,0,79.65,2.779054,59.99767,0,98.5031,0.654749,59.97435,0,54.4628,-1.464944,59.99301,0,PMU,14500.2,-0.231544,59.99417,0,14374.9,3.955996,59.88493,0,14507.3,1.882029,60.10024,0,79.7862,-0.372121,59.99184,0,98.5858,3.787491,60.00000,0,54.6013,1.666761,59.97435,0,PMU,14388.1,2.382392,60.05246,0,14471.5,0.289690,60.05828,0,14535.5,4.483714,59.86828,0,78.8864,2.239947,59.99767,0,97.4221,0.115493,59.97902,0,54.4691,4.261997,59.91024,0,PMU,14389.6,2.424913,60.04896,0,14467.7,0.332390,60.06178,0,14535,4.526787,59.86828,0,78.9499,2.281494,59.96037,0,97.5678,0.157101,59.95804,0,54.3721,4.304702,59.90908,0,PMU
802,6.691667,14491.8,2.723776,59.96736,0,14379.9,0.628033,59.88610,0,14510.4,-1.447247,60.10491,0,78.8134,2.580689,59.97902,0,98.4335,0.454847,60.11424,0,54.6335,4.603671,60.20633,0,PMU,14507.3,2.919997,59.99417,0,14377.6,0.823846,59.88343,0,14508.1,-1.250042,60.09675,0,79.5918,2.778077,59.98135,0,98.5684,0.655970,60.02331,0,54.5556,-1.465128,59.99650,0,PMU,14409.6,-0.232032,59.99067,0,14418.5,3.961227,60.09992,0,14556.4,1.875987,59.88460,0,79.7259,-0.372609,59.99068,0,98.4561,3.786576,59.98251,0,54.5414,1.667127,60.00699,0,PMU,14466.9,2.378974,59.93472,0,14394.2,0.285967,59.92889,0,14536.3,4.489939,60.11890,0,78.9041,2.239886,59.99883,0,97.7702,0.116592,60.02098,0,54.3929,4.265903,60.07460,0,PMU,14471.9,2.421556,59.93589,0,14392.6,0.328301,59.92190,0,14531.9,4.532890,60.11656,0,78.9979,2.282471,60.01865,0,97.7323,0.158017,60.01749,0,54.3731,4.308669,60.07577,0,PMU
803,6.700000,14402.9,2.724448,60.01282,0,14432.6,0.632899,60.09292,0,14535.3,-1.453777,59.87528,0,78.785,2.581117,60.00816,0,97.6813,0.448378,59.87644,0,54.9453,4.591586,59.76920,0,PMU,14417.1,2.919326,59.98718,0,14419.6,0.829034,60.09908,0,14559.1,-1.256084,59.88460,0,79.7189,2.778016,59.99883,0,98.679,0.654200,59.96620,0,54.5364,-1.465311,59.99650,0,PMU,14500.8,-0.232396,59.99305,0,14375.3,3.955141,59.88376,0,14508.1,1.881175,60.09908,0,79.7742,-0.373220,59.98834,0,98.5775,3.786454,59.99767,0,54.5843,1.666028,59.97902,0,PMU,14388.5,2.381781,60.05362,0,14471.9,0.289080,60.05945,0,14536.1,4.483164,59.87061,0,78.932,2.239764,59.99767,0,97.6544,0.115127,59.97202,0,54.5269,4.261814,59.92190,0,PMU,14390,2.424120,60.04896,0,14468.3,0.331536,60.06178,0,14535,4.525932,59.86712,0,78.8786,2.280396,59.96037,0,97.3869,0.156064,59.96270,0,54.3408,4.303420,59.89975,0,PMU
804,6.708333,14492.4,2.722800,59.96853,0,14380.2,0.626996,59.88726,0,14510.8,-1.448162,60.10724,0,78.8999,2.579957,59.97785,0,98.5741,0.454420,60.11540,0,54.6201,4.602999,60.21798,0,PMU,14506.8,2.919021,59.99417,0,14378,0.822930,59.88343,0,14508.1,-1.251018,60.09675,0,79.7067,2.777589,59.99184,0,98.6432,0.655115,60.01749,0,54.5907,-1.465860,59.98951,0,PMU,14410.3,-0.232885,59.99067,0,14419.3,3.960312,60.09875,0,14557.1,1.875133,59.88460,0,79.7531,-0.373281,59.99883,0,98.5143,3.786027,59.99184,0,54.5816,1.666455,60.00816,0,PMU,13214.1,2.561164,63.42596,0,13224.8,0.658045,67.04671,0,15428,-1.533356,65.09292,1,74.9787,2.425951,63.55590,0,86.2529,0.461500,66.61523,0,58.1342,4.572133,65.92666,0,PMU,14471.1,2.420641,59.93356,0,14392.6,0.327385,59.92073,0,14531.7,4.531914,60.11423,0,78.939,2.281311,60.01749,0,97.6412,0.156918,60.01632,0,54.3098,4.307083,60.06994,0,PMU
805,6.716667,14403.8,2.723532,60.01399,0,14433.8,0.631983,60.09525,0,14536,-1.454693,59.87527,0,78.8735,2.580262,60.00583,0,97.868,0.447340,59.86478,0,54.9546,4.590487,59.76104,0,PMU,14412.6,2.918227,59.98485,0,14419.3,0.828118,60.09908,0,14558.7,-1.257000,59.88576,0,79.6526,2.777101,59.99068,0,98.6255,0.653101,59.96153,0,54.47,-1.466531,59.98718,0,PMU,14501.3,-0.233190,59.99417,0,14375.2,3.954287,59.88493,0,14508.5,1.880321,60.09908,0,79.7661,-0.374318,59.98018,0,98.6405,3.785844,59.99651,0,54.6239,1.665174,59.97552,0,PMU,14412.1,2.930007,67.04438,1,14421,0.839654,63.46847,1,14556.5,-1.245730,65.49325,1,79.6393,2.788514,66.92445,0,98.6262,0.665794,63.90173,0,54.4503,-1.455852,64.87396,0,POW,14389.8,2.423204,60.04896,0,14468.4,0.330620,60.06178,0,14535.3,4.524895,59.86595,0,78.8488,2.279786,59.97086,0,97.3298,0.154965,59.96270,0,54.3275,4.302383,59.91024,0,PMU
806,6.725000,14492.5,2.721945,59.96969,0,14380.8,0.626141,59.88843,0,14510.9,-1.449078,60.10724,0,78.8661,2.578553,59.96736,0,98.5603,0.453077,60.10957,0,54.6211,4.602267,60.22498,0,PMU,14501.6,2.917739,59.99067,0,14376.8,0.821954,59.88227,0,14507.1,-1.251934,60.09675,0,79.6365,2.777101,60.00000,0,98.5831,0.653833,60.01399,0,54.509,-1.467325,59.98485,0,PMU,14410.9,-0.233678,59.99067,0,14419.7,3.959457,60.09875,0,14557,1.874278,59.88460,0,79.7432,-0.374074,60.00466,0,98.6592,3.785172,59.98718,0,54.6058,1.665357,60.00350,0,PMU,14506.6,2.929763,59.99534,1,14374.8,0.833733,59.88693,1,14507.5,-1.240054,60.10841,1,79.7181,2.788392,59.99767,0,98.581,0.664817,59.98135,0,54.4939,-1.455486,60.00699,0,POW,14470.9,2.419725,59.93356,0,14393.1,0.326470,59.92073,0,14532,4.530937,60.11540,0,79.0255,2.281006,60.02331,0,97.7323,0.156552,60.03031,0,54.3419,4.306472,60.07810,0,PMU
807,6.733333,14404,2.722617,60.01282,0,14434.5,0.631068,60.09409,0,14537.1,-1.455669,59.87411,0,78.8538,2.578797,60.00466,0,97.869,0.446547,59.87527,0,54.9588,4.589694,59.75987,0,PMU,14410.4,2.917007,59.98601,0,14418,0.827081,60.09792,0,14557.7,-1.258098,59.88227,0,79.7577,2.776552,59.98951,0,98.5201,0.651941,59.96386,0,54.4422,-1.467569,59.99534,0,PMU,14501.7,-0.233983,59.99417,0,14375.7,3.953432,59.88493,0,14508,1.879405,60.09792,0,79.7069,-0.375295,59.97669,0,98.6186,3.784623,59.98951,0,54.6318,1.664502,59.98368,0,PMU,14416.5,2.929213,59.98951,1,14418.4,0.838921,60.09908,0,14558.7,-1.246097,59.88460,1,79.6286,2.787843,59.98951,0,98.5501,0.665306,60.00933,0,54.4341,-1.456280,59.98485,0,POW,14389.7,2.422289,60.04896,0,14468.5,0.329644,60.06062,0,14535.4,4.524040,59.86828,0,78.835,2.279236,59.96620,0,97.5961,0.154782,59.96620,0,54.4025,4.302383,59.92190,0,PMU
808,6.741667,14493.4,2.721030,59.96969,0,14381.5,0.625226,59.88843,0,14511.9,-1.449993,60.10841,0,78.8615,2.577577,59.97669,0,98.6166,0.452162,60.10724,0,54.6397,4.601717,60.22964,0,PMU,14500.4,2.916640,59.99301,0,14375.4,0.820855,59.88110,0,14506.4,-1.253094,60.09559,0,79.666,2.776185,59.99301,0,98.649,0.652857,60.01748,0,54.4977,-1.468362,59.98485,0,PMU,14410.9,-0.234472,59.99067,0,14420,3.958559,60.09792,0,14556.5,1.873302,59.88343,0,79.6823,-0.375112,60.00350,0,98.5897,3.783891,59.98601,0,54.5987,1.664441,59.99883,0,PMU,14507,2.928908,59.99417,0,14374.9,0.832818,59.88344,0,14507.4,-1.240970,60.09792,0,79.6928,2.787354,59.99067,0,98.6081,0.663780,59.97086,0,54.475,-1.456646,59.99301,0,POW,14470.8,2.418873,59.93476,0,14393.2,0.325615,59.92306,0,14531.7,4.530083,60.11540,0,78.9654,2.279847,60.01166,0,97.7688,0.155819,60.01982,0,54.3944,4.305496,60.05945,0,PMU
809,6.750000,14404.6,2.721762,60.01399,0,14435.3,0.630213,60.09525,0,14538,-1.456524,59.87527,0,78.8836,2.577821,60.00466,0,97.8199,0.445692,59.87644,0,54.9779,4.589206,59.76104,0,PMU,14409,2.915908,59.98601,0,14417.2,0.825921,60.09675,0,14557,-1.259197,59.88343,0,79.6732,2.774965,59.97669,0,98.6003,0.651148,59.96736,0,54.4152,-1.468729,59.99301,0,PMU,14501.7,-0.234960,59.99067,0,14375.7,3.952394,59.88227,0,14507.5,1.878368,60.09675,0,79.6703,-0.376577,59.97202,0,98.5983,3.783341,59.98951,0,54.6253,1.663526,59.98251,0,PMU,14416.4,2.928298,59.98834,0,14418.4,0.838006,60.09908,0,14558.4,-1.247073,59.88343,0,79.6225,2.787110,59.99534,0,98.5265,0.664207,60.00816,0,54.4519,-1.457134,59.99067,0,POW,14389.2,2.421495,60.05008,0,14468.1,0.328850,60.06178,0,14534.7,4.523186,59.86828,0,78.8175,2.278565,59.97552,0,97.5009,0.153989,59.96503,0,54.3629,4.300859,59.91145,0,PMU
810,6.758333,14494.3,2.720236,59.97086,0,14382.4,0.624432,59.88959,0,14512.4,-1.450786,60.10957,0,78.8765,2.576783,59.98018,0,98.5651,0.451490,60.11074,0,54.6425,4.601351,60.23197,0,PMU,14499.1,2.915481,59.99184,0,14374.8,0.819757,59.88227,0,14505.5,-1.254192,60.09559,0,79.6643,2.774904,59.99883,0,98.5908,0.651941,60.01515,0,54.4847,-1.469339,59.98834,0,PMU,14411.9,-0.235448,59.99067,0,14419.7,3.957521,60.09792,0,14556.4,1.872203,59.88227,0,79.7059,-0.376455,60.00233,0,98.4993,3.783036,59.99417,0,54.627,1.663465,59.99883,0,PMU,14506.5,2.927932,59.99301,0,14375.4,0.831902,59.88344,0,14507.7,-1.241946,60.09792,0,79.668,2.786439,59.98718,0,98.566,0.663231,59.98135,0,54.506,-1.457622,59.99067,0,POW,14469.3,2.418018,59.93360,0,14392.1,0.324761,59.92190,0,14530.7,4.529228,60.11540,0,79.0221,2.278809,60.00466,0,97.7621,0.154843,60.01631,0,54.3238,4.304275,60.06524,0,PMU
811,6.766667,14405,2.720969,60.01399,0,14435.7,0.629420,60.09525,0,14538.1,-1.457317,59.87527,0,78.9049,2.576661,59.99767,0,97.8328,0.444777,59.87178,0,54.9547,4.588534,59.75521,0,PMU,14408.5,2.914809,59.98718,0,14416.6,0.824883,60.09792,0,14556,-1.260296,59.88343,0,79.7419,2.773866,59.98018,0,98.5317,0.649927,59.96153,0,54.412,-1.469522,59.99650,0,PMU,14502.8,-0.235936,59.99067,0,14375.1,3.951357,59.88227,0,14507.4,1.877269,60.09675,0,79.6892,-0.377614,59.97785,0,98.6017,3.782914,59.99767,0,54.6533,1.662488,59.98135,0,PMU,14416.3,2.927321,59.98834,0,14418,0.837090,60.09908,0,14558.7,-1.247928,59.88576,0,79.6608,2.786561,60.00233,0,98.6035,0.663414,60.00350,0,54.4845,-1.457744,59.99767,0,POW,14388.7,2.420580,60.04892,0,14467.4,0.327935,60.06061,0,14534.1,4.522270,59.86712,0,78.8651,2.277893,59.98251,0,97.4516,0.152890,59.96270,0,54.3179,4.299944,59.91728,0,PMU
812,6.775000,14494.6,2.719382,59.96969,0,14383,0.623639,59.88959,0,14512.9,-1.451580,60.10957,0,78.8747,2.575807,59.98368,0,98.5009,0.450453,60.10841,0,54.6427,4.600558,60.22963,0,PMU,14499.3,2.914443,59.99301,0,14374.2,0.818719,59.88227,0,14505.2,-1.255169,60.09792,0,79.7641,2.774476,60.01166,0,98.5933,0.650721,60.01515,0,54.4869,-1.470560,59.98018,0,PMU,14412.8,-0.236425,59.99067,0,14419,3.956423,60.09675,0,14556.1,1.871227,59.88460,0,79.7642,-0.376943,60.01282,0,98.6871,3.782487,59.99184,0,54.6152,1.662183,59.99417,0,PMU,14506.1,2.927077,59.99534,0,14375,0.831048,59.88460,0,14507.5,-1.242801,60.09792,0,79.6861,2.785707,59.98368,0,98.5561,0.661949,59.97202,0,54.4726,-1.458721,59.98135,0,POW,14469.7,2.417103,59.93360,0,14392.1,0.323845,59.92190,0,14530.9,4.528313,60.11540,0,79.0494,2.277771,59.99767,0,97.8019,0.154233,60.02565,0,54.3199,4.303237,60.06291,0,PMU
813,6.783333,14405.9,2.720053,60.01282,0,14436,0.628583,60.09442,0,14539.4,-1.458172,59.87411,0,78.9148,2.575379,59.99184,0,97.7568,0.443678,59.87061,0,54.969,4.587741,59.75521,0,PMU,14408.4,2.913833,59.98834,0,14416.6,0.823846,60.09792,0,14555.7,-1.261272,59.88344,0,79.7688,2.773012,59.97202,0,98.5361,0.649073,59.96853,0,54.4382,-1.470804,59.99534,0,PMU,14502.5,-0.236791,59.99301,0,14375,3.950319,59.88343,0,14506.6,1.876292,60.09675,0,79.6582,-0.378286,59.97435,0,98.7267,3.781815,59.98718,0,54.6171,1.661085,59.97902,0,PMU,14415.9,2.926528,59.98951,0,14417.9,0.836236,60.09908,0,14558,-1.248843,59.88460,0,79.651,2.785829,60.00233,0,98.5203,0.662132,60.00350,0,54.3763,-1.459698,59.98135,0,POW,14389.1,2.419664,60.04892,0,14467.8,0.327019,60.06061,0,14534.3,4.521416,59.86828,0,78.906,2.277344,59.99185,0,97.6425,0.152280,59.96270,0,54.387,4.299638,59.93127,0,PMU
814,6.791667,14495.3,2.718527,59.97086,0,14382.6,0.622784,59.88926,0,14513.6,-1.452434,60.10957,0,78.8352,2.574836,59.98962,0,98.398,0.449354,60.10841,0,54.6295,4.599947,60.23313,0,PMU,14499,2.913467,59.99301,0,14374.1,0.817742,59.88343,0,14505.3,-1.256145,60.09791,0,79.7891,2.773256,60.00466,0,98.649,0.649988,60.01749,0,54.5845,-1.471353,59.98951,0,PMU,14412.9,-0.237340,59.98951,0,14419.1,3.955446,60.09792,0,14555.7,1.870250,59.88460,0,79.7042,-0.378286,60.00000,0,98.5898,3.781327,59.99067,0,54.5807,1.660840,59.99534,0,PMU,14505.3,2.926223,59.99417,0,14375,0.830193,59.88460,0,14507.1,-1.243716,60.09792,0,79.6615,2.784852,59.98135,0,98.5297,0.661033,59.97902,0,54.4151,-1.459881,59.99650,0,POW,14470.4,2.416248,59.93476,0,14393.4,0.322991,59.92307,0,14531.8,4.527458,60.11540,0,79.0538,2.276551,59.98485,0,97.7797,0.152951,60.01282,0,54.3602,4.302017,60.04542,0,PMU
815,6.800000,14405.7,2.719138,60.01166,0,14435.8,0.627667,60.09325,0,14539.1,-1.459026,59.87411,0,78.9172,2.574286,59.98951,0,97.6233,0.442701,59.87294,0,54.8889,4.586764,59.74822,0,PMU,14408.4,2.912917,59.98951,0,14417.1,0.822930,60.09908,0,14555.5,-1.262249,59.88344,0,79.8267,2.772157,59.97902,0,98.6163,0.648157,59.96503,0,54.5779,-1.470987,60.00699,0,PMU,14503.1,-0.237767,59.99184,0,14374.9,3.949404,59.88460,0,14506.9,1.875316,60.09675,0,79.6171,-0.379445,59.97785,0,98.6129,3.780656,59.98718,0,54.5932,1.659742,59.97902,0,PMU,14415.2,2.925612,59.98834,0,14417.3,0.835320,60.09791,0,14557.5,-1.249737,59.88502,0,79.6689,2.785096,60.00466,0,98.5596,0.661277,60.00466,0,54.4392,-1.459881,60.00000,0,POW,14389.9,2.418873,60.05012,0,14468.8,0.326226,60.06178,0,14535.6,4.520561,59.86828,0,78.8905,2.276185,59.99301,0,97.4763,0.150937,59.96153,0,54.3094,4.297868,59.92078,0,PMU
816,6.808333,14495.3,2.717551,59.96969,0,14382.6,0.621808,59.88809,0,14513.4,-1.453411,60.10724,0,78.9115,2.574348,60.00117,0,98.3901,0.448683,60.11424,0,54.5952,4.598910,60.23197,0,PMU,14499.5,2.912612,59.99417,0,14374,0.816844,59.88376,0,14505.3,-1.257000,60.10024,0,79.7959,2.772218,60.00117,0,98.6326,0.648767,60.01166,0,54.6053,-1.472513,59.97086,0,PMU,14413.4,-0.238317,59.98951,0,14419.3,3.954531,60.09792,0,14556.2,1.869273,59.88460,0,79.709,-0.379323,60.00233,0,98.5325,3.780045,59.98834,0,54.5851,1.659559,59.99650,0,PMU,14504.4,2.925307,59.99417,0,14374.4,0.829217,59.88344,0,14506.6,-1.244693,60.09633,0,79.6845,2.784120,59.98135,0,98.5738,0.660484,59.98485,0,54.4826,-1.460308,59.99184,0,POW,14470.4,2.415333,59.93239,0,14393.7,0.322136,59.92190,0,14532.2,4.526604,60.11540,0,78.9818,2.274842,59.97435,0,97.7065,0.151669,60.01399,0,54.2803,4.300920,60.05828,0,PMU
817,6.816667,14405.5,2.718161,60.01166,0,14436.2,0.626629,60.09209,0,14538.9,-1.460064,59.87294,0,79.0006,2.573493,59.98368,0,97.7007,0.441803,59.86860,0,54.8814,4.586032,59.75405,0,PMU,14408.5,2.912063,59.98951,0,14417.6,0.822076,60.09992,0,14555.5,-1.263103,59.88344,0,79.77,2.771180,59.98018,0,98.5368,0.647181,59.96969,0,54.517,-1.472513,60.00000,0,PMU,14503.5,-0.238744,59.99184,0,14375.3,3.948427,59.88343,0,14506.9,1.874400,60.09792,0,79.666,-0.379873,59.98951,0,98.6674,3.780168,60.00233,0,54.6337,1.658643,59.98251,0,PMU,14415,2.924636,59.98718,0,14416.8,0.834344,60.09791,0,14557.3,-1.250713,59.88502,0,79.7193,2.784364,60.00466,0,98.6789,0.660240,59.99534,0,54.4549,-1.460918,59.98834,0,POW,14390.6,2.417957,60.05012,0,14469.3,0.325371,60.06178,0,14536.5,4.519646,59.86711,0,78.8448,2.275086,60.00466,0,97.3915,0.149716,59.96270,0,54.3176,4.297075,59.92656,0,PMU
818,6.825000,14495.5,2.716513,59.96853,0,14383,0.620831,59.88926,0,14513.6,-1.454449,60.10724,0,78.9657,2.573676,60.00350,0,98.4022,0.447645,60.11158,0,54.6352,4.598422,60.23663,0,PMU,14499.3,2.911758,59.99417,0,14374.2,0.815990,59.88376,0,14505.6,-1.257854,60.10024,0,79.7829,2.771364,60.00350,0,98.6073,0.647608,60.00816,0,54.5574,-1.473978,59.97202,0,PMU,14413.4,-0.239232,59.99067,0,14419.8,3.953493,60.09675,0,14556,1.868297,59.88343,0,79.777,-0.380038,59.99684,0,98.7689,3.779313,59.98368,0,54.6599,1.658704,60.00117,0,PMU,14505,2.924453,59.99650,0,14375,0.828362,59.88577,0,14506.9,-1.245547,60.09866,0,79.7031,2.783021,59.97435,0,98.6222,0.659632,59.98838,0,54.4961,-1.461162,59.99534,0,POW,14470.7,2.414478,59.93356,0,14394.2,0.321304,59.92232,0,14532.9,4.525749,60.11657,0,78.9727,2.274293,59.98485,0,97.6962,0.151181,60.02798,0,54.294,4.300432,60.06411,0,PMU
819,6.833333,14405.7,2.717184,60.01282,0,14436.2,0.625653,60.09209,0,14539.6,-1.461040,59.87411,0,79.0121,2.572700,59.98135,0,97.7714,0.441193,59.87676,0,54.9282,4.585727,59.75754,0,PMU,14408.3,2.911208,59.98951,0,14417.8,0.821282,60.10108,0,14555.8,-1.263957,59.88344,0,79.7469,2.770326,59.98018,0,98.4884,0.646265,59.97435,0,54.5106,-1.473550,60.00816,0,PMU,14503.9,-0.239598,59.99301,0,14376.3,3.947451,59.88460,0,14506.5,1.873424,60.09792,0,79.7081,-0.380527,59.99067,0,98.7229,3.778825,59.99067,0,54.6846,1.657911,59.98485,0,PMU,14415.2,2.923843,59.98834,0,14417.5,0.833550,60.09908,0,14557.3,-1.251507,59.88619,0,79.6895,2.783326,60.00583,0,98.6475,0.659082,59.98951,0,54.4168,-1.462322,59.97785,0,POW,14390.7,2.417103,60.05012,0,14469.5,0.324456,60.06019,0,14536.7,4.518791,59.86711,0,78.835,2.274171,59.99767,0,97.5383,0.149106,59.96037,0,54.3663,4.297136,59.93705,0,PMU
820,6.841667,14495.6,2.715536,59.96853,0,14382.3,0.619794,59.88809,0,14513.3,-1.455364,60.10841,0,78.9753,2.572944,60.00466,0,98.512,0.446974,60.11041,0,54.6905,4.597872,60.23197,0,PMU,14499.8,2.910842,59.99301,0,14374.6,0.815196,59.88376,0,14506.8,-1.258770,60.09908,0,79.7999,2.770448,60.00233,0,98.6152,0.646875,60.01166,0,54.5892,-1.474344,59.98485,0,PMU,14413.5,-0.240148,59.98951,0,14420.8,3.952700,60.10025,0,14556.6,1.867381,59.88460,0,79.7878,-0.381076,59.98951,0,98.5091,3.777787,59.98018,0,54.6467,1.657606,59.99417,0,PMU,14505.8,2.923598,59.99534,0,14375.9,0.827508,59.88460,0,14507.3,-1.246402,60.09749,0,79.6824,2.781983,59.97435,0,98.5631,0.658167,59.98251,0,54.4459,-1.462505,59.99650,0,PMU,14470.4,2.413624,59.93356,0,14393,0.320388,59.92232,0,14532.9,4.524834,60.11540,0,78.9415,2.273133,59.98018,0,97.6273,0.150143,60.01982,0,54.3464,4.299760,60.05012,0,PMU
821,6.850000,14405.4,2.716208,60.01282,0,14436.2,0.624676,60.09325,0,14539.1,-1.462078,59.87178,0,78.9738,2.571296,59.96853,0,97.758,0.440277,59.87210,0,54.9586,4.584994,59.75405,0,PMU,14409.4,2.910354,59.99067,0,14418.2,0.820428,60.09992,0,14556.5,-1.264812,59.88460,0,79.7935,2.769899,59.98951,0,98.5851,0.645899,59.98135,0,54.5795,-1.473489,60.01632,0,PMU,14504.2,-0.240514,59.99301,0,14376.6,3.946657,59.88460,0,14506.9,1.872569,60.09908,0,79.7197,-0.381137,59.99883,0,98.5088,3.777665,59.99767,0,54.6717,1.656873,59.98601,0,PMU,14417,2.923049,59.98951,0,14418.8,0.832757,60.10025,0,14558.9,-1.252300,59.88735,0,79.7128,2.782228,60.00466,0,98.5739,0.657618,59.98951,0,54.4267,-1.462993,59.99067,0,PMU,14390.7,2.416187,60.04896,0,14464.9,0.323296,60.05553,0,14536.3,4.517815,59.86595,0,78.8676,2.273499,60.00699,0,97.2575,0.148007,59.95920,0,54.335,4.296098,59.93006,0,PMU
822,6.858333,14495.5,2.714560,59.96853,0,14382.9,0.618817,59.88809,0,14513.1,-1.456402,60.10841,0,78.9444,2.571906,60.01166,0,98.4794,0.445997,60.10925,0,54.7242,4.596896,60.22730,0,PMU,14500.2,2.910049,59.99417,0,14374.9,0.814403,59.88493,0,14507.3,-1.259563,60.10024,0,79.7862,2.769472,59.99184,0,98.5858,0.645899,60.00000,0,54.6013,-1.474832,59.97435,0,PMU,14412.9,-0.241063,59.98951,0,14420.6,3.951845,60.09908,0,14556.5,1.866466,59.88343,0,79.7566,-0.382113,59.98135,0,98.3758,3.776872,59.98485,0,54.6354,1.656629,59.99534,0,PMU,14507.6,2.922866,59.99650,0,14377.4,0.826776,59.88576,0,14508.6,-1.247134,60.09866,0,79.6736,2.780946,59.97552,0,98.5487,0.657618,60.00000,0,54.4603,-1.463358,59.99305,0,PMU,14469.6,2.412647,59.93239,0,14388.4,0.319046,59.91882,0,14532.2,4.523857,60.11540,0,79.0042,2.272401,59.97902,0,97.5974,0.149655,60.03147,0,54.3083,4.299028,60.05595,0,PMU
823,6.866667,14405,2.715231,60.01282,0,14436.1,0.623700,60.09325,0,14538.8,-1.463055,59.87294,0,78.9516,2.570197,59.96736,0,97.7106,0.439423,59.87443,0,54.9292,4.584201,59.75754,0,PMU,14409.6,2.909560,59.99067,0,14418.5,0.819634,60.09992,0,14556.4,-1.265605,59.88460,0,79.7259,2.768983,59.99068,0,98.4561,0.644983,59.98251,0,54.5414,-1.474466,60.00699,0,PMU,14503.4,-0.241491,59.99184,0,14376.2,3.945742,59.88343,0,14506.6,1.871532,60.09675,0,79.6639,-0.381991,60.00233,0,98.4852,3.777116,60.00466,0,54.6242,1.655652,59.98135,0,PMU,14417.4,2.922256,59.98834,0,14419,0.831964,60.09908,0,14558.9,-1.253094,59.88619,0,79.7104,2.781373,60.00816,0,98.594,0.656702,59.98251,0,54.3923,-1.463907,59.98951,0,PMU,14390.3,2.415150,60.04779,0,14463.8,0.322075,60.05786,0,14535.7,4.516838,59.86595,0,78.8807,2.272584,60.00350,0,97.4586,0.147641,59.96153,0,54.3475,4.295183,59.92656,0,PMU
824,6.875000,14495,2.713584,59.96853,0,14382.3,0.617840,59.88809,0,14512.8,-1.457378,60.10841,0,78.9145,2.570991,60.01515,0,98.4087,0.445265,60.11158,0,54.6608,4.595492,60.21565,0,PMU,14500.8,2.909196,59.99305,0,14375.3,0.813548,59.88376,0,14508.1,-1.260417,60.09908,0,79.7742,2.768373,59.98834,0,98.5775,0.644861,59.99767,0,54.5843,-1.475564,59.97902,0,PMU,14412.5,-0.241979,59.99067,0,14420.3,3.950869,60.09792,0,14556,1.865491,59.88464,0,79.7273,-0.382907,59.98251,0,98.535,3.776689,59.99184,0,54.6235,1.656080,60.00816,0,PMU,14507.2,2.921950,59.99417,0,14377.7,0.825799,59.88227,0,14508.1,-1.248050,60.09633,0,79.6161,2.780091,59.97552,0,98.493,0.656824,60.00233,0,54.4185,-1.464456,59.98951,0,PMU,14469.2,2.411610,59.93239,0,14388.3,0.318008,59.92232,0,14531.8,4.522881,60.11540,0,78.9835,2.271607,59.98135,0,97.7681,0.149167,60.02914,0,54.3139,4.297929,60.05246,0,PMU
825,6.883333,14404.3,2.714255,60.01282,0,14435.1,0.622601,60.09092,0,14537.6,-1.464090,59.87182,0,78.8795,2.569282,59.96736,0,97.768,0.438629,59.87327,0,54.8595,4.583102,59.76337,0,PMU,14410.3,2.908708,59.99067,0,14419.3,0.818719,60.09875,0,14557.1,-1.266460,59.88460,0,79.7531,2.768312,59.99883,0,98.5143,0.644434,59.99184,0,54.5816,-1.475137,60.00816,0,PMU,14503.1,-0.242406,59.99184,0,14375.6,3.944826,59.88460,0,14505.8,1.870616,60.09788,0,79.6587,-0.382663,60.00466,0,98.5618,3.776566,59.99767,0,54.6408,1.655469,59.98834,0,PMU,14417.8,2.921279,59.98718,0,14419.6,0.830926,60.09792,0,14559.1,-1.254070,59.88502,0,79.6904,2.780213,60.00233,0,98.5267,0.655542,59.97552,0,54.3628,-1.464883,59.99184,0,PMU,14389.8,2.414173,60.04896,0,14463.6,0.321121,60.05945,0,14535.1,4.515862,59.86595,0,78.8649,2.271790,60.00350,0,97.5789,0.146420,59.94754,0,54.3649,4.294450,59.93356,0,PMU
826,6.891667,14494.2,2.712485,59.96620,0,14382.1,0.616742,59.88809,0,14512,-1.458477,60.10720,0,78.9153,2.570441,60.02215,0,98.5067,0.444227,60.10692,0,54.6391,4.594027,60.20865,0,PMU,14501.3,2.908403,59.99417,0,14375.2,0.812694,59.88493,0,14508.5,-1.261272,60.09908,0,79.7661,2.767274,59.98018,0,98.6405,0.644251,59.99651,0,54.6239,-1.476419,59.97552,0,PMU,14411.9,-0.242955,59.98951,0,14420.2,3.949953,60.09792,0,14555.1,1.864454,59.88231,0,79.6509,-0.384067,59.97319,0,98.44,3.775407,59.97785,0,54.583,1.654859,59.98834,0,PMU,14507.7,2.921035,59.99534,0,14378.3,0.824822,59.88343,0,14508.2,-1.249065,60.09559,0,79.606,2.779176,59.98018,0,98.5028,0.656092,60.01049,0,54.4623,-1.464578,60.00583,0,PMU,14468.7,2.410694,59.93356,0,14387.8,0.317092,59.92307,0,14531.6,4.521904,60.11540,0,78.9748,2.270386,59.97319,0,97.6369,0.147458,60.01982,0,54.3337,4.297014,60.04896,0,PMU
827,6.900000,14403.9,2.713217,60.01399,0,14435.6,0.621502,60.09092,0,14537.2,-1.465250,59.87065,0,78.8905,2.568671,59.96620,0,97.7816,0.437653,59.87443,0,54.8418,4.581942,59.76920,0,PMU,14410.9,2.907915,59.99067,0,14419.7,0.817864,60.09875,0,14557,-1.267314,59.88460,0,79.7432,2.767518,60.00466,0,98.6592,0.643580,59.98718,0,54.6058,-1.476236,60.00350,0,PMU,14503,-0.243444,59.99067,0,14375.5,3.943850,59.88343,0,14505.8,1.869640,60.09904,0,79.6358,-0.383639,60.00816,0,98.4435,3.774980,59.99184,0,54.5953,1.654371,59.99068,0,PMU,14417.5,2.920303,59.98601,0,14419.5,0.829949,60.09792,0,14558.9,-1.255108,59.88460,0,79.65,2.779054,59.99767,0,98.5031,0.654749,59.97435,0,54.4628,-1.464944,59.99301,0,PMU,14389.2,2.413197,60.04779,0,14463,0.320205,60.05945,0,14535.1,4.514885,59.86595,0,78.85,2.270508,60.00233,0,97.3612,0.145139,59.95570,0,54.3401,4.293169,59.92656,0,PMU
828,6.908333,14493.6,2.711447,59.96620,0,14382.5,0.615704,59.88926,0,14511.7,-1.459576,60.10837,0,78.991,2.570075,60.02681,0,98.545,0.443678,60.11508,0,54.6553,4.593173,60.21448,0,PMU,14501.7,2.907609,59.99417,0,14375.7,0.811839,59.88493,0,14508,-1.262187,60.09792,0,79.7069,2.766298,59.97669,0,98.6186,0.643030,59.98951,0,54.6318,-1.477090,59.98368,0,PMU,14411.7,-0.243932,59.99067,0,14420.2,3.948915,60.09675,0,14555.4,1.863416,59.88114,0,79.7072,-0.385104,59.97202,0,98.3426,3.773942,59.98018,0,54.5822,1.654066,59.99417,0,PMU,14507.3,2.919997,59.99417,0,14377.6,0.823846,59.88343,0,14508.1,-1.250042,60.09675,0,79.5918,2.778077,59.98135,0,98.5684,0.655970,60.02331,0,54.5556,-1.465128,59.99650,0,PMU,14468.3,2.409718,59.93356,0,14387.1,0.316055,59.92073,0,14531.6,4.520989,60.11657,0,78.9726,2.269227,59.97552,0,97.6526,0.146786,60.03147,0,54.3031,4.296037,60.05479,0,PMU
829,6.916667,14403.6,2.712241,60.01515,0,14436.2,0.620526,60.09209,0,14537,-1.466287,59.87182,0,78.9448,2.567939,59.95920,0,97.9107,0.436554,59.86394,0,54.9046,4.581393,59.77503,0,PMU,14410.9,2.907121,59.99067,0,14420,0.816966,60.09792,0,14556.5,-1.268291,59.88343,0,79.6823,2.766481,60.00350,0,98.5897,0.642298,59.98601,0,54.5987,-1.477151,59.99883,0,PMU,14503.1,-0.244481,59.98951,0,14375.5,3.942873,59.88460,0,14506.5,1.868602,60.09904,0,79.7173,-0.384738,60.00699,0,98.4792,3.774064,60.00233,0,54.6211,1.653455,59.98834,0,PMU,14417.1,2.919326,59.98718,0,14419.6,0.829034,60.09908,0,14559.1,-1.256084,59.88460,0,79.7189,2.778016,59.99883,0,98.679,0.654200,59.96620,0,54.5364,-1.465311,59.99650,0,PMU,14389.4,2.412220,60.04779,0,14462.8,0.319168,60.05945,0,14534.7,4.513909,59.86478,0,78.8908,2.270081,60.01632,0,97.4097,0.144467,59.95570,0,54.336,4.292131,59.92540,0,PMU
830,6.925000,14493.7,2.710471,59.96620,0,14382.9,0.614728,59.88926,0,14512.1,-1.460613,60.10837,0,78.9961,2.568732,60.01515,0,98.4822,0.442230,60.10841,0,54.6913,4.591891,60.20049,0,PMU,14501.7,2.906633,59.99067,0,14375.7,0.810802,59.88227,0,14507.5,-1.263225,60.09675,0,79.6703,2.765016,59.97202,0,98.5983,0.641749,59.98951,0,54.6253,-1.478067,59.98251,0,PMU,14412.3,-0.244847,59.99301,0,14420.9,3.947939,60.09675,0,14555.8,1.862440,59.88231,0,79.4838,-0.386752,59.96153,0,98.5206,3.773210,59.98368,0,54.633,1.653394,59.99883,0,PMU,14506.8,2.919021,59.99417,0,14378,0.822930,59.88343,0,14508.1,-1.251018,60.09675,0,79.7067,2.777589,59.99184,0,98.6432,0.655115,60.01749,0,54.5907,-1.465860,59.98951,0,PMU,14467.9,2.408741,59.93356,0,14387.3,0.315139,59.92307,0,14531.7,4.520012,60.11657,0,78.9856,2.268677,59.97319,0,97.7331,0.146359,60.03614,0,54.2825,4.294878,60.05246,0,PMU
831,6.933333,14403.8,2.711203,60.01399,0,14436.6,0.619488,60.09092,0,14537.7,-1.467325,59.87182,0,78.928,2.566474,59.95687,0,97.8268,0.435577,59.87294,0,54.8873,4.580111,59.77503,0,PMU,14411.9,2.906145,59.99067,0,14419.7,0.815929,60.09792,0,14556.4,-1.269390,59.88227,0,79.7059,2.765138,60.00233,0,98.4993,0.641444,59.99417,0,54.627,-1.478128,59.99883,0,PMU,14503.8,-0.245275,59.99184,0,14376.2,3.941897,59.88460,0,14506.6,1.867686,60.10021,0,79.4,-0.386569,60.00350,0,98.517,3.773026,59.99650,0,54.6675,1.652967,59.99184,0,PMU,14412.6,2.918227,59.98485,0,14419.3,0.828118,60.09908,0,14558.7,-1.257000,59.88576,0,79.6526,2.777101,59.99068,0,98.6255,0.653101,59.96153,0,54.47,-1.466531,59.98718,0,PMU,14388.8,2.411243,60.04779,0,14462.6,0.318313,60.06061,0,14534.4,4.512993,59.86595,0,78.8849,2.269471,60.01515,0,97.5298,0.143613,59.94754,0,54.3563,4.291643,59.93822,0,PMU
832,6.941667,14493.2,2.709372,59.96503,0,14382.6,0.613690,59.88926,0,14512.1,-1.461651,60.10837,0,78.9903,2.567512,60.01982,0,98.5585,0.441071,60.10491,0,54.6905,4.590609,60.20049,0,PMU,14502.8,2.905656,59.99067,0,14375.1,0.809764,59.88227,0,14507.4,-1.264324,60.09675,0,79.6892,2.763978,59.97785,0,98.6017,0.641321,59.99767,0,54.6533,-1.479104,59.98135,0,PMU,14412.3,-0.245702,59.99184,0,14421.7,3.947023,60.09791,0,14555.2,1.861524,59.88231,0,79.3417,-0.388095,59.97086,0,98.3807,3.771989,59.98018,0,54.6104,1.652601,59.99301,0,PMU,14501.6,2.917739,59.99067,0,14376.8,0.821954,59.88227,0,14507.1,-1.251934,60.09675,0,79.6365,2.777101,60.00000,0,98.5831,0.653833,60.01399,0,54.509,-1.467325,59.98485,0,PMU,14467.7,2.407887,59.93589,0,14387,0.314285,59.92307,0,14531.8,4.519097,60.11657,0,78.9626,2.267518,59.96270,0,97.6121,0.144772,60.02215,0,54.3306,4.294267,60.05012,0,PMU
833,6.950000,14403.6,2.710105,60.01399,0,14436.2,0.618390,60.08976,0,14537.8,-1.468423,59.87065,0,78.9042,2.565436,59.96037,0,97.8439,0.434662,59.87760,0,54.8831,4.579440,59.78669,0,PMU,14412.8,2.905168,59.99067,0,14419,0.814830,60.09675,0,14556.1,-1.270366,59.88460,0,79.7642,2.764650,60.01282,0,98.6871,0.640894,59.99184,0,54.6152,-1.479409,59.99417,0,PMU,14502.5,-0.246190,59.99067,0,14375.7,3.940981,59.88460,0,14505.8,1.866771,60.10021,0,79.3326,-0.387607,60.00932,0,98.4555,3.772172,60.00350,0,54.613,1.652112,59.99067,0,PMU,14410.4,2.917007,59.98601,0,14418,0.827081,60.09792,0,14557.7,-1.258098,59.88227,0,79.7577,2.776552,59.98951,0,98.5201,0.651941,59.96386,0,54.4422,-1.467569,59.99534,0,PMU,14388.5,2.410389,60.04779,0,14462.9,0.317520,60.06178,0,14534.2,4.512078,59.86595,0,78.8804,2.268433,60.01749,0,97.3466,0.142270,59.95221,0,54.3366,4.290300,59.92423,0,PMU
834,6.958333,14493.7,2.708335,59.96620,0,14383.2,0.612592,59.88927,0,14512.9,-1.462688,60.10953,0,79.0204,2.566535,60.02098,0,98.575,0.440033,60.10258,0,54.6666,4.589633,60.19466,0,PMU,14502.5,2.904802,59.99301,0,14375,0.808727,59.88343,0,14506.6,-1.265300,60.09675,0,79.6582,2.763307,59.97435,0,98.7267,0.640223,59.98718,0,54.6171,-1.480508,59.97902,0,PMU,14410.7,-0.246617,59.99184,0,14419.8,3.946108,60.09791,0,14553.8,1.860609,59.88231,0,79.3282,-0.388522,59.98252,0,98.3814,3.771440,59.98601,0,54.5832,1.651990,59.99767,0,PMU,14500.4,2.916640,59.99301,0,14375.4,0.820855,59.88110,0,14506.4,-1.253094,60.09559,0,79.666,2.776185,59.99301,0,98.649,0.652857,60.01748,0,54.4977,-1.468362,59.98485,0,PMU,14467,2.406971,59.93472,0,14386.7,0.313430,59.92190,0,14532,4.518181,60.11657,0,78.9459,2.266297,59.95920,0,97.7091,0.144345,60.03963,0,54.3143,4.293352,60.05828,0,PMU
835,6.966667,14404.4,2.709128,60.01515,0,14436.7,0.617413,60.09208,0,14538.2,-1.469400,59.87182,0,78.8953,2.564399,59.95920,0,97.8416,0.433319,59.87178,0,54.8607,4.578463,59.78669,0,PMU,14412.9,2.904252,59.98951,0,14419.1,0.813854,60.09792,0,14555.7,-1.271343,59.88460,0,79.7042,2.763307,60.00000,0,98.5898,0.639735,59.99067,0,54.5807,-1.480752,59.99534,0,PMU,14500.5,-0.247228,59.98834,0,14373.3,3.940005,59.88344,0,14504.3,1.865794,60.09904,0,79.3313,-0.388278,60.00466,0,98.4972,3.771745,60.00583,0,54.5709,1.651014,59.98135,0,PMU,14409,2.915908,59.98601,0,14417.2,0.825921,60.09675,0,14557,-1.259197,59.88343,0,79.6732,2.774965,59.97669,0,98.6003,0.651148,59.96736,0,54.4152,-1.468729,59.99301,0,PMU,14388.7,2.409534,60.04896,0,14463.5,0.316604,60.06062,0,14534.7,4.511240,59.86744,0,78.9255,2.267823,60.02914,0,97.5106,0.141965,59.95454,0,54.3762,4.289262,59.92190,0,PMU
836,6.975000,14493.5,2.707358,59.96620,0,14383.7,0.611615,59.88927,0,14513.2,-1.463724,60.10841,0,78.9703,2.564887,60.00933,0,98.4436,0.438812,60.10491,0,54.6244,4.588229,60.18651,0,PMU,14503.1,2.903825,59.99184,0,14374.9,0.807811,59.88460,0,14506.9,-1.266277,60.09675,0,79.6171,2.762147,59.97785,0,98.6129,0.639063,59.98718,0,54.5932,-1.481851,59.97902,0,PMU,14409,-0.247655,59.99184,0,14417.8,3.945009,60.09558,0,14551.3,1.859510,59.87998,0,79.294,-0.389193,59.98251,0,98.4604,3.770829,59.98251,0,54.5249,1.650831,59.99650,0,PMU,14499.1,2.915481,59.99184,0,14374.8,0.819757,59.88227,0,14505.5,-1.254192,60.09559,0,79.6643,2.774904,59.99883,0,98.5908,0.651941,60.01515,0,54.4847,-1.469339,59.98834,0,PMU,14467.7,2.406178,59.93589,0,14387.3,0.312637,59.92423,0,14532.7,4.517449,60.11857,0,78.9194,2.265748,59.96037,0,97.9123,0.144284,60.04430,0,54.3147,4.292192,60.05595,0,PMU
837,6.983333,14404.4,2.708090,60.01399,0,14437.2,0.616437,60.09208,0,14538.8,-1.470438,59.87177,0,78.8278,2.563178,59.96736,0,97.7639,0.432281,59.87527,0,54.8203,4.577487,59.79484,0,PMU,14413.4,2.903276,59.98951,0,14419.3,0.812938,60.09792,0,14556.2,-1.272319,59.88460,0,79.709,2.762269,60.00233,0,98.5325,0.638453,59.98834,0,54.5851,-1.482034,59.99650,0,PMU,14498,-0.248265,59.98835,0,14371.4,3.938906,59.88344,0,14501.9,1.864698,60.09908,0,79.277,-0.389255,59.99883,0,98.5317,3.770585,59.99534,0,54.5296,1.650098,59.98601,0,PMU,14408.5,2.914809,59.98718,0,14416.6,0.824883,60.09792,0,14556,-1.260296,59.88343,0,79.7419,2.773866,59.98018,0,98.5317,0.649927,59.96153,0,54.412,-1.469522,59.99650,0,PMU,14389,2.408802,60.05012,0,14464.2,0.315872,60.06178,0,14534.8,4.510508,59.86744,0,78.8915,2.266724,60.01865,0,97.6837,0.141354,59.94405,0,54.3759,4.288774,59.93472,0,PMU
838,6.991667,14493.7,2.706320,59.96620,0,14383.8,0.610639,59.88927,0,14514.2,-1.464700,60.10957,0,78.9324,2.563666,60.00933,0,98.4727,0.437897,60.10724,0,54.6144,4.587558,60.19234,0,PMU,14503.5,2.902849,59.99184,0,14375.3,0.806835,59.88343,0,14506.9,-1.267192,60.09792,0,79.666,2.761720,59.98951,0,98.6674,0.638575,60.00233,0,54.6337,-1.482949,59.98251,0,PMU,14407.4,-0.248753,59.99067,0,14416.5,3.943972,60.09675,0,14549.6,1.858472,59.88110,0,79.2336,-0.390536,59.97552,0,98.3559,3.769748,59.98401,0,54.5527,1.650159,60.00117,0,PMU,14499.3,2.914443,59.99301,0,14374.2,0.818719,59.88227,0,14505.2,-1.255169,60.09792,0,79.7641,2.774476,60.01166,0,98.5933,0.650721,60.01515,0,54.4869,-1.470560,59.98018,0,PMU,14468.8,2.405506,59.93705,0,14388,0.311966,59.92540,0,14533.1,4.516777,60.11974,0,78.9018,2.264588,59.95920,0,97.7058,0.142331,60.01865,0,54.3469,4.291887,60.05945,0,PMU
839,7.000000,14404.4,2.707114,60.01515,0,14437.5,0.615399,60.09092,0,14538.8,-1.471475,59.87061,0,78.8431,2.562385,59.97552,0,97.7656,0.431427,59.87644,0,54.8615,4.577182,59.80183,0,PMU,14413.4,2.902360,59.99067,0,14419.8,0.811900,60.09675,0,14556,-1.273296,59.88343,0,79.777,2.761554,59.99684,0,98.7689,0.637720,59.98368,0,54.6599,-1.482888,60.00117,0,PMU,14497.4,-0.249303,59.98951,0,14370.5,3.937868,59.88344,0,14501.5,1.863599,60.09792,0,79.2609,-0.390475,60.00117,0,98.4397,3.769077,59.98718,0,54.5949,1.649427,59.98601,0,PMU,14408.4,2.913833,59.98834,0,14416.6,0.823846,60.09792,0,14555.7,-1.261272,59.88344,0,79.7688,2.773012,59.97202,0,98.5361,0.649073,59.96853,0,54.4382,-1.470804,59.99534,0,PMU,14389.2,2.408131,60.05012,0,14464.6,0.315261,60.06295,0,14534.8,4.509836,59.86744,0,78.9111,2.265931,60.02565,0,97.3655,0.139829,59.95221,0,54.3435,4.287676,59.91957,0,PMU
840,7.008333,14493.9,2.705283,59.96503,0,14384.3,0.609601,59.88927,0,14514.6,-1.465738,60.10957,0,78.9989,2.562812,60.00816,0,98.4972,0.437164,60.10957,0,54.6838,4.586947,60.18651,0,PMU,14503.9,2.901994,59.99301,0,14376.3,0.805858,59.88460,0,14506.5,-1.268169,60.09792,0,79.7081,2.761066,59.99067,0,98.7229,0.637232,59.99067,0,54.6846,-1.483682,59.98485,0,PMU,14406.9,-0.249791,59.99067,0,14415.9,3.942995,60.09792,0,14549.4,1.857435,59.88227,0,79.2191,-0.391391,59.98251,0,98.2848,3.768649,59.99184,0,54.6141,1.649488,60.00117,0,PMU,14499,2.913467,59.99301,0,14374.1,0.817742,59.88343,0,14505.3,-1.256145,60.09791,0,79.7891,2.773256,60.00466,0,98.649,0.649988,60.01749,0,54.5845,-1.471353,59.98951,0,PMU,14468.5,2.404835,59.93705,0,14388.9,0.311294,59.92423,0,14533.3,4.515984,60.11741,0,78.8436,2.263550,59.95454,0,97.6864,0.141476,60.03147,0,54.2766,4.290971,60.06295,0,PMU
841,7.016667,14404.5,2.706076,60.01515,0,14438.2,0.614422,60.09208,0,14539.2,-1.472452,59.87178,0,78.9185,2.562018,59.98485,0,97.8625,0.430450,59.87178,0,54.8823,4.576266,59.79601,0,PMU,14413.5,2.901445,59.98951,0,14420.8,0.811107,60.10025,0,14556.6,-1.274211,59.88460,0,79.7878,2.760517,59.98951,0,98.5091,0.636195,59.98018,0,54.6467,-1.483987,59.99417,0,PMU,14497.3,-0.250279,59.99067,0,14370.1,3.937014,59.88576,0,14502.1,1.862745,60.10141,0,79.2764,-0.391269,60.00233,0,98.4594,3.768527,59.99767,0,54.6391,1.648511,59.98135,0,PMU,14408.4,2.912917,59.98951,0,14417.1,0.822930,60.09908,0,14555.5,-1.262249,59.88344,0,79.8267,2.772157,59.97902,0,98.6163,0.648157,59.96503,0,54.5779,-1.470987,60.00699,0,PMU,14389.8,2.407459,60.05012,0,14465.9,0.314529,60.06178,0,14535.3,4.509165,59.86977,0,78.9269,2.265015,60.02798,0,97.3972,0.138913,59.95104,0,54.349,4.287309,59.93006,0,PMU
842,7.025000,14493.5,2.704306,59.96620,0,14384.8,0.608624,59.88927,0,14514.6,-1.466775,60.10841,0,78.9841,2.561652,59.99301,0,98.4516,0.436249,60.11074,0,54.696,4.586642,60.19817,0,PMU,14504.2,2.901079,59.99301,0,14376.6,0.805065,59.88460,0,14506.9,-1.269023,60.09908,0,79.7197,2.760456,59.99883,0,98.5088,0.636072,59.99767,0,54.6717,-1.484719,59.98601,0,PMU,14406.8,-0.250646,59.99301,0,14415.8,3.942141,60.09792,0,14549.2,1.856580,59.88227,0,79.2286,-0.391635,59.99301,0,98.4149,3.767978,59.98951,0,54.6347,1.648267,59.99534,0,PMU,14499.5,2.912612,59.99417,0,14374,0.816844,59.88376,0,14505.3,-1.257000,60.10024,0,79.7959,2.772218,60.00117,0,98.6326,0.648767,60.01166,0,54.6053,-1.472513,59.97086,0,PMU,14468.9,2.404163,59.93705,0,14390,0.310684,59.92656,0,14533.2,4.515312,60.11741,0,78.8583,2.263550,59.97202,0,97.7978,0.140683,60.03380,0,54.2977,4.290544,60.06178,0,PMU
843,7.033333,14404.3,2.705100,60.01515,0,14438.4,0.613507,60.09325,0,14539.6,-1.473428,59.87294,0,78.8999,2.560981,59.98718,0,97.8004,0.429962,59.87994,0,54.9247,4.575656,59.79018,0,PMU,14412.9,2.900529,59.98951,0,14420.6,0.810252,60.09908,0,14556.5,-1.275127,59.88343,0,79.7566,2.759479,59.98135,0,98.3758,0.635279,59.98485,0,54.6354,-1.484964,59.99534,0,PMU,14497,-0.251134,59.99067,0,14369.6,3.936159,59.88576,0,14501.4,1.861829,60.10025,0,79.2925,-0.391269,60.00699,0,98.4394,3.767307,59.98718,0,54.6609,1.647779,59.99067,0,PMU,14408.5,2.912063,59.98951,0,14417.6,0.822076,60.09992,0,14555.5,-1.263103,59.88344,0,79.77,2.771180,59.98018,0,98.5368,0.647181,59.96969,0,54.517,-1.472513,60.00000,0,PMU,14389.5,2.406727,60.04896,0,14467.5,0.313919,60.06178,0,14534.8,4.508432,59.86860,0,78.8955,2.264161,60.01166,0,97.5808,0.138564,59.95953,0,54.3781,4.286699,59.92656,0,PMU
844,7.041667,14493.6,2.703391,59.96736,0,14384.7,0.607770,59.89043,0,14514.8,-1.467630,60.11074,0,78.9856,2.560676,59.99417,0,98.5921,0.436005,60.11540,0,54.6763,4.585543,60.18884,0,PMU,14503.4,2.900102,59.99184,0,14376.2,0.804149,59.88343,0,14506.6,-1.270061,60.09675,0,79.6639,2.759601,60.00233,0,98.4852,0.635523,60.00466,0,54.6242,-1.485940,59.98135,0,PMU,14406.5,-0.251561,59.99184,0,14415.1,3.941225,60.09675,0,14548.4,1.855726,59.88343,0,79.2599,-0.391940,59.98718,0,98.3526,3.766696,59.98834,0,54.6337,1.647296,59.99078,0,PMU,14499.3,2.911758,59.99417,0,14374.2,0.815990,59.88376,0,14505.6,-1.257854,60.10024,0,79.7829,2.771364,60.00350,0,98.6073,0.647608,60.00816,0,54.5574,-1.473978,59.97202,0,PMU,14468.7,2.403492,59.93822,0,14392,0.310196,59.92890,0,14533.2,4.514580,60.11741,0,78.8707,2.263123,59.98018,0,97.7422,0.140317,60.03347,0,54.3598,4.290056,60.06411,0,PMU
845,7.050000,14404.7,2.704245,60.01632,0,14439,0.612592,60.09209,0,14539.8,-1.474344,59.87178,0,78.8908,2.560187,59.99067,0,98.0109,0.429413,59.87411,0,54.9067,4.574923,59.79717,0,PMU,14412.5,2.899614,59.99067,0,14420.3,0.809276,60.09792,0,14556,-1.276101,59.88464,0,79.7273,2.758686,59.98251,0,98.535,0.635096,59.99184,0,54.6235,-1.485513,60.00816,0,PMU,14496.7,-0.251988,59.99184,0,14369.3,3.935244,59.88576,0,14500.8,1.860914,60.09908,0,79.2465,-0.392184,59.99534,0,98.4629,3.765720,59.98135,0,54.6346,1.646686,59.98834,0,PMU,14408.3,2.911208,59.98951,0,14417.8,0.821282,60.10108,0,14555.8,-1.263957,59.88344,0,79.7469,2.770326,59.98018,0,98.4884,0.646265,59.97435,0,54.5106,-1.473550,60.00816,0,PMU,14388.3,2.405994,60.04779,0,14467.9,0.313430,60.06178,0,14534.3,4.507700,59.86860,0,79.039,2.263978,60.01632,0,97.5045,0.138198,59.95953,0,54.3645,4.285845,59.91957,0,PMU
846,7.058333,14493.7,2.702536,59.96736,0,14385.7,0.606854,59.89043,0,14515.2,-1.468545,60.11074,0,78.875,2.559577,59.98835,0,98.6802,0.435211,60.11074,0,54.6562,4.584201,60.17718,0,PMU,14503.1,2.899187,59.99184,0,14375.6,0.803233,59.88460,0,14505.8,-1.270976,60.09788,0,79.6587,2.758930,60.00466,0,98.5618,0.634974,59.99767,0,54.6408,-1.486123,59.98834,0,PMU,14406.4,-0.252416,59.99184,0,14415.1,3.940249,60.09559,0,14548.2,1.854749,59.88227,0,79.2016,-0.392978,59.98485,0,98.3803,3.765842,60.00233,0,54.6294,1.646137,59.98951,0,PMU,14499.8,2.910842,59.99301,0,14374.6,0.815196,59.88376,0,14506.8,-1.258770,60.09908,0,79.7999,2.770448,60.00233,0,98.6152,0.646875,60.01166,0,54.5892,-1.474344,59.98485,0,PMU,14467.5,2.402577,59.93473,0,14391.4,0.309463,59.92424,0,14532.7,4.513725,60.11508,0,78.973,2.262696,59.97552,0,97.7008,0.139584,60.02648,0,54.2951,4.289079,60.06178,0,PMU
847,7.066667,14405.2,2.703391,60.01632,0,14439.8,0.611737,60.09325,0,14540,-1.475198,59.87294,0,78.7449,2.559699,60.00233,0,98.0189,0.428497,59.87178,0,54.8599,4.573764,59.80067,0,PMU,14411.9,2.898637,59.98951,0,14420.2,0.808360,60.09792,0,14555.1,-1.277139,59.88231,0,79.6509,2.757526,59.97319,0,98.44,0.633814,59.97785,0,54.583,-1.486734,59.98834,0,PMU,14496.2,-0.252965,59.98951,0,14369.5,3.934267,59.88576,0,14501.3,1.859937,60.09908,0,79.1999,-0.393344,59.99301,0,98.5337,3.765353,59.99067,0,54.6331,1.645404,59.98601,0,PMU,14409.4,2.910354,59.99067,0,14418.2,0.820428,60.09992,0,14556.5,-1.264812,59.88460,0,79.7935,2.769899,59.98951,0,98.5851,0.645899,59.98135,0,54.5795,-1.473489,60.01632,0,PMU,14387.8,2.405079,60.04779,0,14467.8,0.312515,60.05828,0,14533.8,4.506846,59.86860,0,79.0088,2.262635,59.99883,0,97.4198,0.137466,59.95953,0,54.3433,4.284807,59.91841,0,PMU
848,7.075000,14493.9,2.701743,59.96853,0,14385.6,0.606000,59.89043,0,14515.1,-1.469461,60.10957,0,78.7715,2.559516,59.99650,0,98.6494,0.434235,60.10957,0,54.7033,4.584445,60.20399,0,PMU,14503,2.898149,59.99067,0,14375.5,0.802257,59.88343,0,14505.8,-1.271953,60.09904,0,79.6358,2.757953,60.00816,0,98.4435,0.633387,59.99184,0,54.5953,-1.487222,59.99068,0,PMU,14406.1,-0.253453,59.99067,0,14415.1,3.939272,60.09559,0,14548.3,1.853773,59.88227,0,79.1981,-0.393954,59.98834,0,98.3869,3.765537,60.00350,0,54.5986,1.644977,59.99184,0,PMU,14500.2,2.910049,59.99417,0,14374.9,0.814403,59.88493,0,14507.3,-1.259563,60.10024,0,79.7862,2.769472,59.99184,0,98.5858,0.645899,60.00000,0,54.6013,-1.474832,59.97435,0,PMU,14467,2.401661,59.93473,0,14391.2,0.308487,59.92307,0,14531.9,4.512871,60.11508,0,78.9372,2.262025,59.98834,0,97.8722,0.139340,60.03580,0,54.3091,4.288164,60.06411,0,PMU
849,7.083333,14404.9,2.702475,60.01399,0,14439.3,0.610822,60.09209,0,14540,-1.476114,59.87294,0,78.7511,2.559272,59.99534,0,97.86,0.427338,59.86828,0,54.9265,4.573171,59.78468,0,PMU,14411.7,2.897661,59.99067,0,14420.2,0.807323,60.09675,0,14555.4,-1.278176,59.88114,0,79.7072,2.756488,59.97202,0,98.3426,0.632349,59.98018,0,54.5822,-1.487527,59.99417,0,PMU,14496,-0.254002,59.98951,0,14369.4,3.933352,59.88693,0,14501.5,1.858961,60.09908,0,79.2198,-0.394320,59.99301,0,98.4017,3.764499,59.98018,0,54.5988,1.644306,59.98718,0,PMU,14409.6,2.909560,59.99067,0,14418.5,0.819634,60.09992,0,14556.4,-1.265605,59.88460,0,79.7259,2.768983,59.99068,0,98.4561,0.644983,59.98251,0,54.5414,-1.474466,60.00699,0,PMU,14387.2,2.404163,60.04779,0,14468.3,0.311538,60.05828,0,14533.9,4.505869,59.86627,0,78.9759,2.261309,59.98634,0,97.6879,0.137405,59.96303,0,54.3849,4.284136,59.92307,0,PMU
850,7.091667,14493.5,2.700705,59.96620,0,14385,0.605084,59.89043,0,14515.2,-1.470377,60.10957,0,78.7118,2.558479,59.98485,0,98.3703,0.433014,60.10841,0,54.6346,4.582980,60.18734,0,PMU,14503.1,2.897111,59.98951,0,14375.5,0.801281,59.88460,0,14506.5,-1.272991,60.09904,0,79.7173,2.756855,60.00699,0,98.4792,0.632471,60.00233,0,54.6211,-1.488137,59.98834,0,PMU,14407.6,-0.254491,59.99067,0,14416,3.938296,60.09442,0,14549.9,1.852796,59.88227,0,79.2445,-0.394992,59.98718,0,98.3036,3.764377,59.99767,0,54.6127,1.643817,59.99067,0,PMU,14500.8,2.909196,59.99305,0,14375.3,0.813548,59.88376,0,14508.1,-1.260417,60.09908,0,79.7742,2.768373,59.98834,0,98.5775,0.644861,59.99767,0,54.5843,-1.475564,59.97902,0,PMU,14466.9,2.400807,59.93589,0,14391.7,0.307632,59.92540,0,14532.2,4.511955,60.11624,0,78.9306,2.261065,59.99534,0,97.8475,0.138564,60.02215,0,54.3605,4.287309,60.06061,0,PMU
851,7.100000,14404.5,2.701438,60.01399,0,14439.4,0.609845,60.09092,0,14539.8,-1.477151,59.87061,0,78.6949,2.558112,59.99301,0,97.6892,0.426056,59.86712,0,54.8676,4.572438,59.79867,0,PMU,14412.3,2.896745,59.99301,0,14420.9,0.806346,60.09675,0,14555.8,-1.279153,59.88231,0,79.4838,2.754841,59.96153,0,98.5206,0.631617,59.98368,0,54.633,-1.488198,59.99883,0,PMU,14499.5,-0.254979,59.99067,0,14371.9,3.932375,59.88693,0,14504.3,1.858045,60.10025,0,79.2922,-0.395419,59.99184,0,98.4391,3.763217,59.97785,0,54.6459,1.643085,59.98601,0,PMU,14410.3,2.908708,59.99067,0,14419.3,0.818719,60.09875,0,14557.1,-1.266460,59.88460,0,79.7531,2.768312,59.99883,0,98.5143,0.644434,59.99184,0,54.5816,-1.475137,60.00816,0,PMU,14386.8,2.403309,60.04779,0,14467.5,0.310806,60.06061,0,14534,4.505015,59.86744,0,78.978,2.260577,59.99067,0,97.5361,0.136367,59.95804,0,54.3611,4.283037,59.91841,0,PMU
852,7.108333,14493.6,2.699668,59.96620,0,14385.1,0.604047,59.88926,0,14515.1,-1.471475,60.10841,0,78.7228,2.557868,59.99534,0,98.4421,0.431854,60.11073,0,54.6639,4.581820,60.17918,0,PMU,14503.8,2.896318,59.99184,0,14376.2,0.800304,59.88460,0,14506.6,-1.273906,60.10021,0,79.4,2.755024,60.00350,0,98.517,0.631434,59.99650,0,54.6675,-1.488626,59.99184,0,PMU,14410.1,-0.255284,59.99417,0,14419.2,3.937441,60.09675,0,14552.8,1.851942,59.88343,0,79.2465,-0.396212,59.98485,0,98.379,3.763156,59.99883,0,54.5991,1.641864,59.97669,0,PMU,14501.3,2.908403,59.99417,0,14375.2,0.812694,59.88493,0,14508.5,-1.261272,60.09908,0,79.7661,2.767274,59.98018,0,98.6405,0.644251,59.99651,0,54.6239,-1.476419,59.97552,0,PMU,14466.3,2.399952,59.93589,0,14391.1,0.306839,59.92424,0,14532.4,4.511118,60.11657,0,78.8944,2.260272,59.99417,0,97.7755,0.137099,60.01399,0,54.3185,4.286394,60.06411,0,PMU
853,7.116667,14404.3,2.700400,60.01399,0,14439.5,0.608746,60.08976,0,14539.5,-1.478189,59.87177,0,78.7617,2.557319,59.98951,0,97.7865,0.425263,59.87411,0,54.8438,4.571218,59.79750,0,PMU,14412.3,2.895891,59.99184,0,14421.7,0.805431,60.09791,0,14555.2,-1.280069,59.88231,0,79.3417,2.753498,59.97086,0,98.3807,0.630396,59.98018,0,54.6104,-1.488992,59.99301,0,PMU,14502.1,-0.255833,59.98951,0,14374.8,3.931521,59.88693,0,14507.5,1.857191,60.10025,0,79.2697,-0.396762,59.98951,0,98.487,3.762058,59.97902,0,54.5768,1.641010,59.98368,0,PMU,14410.9,2.907915,59.99067,0,14419.7,0.817864,60.09875,0,14557,-1.267314,59.88460,0,79.7432,2.767518,60.00466,0,98.6592,0.643580,59.98718,0,54.6058,-1.476236,60.00350,0,PMU,14387.1,2.402455,60.04779,0,14468.1,0.309952,60.05945,0,14535.1,4.504221,59.86828,0,78.9524,2.259417,59.98368,0,97.4834,0.135268,59.96503,0,54.356,4.282000,59.91608,0,PMU
854,7.125000,14493.5,2.698586,59.96536,0,14384.9,0.602948,59.88926,0,14514.8,-1.472513,60.10841,0,78.7663,2.557075,59.99534,0,98.4485,0.431061,60.11073,0,54.6644,4.581271,60.19201,0,PMU,14502.5,2.895402,59.99067,0,14375.7,0.799389,59.88460,0,14505.8,-1.274822,60.10021,0,79.3326,2.753986,60.00932,0,98.4555,0.630579,60.00350,0,54.613,-1.489480,59.99067,0,PMU,14413.1,-0.256078,59.99534,0,14422.5,3.936648,60.09792,0,14555.9,1.851148,59.88460,0,79.3055,-0.397189,59.99184,0,98.4892,3.762119,60.00117,0,54.5818,1.640766,59.99534,0,PMU,14501.7,2.907609,59.99417,0,14375.7,0.811839,59.88493,0,14508,-1.262187,60.09792,0,79.7069,2.766298,59.97669,0,98.6186,0.643030,59.98951,0,54.6318,-1.477090,59.98368,0,PMU,14467,2.399159,59.93705,0,14391.5,0.306045,59.92540,0,14532.9,4.510386,60.11773,0,78.9367,2.259966,60.01049,0,97.8743,0.136550,60.02448,0,54.3054,4.285479,60.06644,0,PMU
855,7.133333,14404.1,2.699362,60.01483,0,14439.4,0.607709,60.09092,0,14539.6,-1.479226,59.87178,0,78.786,2.556159,59.98251,0,97.7975,0.424286,59.87061,0,54.8886,4.569997,59.78468,0,PMU,14410.7,2.894975,59.99184,0,14419.8,0.804515,60.09791,0,14553.8,-1.280984,59.88231,0,79.3282,2.753071,59.98252,0,98.3814,0.629847,59.98601,0,54.5832,-1.489602,59.99767,0,PMU,14503.3,-0.256627,59.98951,0,14376.5,3.930727,59.88693,0,14508.3,1.856397,60.10025,0,79.3001,-0.397555,59.99301,0,98.4881,3.761081,59.98018,0,54.5709,1.640277,59.99068,0,PMU,14410.9,2.907121,59.99067,0,14420,0.816966,60.09792,0,14556.5,-1.268291,59.88343,0,79.6823,2.766481,60.00350,0,98.5897,0.642298,59.98601,0,54.5987,-1.477151,59.99883,0,PMU,14386.9,2.401722,60.04896,0,14468.4,0.309158,60.05945,0,14534.5,4.503489,59.86828,0,78.9316,2.258807,59.97785,0,97.6155,0.134536,59.96153,0,54.3504,4.281694,59.92773,0,PMU
856,7.141667,14493.2,2.697548,59.96536,0,14385.1,0.601911,59.88926,0,14515,-1.473611,60.10724,0,78.7802,2.556159,60.00000,0,98.4126,0.430084,60.11073,0,54.6437,4.579745,60.18618,0,PMU,14500.5,2.894365,59.98834,0,14373.3,0.798412,59.88344,0,14504.3,-1.275798,60.09904,0,79.3313,2.753315,60.00466,0,98.4972,0.630152,60.00583,0,54.5709,-1.490579,59.98135,0,PMU,14413.2,-0.256993,59.99301,0,14422.8,3.935732,60.09559,0,14555.4,1.850233,59.88227,0,79.2835,-0.398043,59.99067,0,98.4052,3.760959,59.99767,0,54.5322,1.639728,59.98951,0,PMU,14501.7,2.906633,59.99067,0,14375.7,0.810802,59.88227,0,14507.5,-1.263225,60.09675,0,79.6703,2.765016,59.97202,0,98.5983,0.641749,59.98951,0,54.6253,-1.478067,59.98251,0,PMU,14466.9,2.398365,59.93589,0,14392.1,0.305313,59.92656,0,14532.8,4.509592,60.11657,0,78.9232,2.259173,60.00699,0,97.73,0.135329,60.01515,0,54.3334,4.284685,60.05712,0,PMU
857,7.150000,14404.4,2.698281,60.01399,0,14439.6,0.606671,60.09092,0,14539.9,-1.480325,59.87178,0,78.8078,2.554878,59.97552,0,97.7632,0.423676,59.87761,0,54.8909,4.569509,59.80450,0,PMU,14409,2.893938,59.99184,0,14417.8,0.803417,60.09558,0,14551.3,-1.282083,59.87998,0,79.294,2.752399,59.98251,0,98.4604,0.629237,59.98251,0,54.5249,-1.490762,59.99650,0,PMU,14503.2,-0.257603,59.98834,0,14377.2,3.929690,59.88460,0,14507.9,1.855360,60.09792,0,79.2801,-0.398287,59.99534,0,98.3353,3.759860,59.97902,0,54.5031,1.639179,59.98951,0,PMU,14411.9,2.906145,59.99067,0,14419.7,0.815929,60.09792,0,14556.4,-1.269390,59.88227,0,79.7059,2.765138,60.00233,0,98.4993,0.641444,59.99417,0,54.627,-1.478128,59.99883,0,PMU,14386.8,2.400990,60.05012,0,14469,0.308487,60.06062,0,14534.9,4.502695,59.86828,0,78.9568,2.258074,59.97902,0,97.5011,0.133498,59.96503,0,54.344,4.280718,59.92423,0,PMU
858,7.158333,14493.5,2.696511,59.96620,0,14385,0.600812,59.88809,0,14514.6,-1.474649,60.10840,0,78.753,2.555061,60.00350,0,98.5138,0.429108,60.10374,0,54.6673,4.578586,60.17335,0,PMU,14498,2.893328,59.98835,0,14371.4,0.797313,59.88344,0,14501.9,-1.276895,60.09908,0,79.277,2.752338,59.99883,0,98.5317,0.628992,59.99534,0,54.5296,-1.491494,59.98601,0,PMU,14413.2,-0.258092,59.99067,0,14423.3,3.934634,60.09442,0,14555.5,1.849134,59.88111,0,79.2632,-0.398959,59.98718,0,98.3216,3.760349,60.00933,0,54.5123,1.638813,59.99301,0,PMU,14502.8,2.905656,59.99067,0,14375.1,0.809764,59.88227,0,14507.4,-1.264324,60.09675,0,79.6892,2.763978,59.97785,0,98.6017,0.641321,59.99767,0,54.6533,-1.479104,59.98135,0,PMU,14467,2.397633,59.93589,0,14392.2,0.304581,59.92540,0,14533.5,4.508860,60.11773,0,78.9405,2.258624,60.01049,0,97.736,0.134292,60.01515,0,54.3259,4.284136,60.06528,0,PMU
859,7.166667,14404.2,2.697243,60.01399,0,14440,0.605573,60.09092,0,14539.6,-1.481363,59.87178,0,78.7218,2.553352,59.96736,0,97.7903,0.422760,59.87877,0,54.8423,4.568349,59.80450,0,PMU,14407.4,2.892839,59.99067,0,14416.5,0.802379,60.09675,0,14549.6,-1.283120,59.88110,0,79.2336,2.751056,59.97552,0,98.3559,0.628155,59.98401,0,54.5527,-1.491433,60.00117,0,PMU,14503.3,-0.258702,59.98834,0,14377.4,3.928591,59.88460,0,14508.3,1.854261,60.09791,0,79.2853,-0.399508,59.98951,0,98.3958,3.759250,59.97902,0,54.5417,1.638629,59.99650,0,PMU,14412.8,2.905168,59.99067,0,14419,0.814830,60.09675,0,14556.1,-1.270366,59.88460,0,79.7642,2.764650,60.01282,0,98.6871,0.640894,59.99184,0,54.6152,-1.479409,59.99417,0,PMU,14386.2,2.400257,60.05012,0,14468.7,0.307754,60.06062,0,14534.9,4.501902,59.86711,0,78.9163,2.257586,59.98018,0,97.4482,0.132766,59.97086,0,54.3482,4.280291,59.92656,0,PMU
860,7.175000,14493.4,2.695473,59.96620,0,14385.1,0.599774,59.88926,0,14514.5,-1.475687,60.10840,0,78.7243,2.553840,60.00933,0,98.4692,0.428436,60.10840,0,54.6673,4.578402,60.19201,0,PMU,14497.4,2.892290,59.98951,0,14370.5,0.796276,59.88344,0,14501.5,-1.277993,60.09792,0,79.2609,2.751117,60.00117,0,98.4397,0.627484,59.98718,0,54.5949,-1.492166,59.98601,0,PMU,14413.1,-0.259129,59.99184,0,14423.3,3.933596,60.09559,0,14555.3,1.848036,59.88111,0,79.2514,-0.400302,59.98485,0,98.3047,3.759555,60.00583,0,54.5502,1.638202,59.99184,0,PMU,14502.5,2.904802,59.99301,0,14375,0.808727,59.88343,0,14506.6,-1.265300,60.09675,0,79.6582,2.763307,59.97435,0,98.7267,0.640223,59.98718,0,54.6171,-1.480508,59.97902,0,PMU,14466.6,2.396900,59.93589,0,14392.1,0.303848,59.92540,0,14533.7,4.508127,60.11890,0,78.9544,2.258257,60.01282,0,97.8279,0.133926,60.02215,0,54.336,4.283648,60.06411,0,PMU
861,7.183333,14403.7,2.696206,60.01399,0,14440,0.604474,60.08976,0,14539.7,-1.482461,59.87061,0,78.7294,2.552192,59.96853,0,97.8284,0.421845,59.87411,0,54.873,4.567128,59.78468,0,PMU,14406.9,2.891802,59.99067,0,14415.9,0.801403,60.09792,0,14549.4,-1.284158,59.88227,0,79.2191,2.750202,59.98251,0,98.2848,0.627057,59.99184,0,54.6141,-1.492105,60.00117,0,PMU,14503.5,-0.259679,59.98951,0,14377.5,3.927556,59.88464,0,14508.2,1.853223,60.09908,0,79.2904,-0.400485,59.99650,0,98.3716,3.758518,59.98018,0,54.5304,1.637836,59.99301,0,PMU,14412.9,2.904252,59.98951,0,14419.1,0.813854,60.09792,0,14555.7,-1.271343,59.88460,0,79.7042,2.763307,60.00000,0,98.5898,0.639735,59.99067,0,54.5807,-1.480752,59.99534,0,PMU,14386,2.399525,60.05012,0,14469.2,0.307022,60.06062,0,14535.2,4.501169,59.86711,0,78.9013,2.256426,59.96503,0,97.6102,0.132033,59.96386,0,54.3938,4.280169,59.93356,0,PMU
862,7.191667,14492.9,2.694314,59.96386,0,14384.9,0.598676,59.88926,0,14514.5,-1.476846,60.10724,0,78.7494,2.552925,60.01399,0,98.3791,0.427032,60.09908,0,54.6,4.576693,60.18268,0,PMU,14497.3,2.891313,59.99067,0,14370.1,0.795421,59.88576,0,14502.1,-1.278848,60.10141,0,79.2764,2.750324,60.00233,0,98.4594,0.626935,59.99767,0,54.6391,-1.493081,59.98135,0,PMU,14413,-0.260045,59.99301,0,14423.5,3.932619,60.09671,0,14554.6,1.847059,59.88227,0,79.2728,-0.401034,59.98951,0,98.3764,3.758395,59.99767,0,54.5138,1.637226,59.98834,0,PMU,14503.1,2.903825,59.99184,0,14374.9,0.807811,59.88460,0,14506.9,-1.266277,60.09675,0,79.6171,2.762147,59.97785,0,98.6129,0.639063,59.98718,0,54.5932,-1.481851,59.97902,0,PMU,14467.1,2.396229,59.93705,0,14392.6,0.303177,59.92656,0,14533.7,4.507395,60.11890,0,78.9359,2.257098,60.01282,0,97.733,0.133071,60.01982,0,54.38,4.283342,60.06062,0,PMU
863,7.200000,14403.7,2.695046,60.01399,0,14440.3,0.603375,60.08976,0,14539.9,-1.483621,59.87061,0,78.7391,2.551277,59.96853,0,97.7481,0.420929,59.88344,0,54.8555,4.567006,59.81499,0,PMU,14406.8,2.890947,59.99301,0,14415.8,0.800548,60.09792,0,14549.2,-1.285012,59.88227,0,79.2286,2.749958,59.99301,0,98.4149,0.626385,59.98951,0,54.6347,-1.493325,59.99534,0,PMU,14503.1,-0.260655,59.98834,0,14377.3,3.926609,59.88521,0,14507,1.852247,60.09908,0,79.2685,-0.401583,59.98951,0,98.2989,3.757541,59.98368,0,54.5182,1.637409,60.00350,0,PMU,14413.4,2.903276,59.98951,0,14419.3,0.812938,60.09792,0,14556.2,-1.272319,59.88460,0,79.709,2.762269,60.00233,0,98.5325,0.638453,59.98834,0,54.5851,-1.482034,59.99650,0,PMU,14385.9,2.398915,60.05129,0,14468.9,0.306351,60.06062,0,14534.6,4.500498,59.86828,0,78.8348,2.255511,59.96969,0,97.5396,0.131240,59.96503,0,54.3519,4.279192,59.92073,0,PMU
864,7.208333,14493.9,2.693276,59.96620,0,14385.1,0.597638,59.89043,0,14515.1,-1.477884,60.10957,0,78.8082,2.552253,60.01865,0,98.5311,0.426300,60.10258,0,54.6614,4.576083,60.17335,0,PMU,14497,2.890459,59.99067,0,14369.6,0.794567,59.88576,0,14501.4,-1.279763,60.10025,0,79.2925,2.750324,60.00699,0,98.4394,0.625714,59.98718,0,54.6609,-1.493814,59.99067,0,PMU,14412.9,-0.261082,59.99184,0,14423,3.931582,60.09497,0,14554.7,1.846083,59.88227,0,79.2339,-0.402133,59.98951,0,98.3513,3.757297,59.99534,0,54.523,1.636493,59.98251,0,PMU,14503.5,2.902849,59.99184,0,14375.3,0.806835,59.88343,0,14506.9,-1.267192,60.09792,0,79.666,2.761720,59.98951,0,98.6674,0.638575,60.00233,0,54.6337,-1.482949,59.98251,0,PMU,14466,2.395436,59.93356,0,14392.5,0.302444,59.92540,0,14533.2,4.506601,60.11657,0,78.8629,2.255877,60.00699,0,97.7273,0.132094,60.01632,0,54.307,4.282183,60.05712,0,PMU
865,7.216667,14404,2.694070,60.01515,0,14440.7,0.602338,60.08976,0,14540,-1.484597,59.87178,0,78.7628,2.550178,59.96037,0,97.8188,0.420075,59.88110,0,54.813,4.565480,59.79750,0,PMU,14406.5,2.890032,59.99184,0,14415.1,0.799633,60.09675,0,14548.4,-1.285867,59.88343,0,79.2599,2.749653,59.98718,0,98.3526,0.625104,59.98834,0,54.6337,-1.494296,59.99078,0,PMU,14503.3,-0.261693,59.98834,0,14376.8,3.925513,59.88409,0,14507.1,1.851270,60.09908,0,79.2644,-0.402377,59.99534,0,98.4632,3.756686,59.98834,0,54.5428,1.636554,60.00117,0,PMU,14413.4,2.902360,59.99067,0,14419.8,0.811900,60.09675,0,14556,-1.273296,59.88343,0,79.777,2.761554,59.99684,0,98.7689,0.637720,59.98368,0,54.6599,-1.482888,60.00117,0,PMU,14385.8,2.398121,60.05129,0,14468.7,0.305496,60.05828,0,14534.4,4.499705,59.86828,0,78.8037,2.254840,59.98018,0,97.4447,0.130447,59.96853,0,54.3438,4.278460,59.92889,0,PMU
866,7.225000,14493.8,2.692238,59.96503,0,14385.5,0.596603,59.89047,0,14514.8,-1.478921,60.10840,0,78.7724,2.550605,60.00816,0,98.4557,0.425324,60.10025,0,54.6147,4.575168,60.18501,0,PMU,14496.7,2.889604,59.99184,0,14369.3,0.793651,59.88576,0,14500.8,-1.280679,60.09908,0,79.2465,2.749408,59.99534,0,98.4629,0.624127,59.98135,0,54.6346,-1.494907,59.98834,0,PMU,14412.9,-0.262059,59.99301,0,14422.9,3.930483,60.09493,0,14554.3,1.845045,59.88111,0,79.3207,-0.402621,59.99534,0,98.5762,3.756320,59.99301,0,54.5726,1.635883,59.98718,0,PMU,14503.9,2.901994,59.99301,0,14376.3,0.805858,59.88460,0,14506.5,-1.268169,60.09792,0,79.7081,2.761066,59.99067,0,98.7229,0.637232,59.99067,0,54.6846,-1.483682,59.98485,0,PMU,14466.1,2.394642,59.93356,0,14392.2,0.301590,59.92540,0,14533.1,4.505808,60.11657,0,78.9263,2.255633,60.01515,0,97.8339,0.132094,60.03147,0,54.325,4.281939,60.06644,0,PMU
867,7.233333,14403.4,2.693032,60.01515,0,14440.6,0.601300,60.08972,0,14539.6,-1.485696,59.87061,0,78.7044,2.548652,59.96270,0,97.7796,0.418732,59.87411,0,54.8304,4.564504,59.79634,0,PMU,14406.4,2.889177,59.99184,0,14415.1,0.798656,60.09559,0,14548.2,-1.286843,59.88227,0,79.2016,2.748615,59.98485,0,98.3803,0.624249,60.00233,0,54.6294,-1.495456,59.98951,0,PMU,14503.1,-0.262669,59.98834,0,14377.4,3.924475,59.88525,0,14507,1.850233,60.09908,0,79.4021,-0.403231,59.98834,0,98.5746,3.755954,59.99301,0,54.5976,1.635944,60.00117,0,PMU,14413.5,2.901445,59.98951,0,14420.8,0.811107,60.10025,0,14556.6,-1.274211,59.88460,0,79.7878,2.760517,59.98951,0,98.5091,0.636195,59.98018,0,54.6467,-1.483987,59.99417,0,PMU,14386.3,2.397389,60.05246,0,14468.9,0.304703,60.05945,0,14534.1,4.498911,59.86828,0,78.8199,2.254290,59.97435,0,97.6282,0.130019,59.96037,0,54.4082,4.278399,59.93239,0,PMU
868,7.241667,14493.3,2.691140,59.96386,0,14385.1,0.595504,59.88930,0,14514.4,-1.480020,60.10841,0,78.7807,2.549384,60.01399,0,98.3603,0.423859,60.09792,0,54.6122,4.574191,60.18501,0,PMU,14496.2,2.888628,59.98951,0,14369.5,0.792675,59.88576,0,14501.3,-1.281655,60.09908,0,79.1999,2.748249,59.99301,0,98.5337,0.623761,59.99067,0,54.6331,-1.496188,59.98601,0,PMU,14412.6,-0.263036,59.99301,0,14423.1,3.929507,60.09610,0,14554.5,1.844068,59.88227,0,79.3817,-0.403964,59.98601,0,98.5407,3.755039,59.98251,0,54.5738,1.634784,59.97785,0,PMU,14504.2,2.901079,59.99301,0,14376.6,0.805065,59.88460,0,14506.9,-1.269023,60.09908,0,79.7197,2.760456,59.99883,0,98.5088,0.636072,59.99767,0,54.6717,-1.484719,59.98601,0,PMU,14466.6,2.393910,59.93356,0,14392.6,0.300857,59.92656,0,14533.4,4.505076,60.11773,0,78.8996,2.254717,60.00816,0,97.7717,0.131423,60.02681,0,54.38,4.281206,60.05362,0,PMU
869,7.250000,14403.5,2.691933,60.01515,0,14440.5,0.600202,60.08972,0,14539.3,-1.486795,59.87061,0,78.7377,2.547309,59.96037,0,97.8008,0.418122,59.89043,0,54.9247,4.564504,59.81499,0,PMU,14406.1,2.888140,59.99067,0,14415.1,0.797680,60.09559,0,14548.3,-1.287820,59.88227,0,79.1981,2.747638,59.98834,0,98.3869,0.623944,60.00350,0,54.5986,-1.496616,59.99184,0,PMU,14502.9,-0.263629,59.98868,0,14377.2,3.923621,59.88758,0,14507.4,1.849317,60.10025,0,79.431,-0.404269,59.99417,0,98.4253,3.754733,59.99417,0,54.5716,1.634967,60.00350,0,PMU,14412.9,2.900529,59.98951,0,14420.6,0.810252,60.09908,0,14556.5,-1.275127,59.88343,0,79.7566,2.759479,59.98135,0,98.3758,0.635279,59.98485,0,54.6354,-1.484964,59.99534,0,PMU,14386.3,2.396717,60.05362,0,14469,0.303970,60.05945,0,14533.8,4.498179,59.86828,0,78.7693,2.253619,59.97902,0,97.5605,0.129104,59.95570,0,54.3532,4.276995,59.91957,0,PMU
870,7.258333,14493.4,2.690041,59.96386,0,14385.1,0.594405,59.88930,0,14514.1,-1.481118,60.10841,0,78.7963,2.548347,60.01982,0,98.5683,0.423065,60.09442,0,54.7011,4.573232,60.16669,0,PMU,14496,2.887590,59.98951,0,14369.4,0.791759,59.88693,0,14501.5,-1.282632,60.09908,0,79.2198,2.747272,59.99301,0,98.4017,0.622906,59.98018,0,54.5988,-1.497287,59.98718,0,PMU,14413,-0.263995,59.99301,0,14422.7,3.928591,60.09493,0,14555,1.843214,59.88343,0,79.3809,-0.405245,59.98135,0,98.4404,3.753818,59.98252,0,54.5375,1.633747,59.97669,0,PMU,14503.4,2.900102,59.99184,0,14376.2,0.804149,59.88343,0,14506.6,-1.270061,60.09675,0,79.6639,2.759601,60.00233,0,98.4852,0.635523,60.00466,0,54.6242,-1.485940,59.98135,0,PMU,14466.2,2.393177,59.93239,0,14392.8,0.300125,59.92656,0,14533.4,4.504282,60.11657,0,78.883,2.253558,59.99883,0,97.7487,0.130630,60.02914,0,54.326,4.280108,60.05945,0,PMU
871,7.266667,14403.1,2.690957,60.01749,0,14440.5,0.599164,60.09088,0,14538.1,-1.487893,59.87061,0,78.6435,2.546089,59.95687,0,97.7733,0.416840,59.88110,0,54.8448,4.562856,59.80183,0,PMU,14407.6,2.887102,59.99067,0,14416,0.796703,60.09442,0,14549.9,-1.288797,59.88227,0,79.2445,2.746601,59.98718,0,98.3036,0.622784,59.99767,0,54.6127,-1.497775,59.99067,0,PMU,14503.6,-0.264544,59.98951,0,14377.2,3.922705,59.88758,0,14508,1.848463,60.10025,0,79.3888,-0.405734,59.99067,0,98.4861,3.754184,60.00699,0,54.5575,1.633869,60.00233,0,PMU,14412.5,2.899614,59.99067,0,14420.3,0.809276,60.09792,0,14556,-1.276101,59.88464,0,79.7273,2.758686,59.98251,0,98.535,0.635096,59.99184,0,54.6235,-1.485513,60.00816,0,PMU,14386.5,2.395924,60.05246,0,14468.9,0.303177,60.05828,0,14534.2,4.497446,59.86944,0,78.8018,2.253008,59.98951,0,97.5856,0.128616,59.96153,0,54.3732,4.276201,59.92540,0,PMU
872,7.275000,14492.1,2.689004,59.96270,0,14384.6,0.593368,59.88930,0,14513.1,-1.482217,60.10841,0,78.7161,2.547065,60.01865,0,98.4182,0.421967,60.09792,0,54.6474,4.572438,60.18301,0,PMU,14499.5,2.886614,59.99067,0,14371.9,0.790783,59.88693,0,14504.3,-1.283548,60.10025,0,79.2922,2.746174,59.99184,0,98.4391,0.621625,59.97785,0,54.6459,-1.498508,59.98601,0,PMU,14413,-0.264849,59.99417,0,14422.8,3.927737,60.09610,0,14554.7,1.842298,59.88227,0,79.3525,-0.406039,59.99417,0,98.4867,3.752781,59.97319,0,54.5292,1.632587,59.97552,0,PMU,14503.1,2.899187,59.99184,0,14375.6,0.803233,59.88460,0,14505.8,-1.270976,60.09788,0,79.6587,2.758930,60.00466,0,98.5618,0.634974,59.99767,0,54.6408,-1.486123,59.98834,0,PMU,14466.4,2.392384,59.93239,0,14392.1,0.299332,59.92656,0,14532.8,4.503611,60.11773,0,78.9825,2.252947,59.99883,0,97.9131,0.130569,60.03730,0,54.3332,4.279436,60.06178,0,PMU
873,7.283333,14402.3,2.689858,60.01632,0,14440,0.598065,60.08972,0,14538.1,-1.488992,59.87061,0,78.6283,2.545173,59.96386,0,97.8557,0.415863,59.88343,0,54.8776,4.561940,59.79950,0,PMU,14410.1,2.886308,59.99417,0,14419.2,0.795848,60.09675,0,14552.8,-1.289651,59.88343,0,79.2465,2.745380,59.98485,0,98.379,0.621564,59.99883,0,54.5991,-1.499728,59.97669,0,PMU,14503.5,-0.265521,59.98718,0,14377.1,3.921728,59.88525,0,14507.8,1.847547,60.10025,0,79.3776,-0.406771,59.98601,0,98.4164,3.753147,60.00699,0,54.5627,1.632831,60.00466,0,PMU,14411.9,2.898637,59.98951,0,14420.2,0.808360,60.09792,0,14555.1,-1.277139,59.88231,0,79.6509,2.757526,59.97319,0,98.44,0.633814,59.97785,0,54.583,-1.486734,59.98834,0,PMU,14387.1,2.395253,60.05479,0,14469.2,0.302505,60.06062,0,14534.2,4.496775,59.86944,0,78.8805,2.252581,59.99301,0,97.6809,0.128310,59.95687,0,54.3946,4.275713,59.92889,0,PMU
874,7.291667,14491.4,2.687844,59.96153,0,14383.6,0.592330,59.89047,0,14513.1,-1.483255,60.10957,0,78.7119,2.545783,60.01166,0,98.4145,0.420929,60.09675,0,54.6169,4.570974,60.17252,0,PMU,14502.1,2.885759,59.98951,0,14374.8,0.789928,59.88693,0,14507.5,-1.284402,60.10025,0,79.2697,2.744831,59.98951,0,98.487,0.620465,59.97902,0,54.5768,-1.500583,59.98368,0,PMU,14413.4,-0.265826,59.99417,0,14422.7,3.926731,60.09554,0,14555.1,1.841322,59.88110,0,79.3287,-0.407076,59.99417,0,98.4968,3.751743,59.97319,0,54.516,1.631428,59.97319,0,PMU,14503,2.898149,59.99067,0,14375.5,0.802257,59.88343,0,14505.8,-1.271953,60.09904,0,79.6358,2.757953,60.00816,0,98.4435,0.633387,59.99184,0,54.5953,-1.487222,59.99068,0,PMU,14466.4,2.391774,59.93356,0,14392.6,0.298660,59.92656,0,14533,4.502939,60.11773,0,78.9615,2.252093,59.99067,0,97.9671,0.130263,60.03730,0,54.3615,4.278704,60.05712,0,PMU
875,7.300000,14401.8,2.688698,60.01632,0,14439.7,0.596969,60.08859,0,14537.3,-1.490152,59.86828,0,78.5779,2.544016,59.96624,0,97.7793,0.415070,59.88809,0,54.8464,4.561025,59.80999,0,PMU,14413.1,2.885515,59.99534,0,14422.5,0.795055,60.09792,0,14555.9,-1.290444,59.88460,0,79.3055,2.744404,59.99184,0,98.4892,0.620526,60.00117,0,54.5818,-1.500827,59.99534,0,PMU,14504.5,-0.266436,59.98834,0,14377,3.920752,59.88580,0,14508.2,1.846632,60.10141,0,79.3601,-0.407870,59.98485,0,98.4577,3.752109,60.00699,0,54.5662,1.631733,60.00583,0,PMU,14411.7,2.897661,59.99067,0,14420.2,0.807323,60.09675,0,14555.4,-1.278176,59.88114,0,79.7072,2.756488,59.97202,0,98.3426,0.632349,59.98018,0,54.5822,-1.487527,59.99417,0,PMU,14387.1,2.394520,60.05246,0,14469.1,0.301834,60.06062,0,14534.7,4.496103,59.86944,0,78.8192,2.251727,59.99301,0,97.63,0.127273,59.94288,0,54.3585,4.274553,59.92073,0,PMU
876,7.308333,14491.2,2.686745,59.96270,0,14383.4,0.591171,59.88926,0,14513,-1.484414,60.10957,0,78.7247,2.544807,60.01511,0,98.5412,0.419647,60.08743,0,54.6468,4.569814,60.16786,0,PMU,14503.3,2.884966,59.98951,0,14376.5,0.789135,59.88693,0,14508.3,-1.285195,60.10025,0,79.3001,2.744038,59.99301,0,98.4881,0.619488,59.98018,0,54.5709,-1.501315,59.99068,0,PMU,14413.7,-0.266802,59.99301,0,14423.1,3.925757,60.09559,0,14555.3,1.840345,59.87994,0,79.2733,-0.408053,59.99650,0,98.4844,3.750766,59.97435,0,54.5164,1.630085,59.96853,0,PMU,14503.1,2.897111,59.98951,0,14375.5,0.801281,59.88460,0,14506.5,-1.272991,60.09904,0,79.7173,2.756855,60.00699,0,98.4792,0.632471,60.00233,0,54.6211,-1.488137,59.98834,0,PMU,14466.5,2.391041,59.93356,0,14393.2,0.298050,59.92773,0,14534.2,4.502268,60.11773,0,78.916,2.250994,59.98601,0,97.8288,0.129226,60.03730,0,54.3297,4.277849,60.06295,0,PMU
877,7.316667,14402.6,2.687661,60.01749,0,14440.5,0.595870,60.08976,0,14537.9,-1.491250,59.86944,0,78.6376,2.543222,59.96973,0,97.8261,0.413544,59.88343,0,54.8525,4.559743,59.80766,0,PMU,14413.2,2.884600,59.99301,0,14422.8,0.794140,60.09559,0,14555.4,-1.291360,59.88227,0,79.2835,2.743549,59.99067,0,98.4052,0.619366,59.99767,0,54.5322,-1.501865,59.98951,0,PMU,14504.3,-0.267474,59.98718,0,14377.6,3.919775,59.88576,0,14508.7,1.845594,60.10025,0,79.3048,-0.408969,59.98251,0,98.5986,3.751010,60.00466,0,54.5858,1.630085,60.00000,0,PMU,14412.3,2.896745,59.99301,0,14420.9,0.806346,60.09675,0,14555.8,-1.279153,59.88231,0,79.4838,2.754841,59.96153,0,98.5206,0.631617,59.98368,0,54.633,-1.488198,59.99883,0,PMU,14387.7,2.393910,60.05479,0,14469.3,0.301285,60.06178,0,14535.9,4.495554,59.87178,0,78.8417,2.251422,60.00816,0,97.609,0.126662,59.95104,0,54.3606,4.273882,59.92423,0,PMU
878,7.325000,14491.7,2.685708,59.96270,0,14384.2,0.590133,59.89043,0,14513.6,-1.485513,60.10957,0,78.7803,2.543771,60.01049,0,98.4614,0.418549,60.09559,0,54.7361,4.569692,60.19001,0,PMU,14503.2,2.883989,59.98834,0,14377.2,0.788097,59.88460,0,14507.9,-1.286233,60.09792,0,79.2801,2.743305,59.99534,0,98.3353,0.618268,59.97902,0,54.5031,-1.502414,59.98951,0,PMU,14414.1,-0.267779,59.99417,0,14423.8,3.924780,60.09559,0,14555.9,1.839369,59.88110,0,79.371,-0.408480,60.00933,0,98.5493,3.749485,59.97086,0,54.5613,1.629352,59.98601,0,PMU,14503.8,2.896318,59.99184,0,14376.2,0.800304,59.88460,0,14506.6,-1.273906,60.10021,0,79.4,2.755024,60.00350,0,98.517,0.631434,59.99650,0,54.6675,-1.488626,59.99184,0,PMU,14466.5,2.390492,59.93472,0,14392.9,0.297501,59.92773,0,14534.3,4.501719,60.11773,0,78.9637,2.250689,59.98601,0,97.942,0.128921,60.04313,0,54.3123,4.276934,60.05828,0,PMU
879,7.333333,14403.1,2.686562,60.01632,0,14440.8,0.594833,60.08976,0,14538.7,-1.492288,59.87061,0,78.6609,2.542368,59.97319,0,97.8404,0.412384,59.88227,0,54.9864,4.558644,59.78901,0,PMU,14413.2,2.883501,59.99067,0,14423.3,0.793041,60.09442,0,14555.5,-1.292458,59.88111,0,79.2632,2.742634,59.98718,0,98.3216,0.618756,60.00933,0,54.5123,-1.502780,59.99301,0,PMU,14504.5,-0.268450,59.98718,0,14378.1,3.918799,59.88576,0,14509,1.844618,60.10025,0,79.3936,-0.409518,59.98018,0,98.5628,3.750400,60.01749,0,54.6514,1.629536,60.00350,0,PMU,14412.3,2.895891,59.99184,0,14421.7,0.805431,60.09791,0,14555.2,-1.280069,59.88231,0,79.3417,2.753498,59.97086,0,98.3807,0.630396,59.98018,0,54.6104,-1.488992,59.99301,0,PMU,14387.8,2.393299,60.05362,0,14469.4,0.300674,60.06062,0,14536,4.494944,59.87061,0,78.8694,2.250872,60.00350,0,97.693,0.126113,59.94638,0,54.3741,4.273455,59.93356,0,PMU
880,7.341667,14492.6,2.684609,59.96270,0,14384.8,0.589095,59.89043,0,14515.2,-1.486490,60.11074,0,78.7859,2.542429,60.00117,0,98.3785,0.416962,60.08743,0,54.6959,4.567495,60.16902,0,PMU,14503.3,2.882891,59.98834,0,14377.4,0.786998,59.88460,0,14508.3,-1.287332,60.09791,0,79.2853,2.742085,59.98951,0,98.3958,0.617657,59.97902,0,54.5417,-1.502963,59.99650,0,PMU,14414.4,-0.268755,59.99417,0,14424,3.923804,60.09559,0,14556,1.838392,59.88110,0,79.3466,-0.409335,60.00350,0,98.6426,3.748203,59.95804,0,54.5524,1.628010,59.97086,0,PMU,14502.5,2.895402,59.99067,0,14375.7,0.799389,59.88460,0,14505.8,-1.274822,60.10021,0,79.3326,2.753986,60.00932,0,98.4555,0.630579,60.00350,0,54.613,-1.489480,59.99067,0,PMU,14466.7,2.389881,59.93472,0,14393,0.296890,59.92773,0,14534.3,4.501108,60.11773,0,78.9627,2.250201,59.98718,0,97.9644,0.128188,60.03963,0,54.361,4.276323,60.05479,0,PMU
881,7.350000,14404.6,2.685586,60.01865,0,14441.5,0.593795,60.08976,0,14539.1,-1.493264,59.87061,0,78.6447,2.541574,59.98368,0,97.7662,0.411591,59.89742,0,54.9552,4.558278,59.82398,0,PMU,14413.1,2.882463,59.99184,0,14423.3,0.792003,60.09559,0,14555.3,-1.293557,59.88111,0,79.2514,2.741291,59.98485,0,98.3047,0.617962,60.00583,0,54.5502,-1.503390,59.99184,0,PMU,14504.7,-0.269427,59.98718,0,14378.1,3.917822,59.88576,0,14509.2,1.843580,60.09908,0,79.3268,-0.410800,59.97202,0,98.5101,3.748874,60.01282,0,54.6204,1.628071,60.00117,0,PMU,14410.7,2.894975,59.99184,0,14419.8,0.804515,60.09791,0,14553.8,-1.280984,59.88231,0,79.3282,2.753071,59.98252,0,98.3814,0.629847,59.98601,0,54.5832,-1.489602,59.99767,0,PMU,14387.6,2.392750,60.05479,0,14469.8,0.300125,60.06178,0,14536,4.494334,59.87061,0,78.8821,2.250750,60.01049,0,97.538,0.125014,59.93938,0,54.3363,4.272417,59.92540,0,PMU
882,7.358333,14493.2,2.683694,59.96386,0,14385.4,0.588058,59.89043,0,14515.4,-1.487466,60.11074,0,78.7397,2.541391,59.99650,0,98.5238,0.416291,60.08976,0,54.7542,4.566396,60.15504,0,PMU,14503.5,2.881914,59.98951,0,14377.5,0.785963,59.88464,0,14508.2,-1.288369,60.09908,0,79.2904,2.741108,59.99650,0,98.3716,0.616925,59.98018,0,54.5304,-1.503757,59.99301,0,PMU,14414.7,-0.269732,59.99417,0,14424,3.922827,60.09559,0,14555.8,1.837355,59.88110,0,79.2984,-0.410617,60.00350,0,98.5137,3.747409,59.97202,0,54.5176,1.626972,59.97902,0,PMU,14500.5,2.894365,59.98834,0,14373.3,0.798412,59.88344,0,14504.3,-1.275798,60.09904,0,79.3313,2.753315,60.00466,0,98.4972,0.630152,60.00583,0,54.5709,-1.490579,59.98135,0,PMU,14466.5,2.389271,59.93356,0,14392.8,0.296341,59.92773,0,14534.5,4.500559,60.11889,0,78.9443,2.249591,59.97785,0,97.7519,0.127090,60.03963,0,54.3341,4.275408,60.05712,0,PMU
883,7.366667,14405.3,2.684548,60.01632,0,14442.5,0.592757,60.08976,0,14539.4,-1.494235,59.87072,0,78.6196,2.540720,59.98718,0,97.8597,0.410861,59.89630,0,54.8986,4.556081,59.80301,0,PMU,14413,2.881548,59.99301,0,14423.5,0.791027,60.09671,0,14554.6,-1.294534,59.88227,0,79.2728,2.740559,59.98951,0,98.3764,0.616803,59.99767,0,54.5138,-1.504367,59.98834,0,PMU,14504.1,-0.270403,59.98718,0,14378.1,3.916785,59.88460,0,14509.1,1.842542,60.09908,0,79.2188,-0.412384,59.96624,0,98.6255,3.748020,60.01166,0,54.5834,1.626606,59.99301,0,PMU,14409,2.893938,59.99184,0,14417.8,0.803417,60.09558,0,14551.3,-1.282083,59.87998,0,79.294,2.752399,59.98251,0,98.4604,0.629237,59.98251,0,54.5249,-1.490762,59.99650,0,PMU,14387.3,2.392140,60.05479,0,14469.6,0.299515,60.06062,0,14535.9,4.493723,59.86945,0,78.8736,2.250018,60.00816,0,97.4882,0.124404,59.94871,0,54.3341,4.271563,59.92656,0,PMU
884,7.375000,14493.6,2.682656,59.96387,0,14385.8,0.587081,59.89159,0,14515.7,-1.488504,60.10946,0,78.754,2.540292,59.99184,0,98.4981,0.415558,60.08972,0,54.7416,4.566152,60.19233,0,PMU,14503.1,2.880937,59.98834,0,14377.3,0.785016,59.88521,0,14507,-1.289346,60.09908,0,79.2685,2.740009,59.98951,0,98.2989,0.615948,59.98368,0,54.5182,-1.504184,60.00350,0,PMU,14414.2,-0.270831,59.99184,0,14424,3.921789,60.09559,0,14555.5,1.836256,59.87994,0,79.244,-0.411835,60.01049,0,98.4881,3.746189,59.96503,0,54.4941,1.625995,59.98834,0,PMU,14498,2.893328,59.98835,0,14371.4,0.797313,59.88344,0,14501.9,-1.276895,60.09908,0,79.277,2.752338,59.99883,0,98.5317,0.628992,59.99534,0,54.5296,-1.491494,59.98601,0,PMU,14466,2.388661,59.93356,0,14392.7,0.295669,59.92656,0,14534.3,4.499888,60.11773,0,78.9505,2.248919,59.97902,0,97.8378,0.126235,60.03497,0,54.3021,4.274309,60.05246,0,PMU
885,7.383333,14405.1,2.683511,60.01632,0,14442.6,0.591720,60.08859,0,14539.5,-1.495334,59.86955,0,78.7033,2.540231,59.99883,0,97.8774,0.409945,59.89280,0,54.9591,4.555288,59.79251,0,PMU,14412.9,2.880510,59.99184,0,14423,0.789989,60.09497,0,14554.7,-1.295510,59.88227,0,79.2339,2.739460,59.98951,0,98.3513,0.615704,59.99534,0,54.523,-1.505099,59.98251,0,PMU,14503.8,-0.271563,59.98601,0,14377.8,3.915686,59.88343,0,14508.8,1.841444,60.09908,0,79.2993,-0.413178,59.97435,0,98.5925,3.747531,60.02564,0,54.6051,1.625751,59.99534,0,PMU,14407.4,2.892839,59.99067,0,14416.5,0.802379,60.09675,0,14549.6,-1.283120,59.88110,0,79.2336,2.751056,59.97552,0,98.3559,0.628155,59.98401,0,54.5527,-1.491433,60.00117,0,PMU,14387.6,2.391468,60.05362,0,14470.3,0.298904,60.06178,0,14536.3,4.493052,59.86945,0,78.8969,2.249346,60.00816,0,97.5081,0.123855,59.95454,0,54.3864,4.271380,59.94405,0,PMU
886,7.391667,14493.7,2.681558,59.96270,0,14385.9,0.586044,59.89159,0,14516.3,-1.489541,60.11063,0,78.7731,2.539316,59.98251,0,98.4872,0.414765,60.09205,0,54.677,4.564199,60.17018,0,PMU,14503.3,2.879900,59.98834,0,14376.8,0.783920,59.88409,0,14507.1,-1.290322,60.09908,0,79.2644,2.739216,59.99534,0,98.4632,0.615094,59.98834,0,54.5428,-1.505038,60.00117,0,PMU,14413.3,-0.271929,59.99301,0,14423.6,3.920630,60.09442,0,14554.6,1.835096,59.87877,0,79.3428,-0.412506,60.01282,0,98.6789,3.745884,59.96853,0,54.5101,1.625263,59.99067,0,PMU,14497.4,2.892290,59.98951,0,14370.5,0.796276,59.88344,0,14501.5,-1.277993,60.09792,0,79.2609,2.751117,60.00117,0,98.4397,0.627484,59.98718,0,54.5949,-1.492166,59.98601,0,PMU,14466.7,2.388111,59.93589,0,14394,0.295120,59.92773,0,14535,4.499277,60.11889,0,78.9672,2.248614,59.98601,0,97.8907,0.125808,60.03730,0,54.4133,4.273882,60.04779,0,PMU
887,7.400000,14405,2.682473,60.01749,0,14443,0.590682,60.08859,0,14539.5,-1.496371,59.86955,0,78.6717,2.539377,60.00117,0,97.972,0.409457,59.89863,0,54.9087,4.554861,59.82166,0,PMU,14412.9,2.879534,59.99301,0,14422.9,0.788891,60.09493,0,14554.3,-1.296548,59.88111,0,79.3207,2.738972,59.99534,0,98.5762,0.614728,59.99301,0,54.5726,-1.505710,59.98718,0,PMU,14503.2,-0.272662,59.98601,0,14377.8,3.914526,59.88343,0,14508.4,1.840223,60.09792,0,79.324,-0.413971,59.97202,0,98.741,3.746738,60.01632,0,54.6108,1.624653,59.98834,0,PMU,14406.9,2.891802,59.99067,0,14415.9,0.801403,60.09792,0,14549.4,-1.284158,59.88227,0,79.2191,2.750202,59.98251,0,98.2848,0.627057,59.99184,0,54.6141,-1.492105,60.00117,0,PMU,14387.9,2.390919,60.05362,0,14470.6,0.298355,60.06178,0,14536.5,4.492442,59.86945,0,78.8633,2.248492,59.99767,0,97.5177,0.123244,59.95104,0,54.3685,4.270464,59.93472,0,PMU
888,7.408333,14493.4,2.680520,59.96270,0,14385.9,0.584945,59.89043,0,14516,-1.490640,60.10946,0,78.7348,2.538217,59.97785,0,98.5669,0.413544,60.07806,0,54.7275,4.563100,60.15736,0,PMU,14503.1,2.878923,59.98834,0,14377.4,0.782882,59.88525,0,14507,-1.291360,60.09908,0,79.4021,2.738361,59.98834,0,98.5746,0.614361,59.99301,0,54.5976,-1.505649,60.00117,0,PMU,14413.3,-0.273028,59.99301,0,14424,3.919470,60.09442,0,14555,1.834015,59.88143,0,79.3821,-0.413483,60.00933,0,98.7028,3.745273,59.97202,0,54.5161,1.624409,59.99534,0,PMU,14497.3,2.891313,59.99067,0,14370.1,0.795421,59.88576,0,14502.1,-1.278848,60.10141,0,79.2764,2.750324,60.00233,0,98.4594,0.626935,59.99767,0,54.6391,-1.493081,59.98135,0,PMU,14467,2.387519,59.93505,0,14393.9,0.294512,59.92660,0,14535.5,4.498667,60.11889,0,78.9196,2.247454,59.98018,0,97.7672,0.124587,60.02565,0,54.3453,4.272844,60.04546,0,PMU
889,7.416667,14405.1,2.681375,60.01632,0,14443.2,0.589584,60.08859,0,14539.5,-1.497470,59.86955,0,78.6855,2.538217,60.00000,0,97.8878,0.408297,59.89979,0,54.8717,4.553762,59.82166,0,PMU,14412.6,2.878557,59.99301,0,14423.1,0.787914,60.09610,0,14554.5,-1.297524,59.88227,0,79.3817,2.737629,59.98601,0,98.5407,0.613446,59.98251,0,54.5738,-1.506808,59.97785,0,PMU,14503.4,-0.273699,59.98718,0,14378.1,3.913428,59.88460,0,14508.4,1.839186,60.09875,0,79.3267,-0.415070,59.96969,0,98.8395,3.745517,60.00466,0,54.6153,1.623371,59.98018,0,PMU,14406.8,2.890947,59.99301,0,14415.8,0.800548,60.09792,0,14549.2,-1.285012,59.88227,0,79.2286,2.749958,59.99301,0,98.4149,0.626385,59.98951,0,54.6347,-1.493325,59.99534,0,PMU,14388.5,2.390309,60.05329,0,14470.8,0.297623,60.05941,0,14536.7,4.491770,59.86828,0,78.8463,2.247698,60.00466,0,97.4935,0.122451,59.95921,0,54.3408,4.269443,59.93505,0,PMU
890,7.425000,14493.5,2.679482,59.96386,0,14385.9,0.583846,59.89043,0,14515.7,-1.491738,60.10946,0,78.7375,2.536936,59.97552,0,98.4772,0.412445,60.07922,0,54.7215,4.562978,60.17601,0,PMU,14502.9,2.877964,59.98868,0,14377.2,0.782028,59.88758,0,14507.4,-1.292275,60.10025,0,79.431,2.737324,59.99417,0,98.4253,0.613141,59.99417,0,54.5716,-1.506625,60.00350,0,PMU,14413.3,-0.274004,59.99417,0,14424.3,3.918494,60.09675,0,14554.8,1.832916,59.88027,0,79.4479,-0.414643,60.00816,0,98.496,3.743564,59.96270,0,54.5339,1.623615,60.00466,0,PMU,14497,2.890459,59.99067,0,14369.6,0.794567,59.88576,0,14501.4,-1.279763,60.10025,0,79.2925,2.750324,60.00699,0,98.4394,0.625714,59.98718,0,54.6609,-1.493814,59.99067,0,PMU,14467,2.386786,59.93272,0,14394.1,0.293780,59.92660,0,14535.4,4.497934,60.11773,0,78.9285,2.246661,59.98018,0,97.8576,0.123916,60.02797,0,54.3227,4.271990,60.04863,0,PMU
891,7.433333,14404.5,2.680276,60.01515,0,14443.2,0.588424,60.08743,0,14539.6,-1.498630,59.86839,0,78.728,2.536997,60.00117,0,97.9077,0.407076,59.89746,0,54.9385,4.552602,59.80184,0,PMU,14413,2.877598,59.99301,0,14422.7,0.786998,60.09493,0,14555,-1.298379,59.88343,0,79.3809,2.736347,59.98135,0,98.4404,0.612225,59.98252,0,54.5375,-1.507846,59.97669,0,PMU,14503.5,-0.274676,59.98718,0,14377.9,3.912451,59.88460,0,14508.3,1.838148,60.09992,0,79.3606,-0.416291,59.96853,0,98.6008,3.744419,60.01632,0,54.6406,1.622455,59.97785,0,PMU,14406.5,2.890032,59.99184,0,14415.1,0.799633,60.09675,0,14548.4,-1.285867,59.88343,0,79.2599,2.749653,59.98718,0,98.3526,0.625104,59.98834,0,54.6337,-1.494296,59.99078,0,PMU,14388.9,2.389576,60.05329,0,14471.3,0.296890,60.05941,0,14536.3,4.491038,59.86828,0,78.8609,2.246905,60.00466,0,97.5375,0.122146,59.96620,0,54.3803,4.269932,59.96069,0,PMU
892,7.441667,14493.2,2.678262,59.96153,0,14385.9,0.582687,59.89043,0,14515.7,-1.492959,60.10830,0,78.7658,2.535898,59.97902,0,98.4334,0.411044,60.07577,0,54.6965,4.561208,60.16436,0,PMU,14503.6,2.877049,59.98951,0,14377.2,0.781112,59.88758,0,14508,-1.293130,60.10025,0,79.3888,2.735859,59.99067,0,98.4861,0.612592,60.00699,0,54.5575,-1.507724,60.00233,0,PMU,14413.4,-0.275042,59.99301,0,14424.3,3.917456,60.09559,0,14554.1,1.831940,59.88143,0,79.4359,-0.415741,60.01049,0,98.4996,3.742466,59.96270,0,54.5165,1.622517,60.00117,0,PMU,14496.7,2.889604,59.99184,0,14369.3,0.793651,59.88576,0,14500.8,-1.280679,60.09908,0,79.2465,2.749408,59.99534,0,98.4629,0.624127,59.98135,0,54.6346,-1.494907,59.98834,0,PMU,14467,2.386054,59.93272,0,14393.9,0.293047,59.92660,0,14535.2,4.497202,60.11773,0,78.9156,2.245929,59.98135,0,97.8789,0.123183,60.01981,0,54.4109,4.271502,60.02998,0,PMU
893,7.450000,14404.8,2.679116,60.01632,0,14443.1,0.587264,60.08743,0,14539.2,-1.499789,59.86955,0,78.7566,2.536020,60.00233,0,97.9227,0.406039,59.90441,0,54.9266,4.551443,59.81350,0,PMU,14413,2.876743,59.99417,0,14422.8,0.786144,60.09610,0,14554.7,-1.299294,59.88227,0,79.3525,2.735554,59.99417,0,98.4867,0.611188,59.97319,0,54.5292,-1.509006,59.97552,0,PMU,14502.9,-0.275652,59.98834,0,14377.8,3.911353,59.88343,0,14507.6,1.837110,60.09875,0,79.295,-0.417023,59.97552,0,98.5693,3.742649,60.00350,0,54.5558,1.620869,59.96853,0,PMU,14406.4,2.889177,59.99184,0,14415.1,0.798656,60.09559,0,14548.2,-1.286843,59.88227,0,79.2016,2.748615,59.98485,0,98.3803,0.624249,60.00233,0,54.6294,-1.495456,59.98951,0,PMU,14388.1,2.388783,60.05212,0,14471.2,0.296158,60.05941,0,14535.9,4.490244,59.86712,0,78.7811,2.245990,60.00117,0,97.4609,0.121292,59.96387,0,54.3391,4.268040,59.93388,0,PMU
894,7.458333,14493.4,2.677163,59.96270,0,14386.1,0.581588,59.89160,0,14515.8,-1.494052,60.10957,0,78.7457,2.535043,59.98135,0,98.5282,0.409884,60.07344,0,54.7197,4.559072,60.14571,0,PMU,14503.5,2.876072,59.98718,0,14377.1,0.780136,59.88525,0,14507.8,-1.294045,60.10025,0,79.3776,2.734821,59.98601,0,98.4164,0.611554,60.00699,0,54.5627,-1.508762,60.00466,0,PMU,14413,-0.276019,59.99301,0,14424.4,3.916418,60.09675,0,14553.8,1.830902,59.88143,0,79.415,-0.416779,60.00466,0,98.535,3.741794,59.98368,0,54.4809,1.621723,60.01632,0,PMU,14496.2,2.888628,59.98951,0,14369.5,0.792675,59.88576,0,14501.3,-1.281655,60.09908,0,79.1999,2.748249,59.99301,0,98.5337,0.623761,59.99067,0,54.6331,-1.496188,59.98601,0,PMU,14466.5,2.385199,59.93156,0,14393.3,0.292254,59.92544,0,14535.3,4.496409,60.11773,0,78.8428,2.244586,59.97319,0,97.7433,0.122085,60.01515,0,54.292,4.270037,60.03814,0,PMU
895,7.466667,14404.6,2.678018,60.01632,0,14443.6,0.586166,60.08742,0,14538.9,-1.500888,59.86944,0,78.7009,2.534372,59.98718,0,97.8502,0.404818,59.90325,0,54.8644,4.549367,59.81466,0,PMU,14413.4,2.875767,59.99417,0,14422.7,0.785138,60.09554,0,14555.1,-1.300271,59.88110,0,79.3287,2.734516,59.99417,0,98.4968,0.610150,59.97319,0,54.516,-1.510165,59.97319,0,PMU,14502.3,-0.276690,59.98718,0,14376.6,3.910315,59.88344,0,14507.2,1.836134,60.09992,0,79.2822,-0.417939,59.97785,0,98.7817,3.741794,60.00000,0,54.5483,1.619953,59.96620,0,PMU,14406.1,2.888140,59.99067,0,14415.1,0.797680,60.09559,0,14548.3,-1.287820,59.88227,0,79.1981,2.747638,59.98834,0,98.3869,0.623944,60.00350,0,54.5986,-1.496616,59.99184,0,PMU,14388.3,2.387946,60.05246,0,14471.3,0.295303,60.05824,0,14536.4,4.489512,59.86828,0,78.8605,2.245318,60.01399,0,97.5243,0.120864,59.97669,0,54.3258,4.267551,59.95253,0,PMU
896,7.475000,14492.6,2.676003,59.96153,0,14385.9,0.580490,59.89160,0,14515.3,-1.495273,60.10724,0,78.6977,2.533579,59.98485,0,98.4038,0.408724,60.07460,0,54.6913,4.558034,60.16553,0,PMU,14504.5,2.875157,59.98834,0,14377,0.779159,59.88580,0,14508.2,-1.294961,60.10141,0,79.3601,2.733723,59.98485,0,98.4577,0.610516,60.00699,0,54.5662,-1.509860,60.00583,0,PMU,14412.1,-0.277117,59.99184,0,14423.7,3.915320,60.09558,0,14553,1.829804,59.87910,0,79.3915,-0.418000,59.99883,0,98.5696,3.740451,59.97435,0,54.4726,1.620258,60.00583,0,PMU,14496,2.887590,59.98951,0,14369.4,0.791759,59.88693,0,14501.5,-1.282632,60.09908,0,79.2198,2.747272,59.99301,0,98.4017,0.622906,59.98018,0,54.5988,-1.497287,59.98718,0,PMU,14466.9,2.384528,59.93472,0,14393.7,0.291521,59.92777,0,14535.6,4.495676,60.11773,0,78.9452,2.244159,59.97785,0,97.8692,0.121536,60.01282,0,54.297,4.269321,60.03380,0,PMU
897,7.483333,14403.6,2.676797,60.01515,0,14443.4,0.584945,60.08509,0,14538.5,-1.502170,59.86828,0,78.7088,2.533151,59.99184,0,97.9133,0.403964,59.90908,0,54.9521,4.548147,59.81116,0,PMU,14413.7,2.874790,59.99301,0,14423.1,0.784164,60.09559,0,14555.3,-1.301247,59.87994,0,79.2733,2.733540,59.99650,0,98.4844,0.609174,59.97435,0,54.5164,-1.511508,59.96853,0,PMU,14501.7,-0.277850,59.98601,0,14375.9,3.909156,59.88227,0,14506.5,1.834974,60.09875,0,79.2795,-0.418732,59.98601,0,98.7498,3.740574,60.00233,0,54.5329,1.618610,59.96853,0,PMU,14407.6,2.887102,59.99067,0,14416,0.796703,60.09442,0,14549.9,-1.288797,59.88227,0,79.2445,2.746601,59.98718,0,98.3036,0.622784,59.99767,0,54.6127,-1.497775,59.99067,0,PMU,14388.6,2.387335,60.05362,0,14471.4,0.294634,60.05945,0,14536.1,4.488841,59.86944,0,78.8797,2.244647,60.00933,0,97.623,0.120498,59.98018,0,54.3685,4.267063,59.95687,0,PMU
898,7.491667,14492.4,2.674722,59.96037,0,14385.7,0.579208,59.89043,0,14515.4,-1.496493,60.10841,0,78.734,2.532663,59.99067,0,98.4652,0.407931,60.07577,0,54.7327,4.556753,60.16436,0,PMU,14504.3,2.874119,59.98718,0,14377.6,0.778183,59.88576,0,14508.7,-1.295998,60.10025,0,79.3048,2.732624,59.98251,0,98.5986,0.609418,60.00466,0,54.5858,-1.511508,60.00000,0,PMU,14411.2,-0.278277,59.99184,0,14423.8,3.914160,60.09558,0,14552.4,1.828644,59.87910,0,79.3828,-0.419159,59.99184,0,98.7211,3.739536,59.98018,0,54.4624,1.618976,60.00699,0,PMU,14499.5,2.886614,59.99067,0,14371.9,0.790783,59.88693,0,14504.3,-1.283548,60.10025,0,79.2922,2.746174,59.99184,0,98.4391,0.621625,59.97785,0,54.6459,-1.498508,59.98601,0,PMU,14467.1,2.383917,59.93472,0,14393.8,0.290911,59.92889,0,14535.6,4.495066,60.11890,0,78.899,2.243182,59.97202,0,97.87,0.120681,60.00350,0,54.3214,4.269260,60.04196,0,PMU
899,7.500000,14403.6,2.675637,60.01749,0,14443.7,0.583785,60.08742,0,14538.9,-1.503329,59.86944,0,78.7143,2.531931,59.98601,0,98.0151,0.403353,59.91257,0,54.9624,4.547720,59.82748,0,PMU,14414.1,2.873814,59.99417,0,14423.8,0.783188,60.09559,0,14555.9,-1.302224,59.88110,0,79.371,2.733112,60.00933,0,98.5493,0.607892,59.97086,0,54.5613,-1.512240,59.98601,0,PMU,14501.7,-0.278948,59.98718,0,14376,3.908057,59.88344,0,14506.2,1.833893,60.10025,0,79.2505,-0.419831,59.98718,0,98.7663,3.739536,60.00000,0,54.5012,1.617634,59.97435,0,PMU,14410.1,2.886308,59.99417,0,14419.2,0.795848,60.09675,0,14552.8,-1.289651,59.88343,0,79.2465,2.745380,59.98485,0,98.379,0.621564,59.99883,0,54.5991,-1.499728,59.97669,0,PMU,14388.2,2.386725,60.05362,0,14471.3,0.294024,60.05945,0,14535.8,4.488169,59.86828,0,78.8202,2.243609,60.00816,0,97.5034,0.119705,59.98135,0,54.343,4.266514,59.94754,0,PMU
900,7.508333,14491.7,2.673623,59.96153,0,14385.2,0.578109,59.89160,0,14514.7,-1.497653,60.10841,0,78.7211,2.531381,59.98951,0,98.4856,0.406649,60.06295,0,54.7228,4.555532,60.14921,0,PMU,14504.5,2.873142,59.98718,0,14378.1,0.777206,59.88576,0,14509,-1.296975,60.10025,0,79.3936,2.732075,59.98018,0,98.5628,0.608807,60.01749,0,54.6514,-1.512057,60.00350,0,PMU,14411,-0.279375,59.99185,0,14424,3.913000,60.09442,0,14552.6,1.827545,59.87877,0,79.3586,-0.420685,59.98368,0,98.6612,3.738989,59.98955,0,54.462,1.618122,60.00933,0,PMU,14502.1,2.885759,59.98951,0,14374.8,0.789928,59.88693,0,14507.5,-1.284402,60.10025,0,79.2697,2.744831,59.98951,0,98.487,0.620465,59.97902,0,54.5768,-1.500583,59.98368,0,PMU,14466.4,2.383246,59.93356,0,14393.7,0.290240,59.92773,0,14535.4,4.494334,60.11773,0,78.8463,2.242145,59.97202,0,97.7242,0.119644,59.99883,0,54.2944,4.268467,60.03730,0,PMU
901,7.516667,14402.4,2.674478,60.01632,0,14442.7,0.582626,60.08626,0,14537.2,-1.504489,59.86944,0,78.7332,2.530588,59.98485,0,97.7451,0.401583,59.90325,0,54.9069,4.546560,59.82864,0,PMU,14414.4,2.872837,59.99417,0,14424,0.782211,60.09559,0,14556,-1.303201,59.88110,0,79.3466,2.732258,60.00350,0,98.6426,0.606610,59.95804,0,54.5524,-1.513583,59.97086,0,PMU,14501.8,-0.280047,59.98718,0,14376,3.906958,59.88460,0,14506.7,1.832794,60.10025,0,79.2525,-0.420990,59.99417,0,98.8635,3.738623,59.99301,0,54.4347,1.615683,59.95341,0,PMU,14413.1,2.885515,59.99534,0,14422.5,0.795055,60.09792,0,14555.9,-1.290444,59.88460,0,79.3055,2.744404,59.99184,0,98.4892,0.620526,60.00117,0,54.5818,-1.500827,59.99534,0,PMU,14388,2.385993,60.05246,0,14471.4,0.293352,60.05945,0,14535.3,4.487437,59.86828,0,78.8689,2.243243,60.02098,0,97.5308,0.119094,59.98951,0,54.4262,4.265415,59.94172,0,PMU
902,7.525000,14490.2,2.672402,59.96037,0,14384.3,0.576950,59.89160,0,14513.1,-1.498935,60.10608,0,78.7968,2.530222,59.99301,0,98.2544,0.405245,60.06994,0,54.7333,4.555471,60.17019,0,PMU,14504.7,2.872166,59.98718,0,14378.1,0.776230,59.88576,0,14509.2,-1.298013,60.09908,0,79.3268,2.730793,59.97202,0,98.5101,0.607282,60.01282,0,54.6204,-1.513522,60.00117,0,PMU,14411,-0.280474,59.99184,0,14424.3,3.911902,60.09442,0,14553,1.826447,59.87877,0,79.4251,-0.421784,59.98485,0,98.7241,3.738012,59.98834,0,54.3642,1.616354,60.01282,0,PMU,14503.3,2.884966,59.98951,0,14376.5,0.789135,59.88693,0,14508.3,-1.285195,60.10025,0,79.3001,2.744038,59.99301,0,98.4881,0.619488,59.98018,0,54.5709,-1.501315,59.99068,0,PMU,14466.6,2.382575,59.93472,0,14393.8,0.289568,59.92773,0,14535.4,4.493662,60.11890,0,78.8818,2.242022,59.97669,0,97.8293,0.119277,60.00350,0,54.37,4.268101,60.05129,0,PMU
903,7.533333,14401.6,2.673196,60.01515,0,14441.8,0.581344,60.08393,0,14536.4,-1.505771,59.86944,0,78.7676,2.529367,59.98368,0,97.7633,0.400363,59.90675,0,54.9924,4.545827,59.81582,0,PMU,14414.7,2.871861,59.99417,0,14424,0.781234,60.09559,0,14555.8,-1.304238,59.88110,0,79.2984,2.730976,60.00350,0,98.5137,0.605817,59.97202,0,54.5176,-1.514621,59.97902,0,PMU,14502.6,-0.281084,59.98834,0,14376.9,3.905921,59.88577,0,14507.4,1.831696,60.10025,0,79.3586,-0.421479,60.00583,0,98.8895,3.738012,60.00000,0,54.4221,1.615194,59.97785,0,PMU,14413.2,2.884600,59.99301,0,14422.8,0.794140,60.09559,0,14555.4,-1.291360,59.88227,0,79.2835,2.743549,59.99067,0,98.4052,0.619366,59.99767,0,54.5322,-1.501865,59.98951,0,PMU,14388.2,2.385382,60.05362,0,14471.8,0.292681,60.05945,0,14535.5,4.486765,59.86828,0,78.8327,2.242755,60.01399,0,97.5823,0.118728,59.98951,0,54.5144,4.266880,59.97669,0,PMU
904,7.541667,14489.1,2.671121,59.96037,0,14383.1,0.575607,59.89043,0,14512.1,-1.500217,60.10608,0,78.7978,2.529123,59.99534,0,98.2868,0.404391,60.07693,0,54.7567,4.554311,60.16203,0,PMU,14504.1,2.871189,59.98718,0,14378.1,0.775192,59.88460,0,14509.1,-1.299050,60.09908,0,79.2188,2.729208,59.96624,0,98.6255,0.606427,60.01166,0,54.5834,-1.514987,59.99301,0,PMU,14411.4,-0.281450,59.99301,0,14425,3.910864,60.09442,0,14553.1,1.825470,59.88110,0,79.4553,-0.422821,59.97435,0,98.8305,3.737402,59.98834,0,54.4135,1.615561,60.00699,0,PMU,14503.2,2.883989,59.98834,0,14377.2,0.788097,59.88460,0,14507.9,-1.286233,60.09792,0,79.2801,2.743305,59.99534,0,98.3353,0.618268,59.97902,0,54.5031,-1.502414,59.98951,0,PMU,14466.8,2.382025,59.93589,0,14394.2,0.288958,59.92889,0,14535.6,4.492991,60.11890,0,78.8013,2.241473,59.97552,0,97.69,0.118606,59.99767,0,54.4588,4.268955,60.03963,0,PMU
905,7.550000,14400.7,2.671914,60.01515,0,14441.1,0.580001,60.08393,0,14535.2,-1.507114,59.86828,0,78.7484,2.528086,59.98019,0,97.8668,0.399630,59.90908,0,55.0279,4.545034,59.82282,0,PMU,14414.2,2.870762,59.99184,0,14424,0.780197,60.09559,0,14555.5,-1.305337,59.87994,0,79.244,2.729758,60.01049,0,98.4881,0.604596,59.96503,0,54.4941,-1.515597,59.98834,0,PMU,14502.7,-0.282122,59.98718,0,14377.1,3.904883,59.88577,0,14507.6,1.830719,60.10025,0,79.3214,-0.422699,60.00233,0,98.8366,3.736914,59.99067,0,54.4177,1.614279,59.97552,0,PMU,14413.2,2.883501,59.99067,0,14423.3,0.793041,60.09442,0,14555.5,-1.292458,59.88111,0,79.2632,2.742634,59.98718,0,98.3216,0.618756,60.00933,0,54.5123,-1.502780,59.99301,0,PMU,14388.2,2.384894,60.05479,0,14472.5,0.292132,60.06062,0,14535.4,4.486155,59.86944,0,78.8099,2.242145,60.01282,0,97.4352,0.117568,59.98018,0,54.5166,4.265964,59.94288,0,PMU
906,7.558333,14488.7,2.669839,59.96037,0,14383.2,0.574386,59.89276,0,14512.1,-1.501498,60.10724,0,78.8096,2.527720,59.99301,0,98.3966,0.403231,60.06878,0,54.7916,4.552846,60.14921,0,PMU,14503.8,2.870030,59.98601,0,14377.8,0.774093,59.88343,0,14508.8,-1.300149,60.09908,0,79.2993,2.728415,59.97435,0,98.5925,0.605939,60.02564,0,54.6051,-1.515841,59.99534,0,PMU,14411.8,-0.282427,59.99417,0,14425.4,3.909888,60.09559,0,14553.2,1.824433,59.87994,0,79.3842,-0.424286,59.96969,0,98.7594,3.736669,59.99534,0,54.4095,1.614401,60.00233,0,PMU,14503.3,2.882891,59.98834,0,14377.4,0.786998,59.88460,0,14508.3,-1.287332,60.09791,0,79.2853,2.742085,59.98951,0,98.3958,0.617657,59.97902,0,54.5417,-1.502963,59.99650,0,PMU,14466.8,2.381415,59.93356,0,14394.5,0.288408,59.92889,0,14535.9,4.492381,60.11890,0,78.8511,2.241046,59.97902,0,97.5373,0.117752,60.00350,0,54.4339,4.268589,60.05012,0,PMU
907,7.566667,14400.8,2.670693,60.01632,0,14441.7,0.578842,60.08509,0,14535.4,-1.508334,59.86944,0,78.7691,2.526926,59.98485,0,97.8206,0.398165,59.90325,0,54.9826,4.543264,59.81699,0,PMU,14413.3,2.869663,59.99301,0,14423.6,0.779037,60.09442,0,14554.6,-1.306496,59.87877,0,79.3428,2.729086,60.01282,0,98.6789,0.604291,59.96853,0,54.5101,-1.516330,59.99067,0,PMU,14503.1,-0.283159,59.98601,0,14377,3.903845,59.88460,0,14508,1.829682,60.10025,0,79.3065,-0.423798,60.00933,0,98.9188,3.735815,59.98368,0,54.4056,1.613058,59.97435,0,PMU,14413.1,2.882463,59.99184,0,14423.3,0.792003,60.09559,0,14555.3,-1.293557,59.88111,0,79.2514,2.741291,59.98485,0,98.3047,0.617962,60.00583,0,54.5502,-1.503390,59.99184,0,PMU,14388.7,2.384223,60.05362,0,14472.5,0.291521,60.05945,0,14536.1,4.485606,59.87061,0,78.912,2.241717,60.01282,0,97.4581,0.117385,59.99301,0,54.5435,4.265110,59.93356,0,PMU
908,7.575000,14488.8,2.668740,59.96270,0,14383.6,0.573288,59.89392,0,14512.3,-1.502658,60.10841,0,78.8046,2.526499,59.99184,0,98.2939,0.401950,60.07227,0,54.7727,4.552297,60.17252,0,PMU,14503.2,2.868931,59.98601,0,14377.8,0.772934,59.88343,0,14508.4,-1.301369,60.09792,0,79.324,2.727621,59.97202,0,98.741,0.605145,60.01632,0,54.6108,-1.516940,59.98834,0,PMU,14412.2,-0.283404,59.99534,0,14426.2,3.908850,60.09559,0,14553.9,1.823456,59.88110,0,79.4338,-0.425446,59.96853,0,98.753,3.735327,59.99067,0,54.4132,1.613058,60.00000,0,PMU,14503.5,2.881914,59.98951,0,14377.5,0.785963,59.88464,0,14508.2,-1.288369,60.09908,0,79.2904,2.741108,59.99650,0,98.3716,0.616925,59.98018,0,54.5304,-1.503757,59.99301,0,PMU,14467.5,2.380866,59.93589,0,14394.7,0.287798,59.92889,0,14535.9,4.491831,60.11890,0,78.9091,2.240985,59.98601,0,97.7539,0.117874,60.00933,0,54.4514,4.268101,60.05712,0,PMU
909,7.583333,14400.9,2.669595,60.01632,0,14442.2,0.577743,60.08509,0,14536.2,-1.509494,59.86945,0,78.7703,2.525888,59.98834,0,97.8245,0.396639,59.89859,0,54.9719,4.541557,59.79488,0,PMU,14413.3,2.868565,59.99301,0,14424,0.777877,60.09442,0,14555,-1.307578,59.88143,0,79.3821,2.728110,60.00933,0,98.7028,0.603681,59.97202,0,54.5161,-1.517184,59.99534,0,PMU,14503.9,-0.284136,59.98601,0,14377.8,3.902930,59.88693,0,14508.6,1.828827,60.10258,0,79.4473,-0.424347,60.02098,0,98.8392,3.735144,59.99650,0,54.4098,1.612448,59.98834,0,PMU,14413,2.881548,59.99301,0,14423.5,0.791027,60.09671,0,14554.6,-1.294534,59.88227,0,79.2728,2.740559,59.98951,0,98.3764,0.616803,59.99767,0,54.5138,-1.504367,59.98834,0,PMU,14389.1,2.383673,60.05362,0,14472.7,0.290911,60.05945,0,14536,4.484995,59.86944,0,78.9297,2.241046,60.00117,0,97.5346,0.117019,59.98368,0,54.5822,4.264500,59.93122,0,PMU
910,7.591667,14489.5,2.667644,59.96274,0,14384.1,0.572189,59.89392,0,14513.6,-1.503696,60.11073,0,78.7853,2.525034,59.98368,0,98.2801,0.400912,60.08160,0,54.6722,4.550527,60.17131,0,PMU,14503.4,2.867893,59.98718,0,14378.1,0.771835,59.88460,0,14508.4,-1.302407,60.09875,0,79.3267,2.726523,59.96969,0,98.8395,0.603925,60.00466,0,54.6153,-1.518222,59.98018,0,PMU,14412.8,-0.284258,59.99767,0,14427.1,3.907996,60.09675,0,14553.8,1.822602,59.88110,0,79.4094,-0.426300,59.96270,0,98.7921,3.734350,59.98485,0,54.4035,1.612204,59.99534,0,PMU,14503.1,2.880937,59.98834,0,14377.3,0.785016,59.88521,0,14507,-1.289346,60.09908,0,79.2685,2.740009,59.98951,0,98.2989,0.615948,59.98368,0,54.5182,-1.504184,60.00350,0,PMU,14467.4,2.380316,59.93589,0,14395,0.287249,59.93006,0,14535.8,4.491221,60.11890,0,78.9081,2.240497,59.98951,0,97.6981,0.117324,60.00583,0,54.4875,4.267429,60.05595,0,PMU
911,7.600000,14401.3,2.668618,60.01861,0,14442.9,0.576706,60.08626,0,14536.9,-1.510470,59.87061,0,78.7688,2.524729,59.99417,0,97.8821,0.396090,59.90791,0,54.9055,4.540703,59.81237,0,PMU,14413.3,2.867588,59.99417,0,14424.3,0.776901,60.09675,0,14554.8,-1.308676,59.88027,0,79.4479,2.726950,60.00816,0,98.496,0.601972,59.96270,0,54.5339,-1.517977,60.00466,0,PMU,14504.4,-0.284929,59.98718,0,14378.3,3.902075,59.88693,0,14508.3,1.827973,60.10258,0,79.3473,-0.425385,60.01749,0,98.647,3.733313,59.98018,0,54.3763,1.611471,59.98601,0,PMU,14412.9,2.880510,59.99184,0,14423,0.789989,60.09497,0,14554.7,-1.295510,59.88227,0,79.2339,2.739460,59.98951,0,98.3513,0.615704,59.99534,0,54.523,-1.505099,59.98251,0,PMU,14388.8,2.383063,60.05246,0,14472.5,0.290362,60.05945,0,14535.9,4.484385,59.86944,0,78.9134,2.240741,60.00466,0,97.4792,0.116043,59.97552,0,54.5228,4.263157,59.91840,0,PMU
912,7.608333,14489.9,2.666667,59.96274,0,14385,0.571212,59.89509,0,14514.1,-1.504611,60.11190,0,78.7865,2.524057,59.98718,0,98.375,0.400118,60.07694,0,54.6508,4.549062,60.15966,0,PMU,14503.5,2.866917,59.98718,0,14377.9,0.770858,59.88460,0,14508.3,-1.303445,60.09992,0,79.3606,2.725302,59.96853,0,98.6008,0.602826,60.01632,0,54.6406,-1.519137,59.97785,0,PMU,14412.6,-0.285113,59.99650,0,14427.2,3.907141,60.09675,0,14553.4,1.821686,59.87994,0,79.2873,-0.427765,59.95454,0,98.5538,3.733557,60.00466,0,54.4303,1.610861,59.98834,0,PMU,14503.3,2.879900,59.98834,0,14376.8,0.783920,59.88409,0,14507.1,-1.290322,60.09908,0,79.2644,2.739216,59.99534,0,98.4632,0.615094,59.98834,0,54.5428,-1.505038,60.00117,0,PMU,14466.9,2.379645,59.93472,0,14394.3,0.286638,59.92889,0,14535.7,4.490611,60.11890,0,78.866,2.240069,59.98718,0,97.5663,0.116592,60.01049,0,54.3954,4.266697,60.06761,0,PMU
913,7.616667,14401.6,2.667644,60.01865,0,14443.4,0.575790,60.08743,0,14537.2,-1.511447,59.86945,0,78.7635,2.523386,59.98718,0,97.8131,0.394687,59.89626,0,54.8381,4.539116,59.81003,0,PMU,14413.4,2.866551,59.99301,0,14424.3,0.775863,60.09559,0,14554.1,-1.309653,59.88143,0,79.4359,2.725851,60.01049,0,98.4996,0.600873,59.96270,0,54.5165,-1.519076,60.00117,0,PMU,14503.9,-0.285845,59.98601,0,14378.6,3.901160,59.88576,0,14508.4,1.826935,60.10025,0,79.3198,-0.426728,60.01981,0,98.6833,3.732580,59.98135,0,54.4682,1.610556,59.99417,0,PMU,14412.9,2.879534,59.99301,0,14422.9,0.788891,60.09493,0,14554.3,-1.296548,59.88111,0,79.3207,2.738972,59.99534,0,98.5762,0.614728,59.99301,0,54.5726,-1.505710,59.98718,0,PMU,14388.1,2.382392,60.05246,0,14471.5,0.289690,60.05828,0,14535.5,4.483714,59.86828,0,78.8864,2.239947,59.99767,0,97.4221,0.115493,59.97902,0,54.4691,4.261997,59.91024,0,PMU
914,7.625000,14490.3,2.665691,59.96270,0,14385.7,0.570297,59.89509,0,14514.8,-1.505588,60.11190,0,78.7543,2.522593,59.98485,0,98.31,0.399020,60.08276,0,54.6747,4.548879,60.18647,0,PMU,14502.9,2.865940,59.98834,0,14377.8,0.769760,59.88343,0,14507.6,-1.304482,60.09875,0,79.295,2.724570,59.97552,0,98.5693,0.601056,60.00350,0,54.5558,-1.520724,59.96853,0,PMU,14413.3,-0.286089,59.99534,0,14427.7,3.906165,60.09559,0,14554.1,1.820709,59.88110,0,79.3604,-0.428253,59.97086,0,98.5616,3.732275,59.99417,0,54.5221,1.610678,60.00233,0,PMU,14503.1,2.878923,59.98834,0,14377.4,0.782882,59.88525,0,14507,-1.291360,60.09908,0,79.4021,2.738361,59.98834,0,98.5746,0.614361,59.99301,0,54.5976,-1.505649,60.00117,0,PMU,14466.9,2.378974,59.93472,0,14394.2,0.285967,59.92889,0,14536.3,4.489939,60.11890,0,78.9041,2.239886,59.99883,0,97.7702,0.116592,60.02098,0,54.3929,4.265903,60.07460,0,PMU
915,7.633333,14402.2,2.666606,60.01749,0,14444,0.574813,60.08626,0,14538.5,-1.512423,59.86945,0,78.7742,2.522165,59.99184,0,97.8303,0.393527,59.89509,0,54.8848,4.537895,59.79022,0,PMU,14413,2.865574,59.99301,0,14424.4,0.774826,60.09675,0,14553.8,-1.310690,59.88143,0,79.415,2.724814,60.00466,0,98.535,0.600202,59.98368,0,54.4809,-1.519870,60.01632,0,PMU,14504.9,-0.286822,59.98601,0,14379.1,3.900305,59.88809,0,14509.4,1.826081,60.10258,0,79.3871,-0.427338,60.01749,0,98.6238,3.731787,59.99067,0,54.5385,1.610190,59.99067,0,PMU,14412.6,2.878557,59.99301,0,14423.1,0.787914,60.09610,0,14554.5,-1.297524,59.88227,0,79.3817,2.737629,59.98601,0,98.5407,0.613446,59.98251,0,54.5738,-1.506808,59.97785,0,PMU,14388.5,2.381781,60.05362,0,14471.9,0.289080,60.05945,0,14536.1,4.483164,59.87061,0,78.932,2.239764,59.99767,0,97.6544,0.115127,59.97202,0,54.5269,4.261814,59.92190,0,PMU
916,7.641667,14491,2.664653,59.96270,0,14386.4,0.569259,59.89392,0,14515.9,-1.506625,60.11073,0,78.7647,2.522165,60.00000,0,98.3013,0.398532,60.09558,0,54.6474,4.547475,60.18297,0,PMU,14502.3,2.864903,59.98718,0,14376.6,0.768723,59.88344,0,14507.2,-1.305459,60.09992,0,79.2822,2.723654,59.97785,0,98.7817,0.600202,60.00000,0,54.5483,-1.521640,59.96620,0,PMU,14413.6,-0.286944,59.99767,0,14427.8,3.905249,60.09442,0,14553.9,1.819794,59.87993,0,79.3518,-0.429108,59.96620,0,98.6335,3.731237,59.98951,0,54.5181,1.609396,59.98485,0,PMU,14502.9,2.877964,59.98868,0,14377.2,0.782028,59.88758,0,14507.4,-1.292275,60.10025,0,79.431,2.737324,59.99417,0,98.4253,0.613141,59.99417,0,54.5716,-1.506625,60.00350,0,PMU,13214.1,2.561164,63.42596,1,13224.8,0.658045,67.04671,0,15428,-1.533356,65.09292,1,74.9787,2.425951,63.55590,0,86.2529,0.461500,66.61523,0,58.1342,4.572133,65.92666,0,PMU
917,7.650000,14403.1,2.665630,60.01865,0,14444.5,0.573776,60.08626,0,14538.9,-1.513461,59.86945,0,78.801,2.521616,59.98951,0,97.9372,0.392795,59.89043,0,54.8767,4.537468,59.80887,0,PMU,14412.1,2.864475,59.99184,0,14423.7,0.773727,60.09558,0,14553,-1.311789,59.87910,0,79.3915,2.723593,59.99883,0,98.5696,0.598859,59.97435,0,54.4726,-1.521334,60.00583,0,PMU,14504.7,-0.287676,59.98601,0,14379.7,3.899390,59.88809,0,14509.1,1.825104,60.10141,0,79.3473,-0.428619,60.00933,0,98.554,3.730444,59.98485,0,54.4898,1.608664,59.98601,0,PMU,14413,2.877598,59.99301,0,14422.7,0.786998,60.09493,0,14555,-1.298379,59.88343,0,79.3809,2.736347,59.98135,0,98.4404,0.612225,59.98252,0,54.5375,-1.507846,59.97669,0,PMU,14412.1,2.930007,67.04438,1,14421,0.839654,63.46847,1,14556.5,-1.245730,65.49325,1,79.6393,2.788514,66.92445,0,98.6262,0.665794,63.90173,0,54.4503,-1.455852,64.87396,0,POW
918,7.658333,14491.6,2.663677,59.96270,0,14387,0.568222,59.89392,0,14516.6,-1.507602,60.11190,0,78.793,2.521433,59.99650,0,98.4315,0.397250,60.08509,0,54.6859,4.546560,60.17365,0,PMU,14501.7,2.863743,59.98601,0,14375.9,0.767563,59.88227,0,14506.5,-1.306618,60.09875,0,79.2795,2.722861,59.98601,0,98.7498,0.598981,60.00233,0,54.5329,-1.522982,59.96853,0,PMU,14413.6,-0.287859,59.99650,0,14428.2,3.904334,60.09442,0,14553.9,1.818878,59.88110,0,79.2499,-0.430389,59.96620,0,98.5127,3.730200,59.99534,0,54.4625,1.608175,59.99067,0,PMU,14503.6,2.877049,59.98951,0,14377.2,0.781112,59.88758,0,14508,-1.293130,60.10025,0,79.3888,2.735859,59.99067,0,98.4861,0.612592,60.00699,0,54.5575,-1.507724,60.00233,0,PMU,14506.6,2.929763,59.99534,1,14374.8,0.833733,59.88693,1,14507.5,-1.240054,60.10841,1,79.7181,2.788392,59.99767,0,98.581,0.664817,59.98135,0,54.4939,-1.455486,60.00699,0,POW
919,7.666667,14403.7,2.664714,60.01982,0,14445.4,0.572799,60.08743,0,14539.3,-1.514376,59.87061,0,78.8036,2.520334,59.97902,0,97.7969,0.391452,59.88927,0,54.8012,4.536796,59.81353,0,PMU,14411.2,2.863316,59.99184,0,14423.8,0.772567,60.09558,0,14552.4,-1.312949,59.87910,0,79.3828,2.722433,59.99184,0,98.7211,0.597943,59.98018,0,54.4624,-1.522616,60.00699,0,PMU,14504.1,-0.288714,59.98368,0,14379.2,3.898413,59.88693,0,14509.2,1.824188,60.10141,0,79.2833,-0.429962,60.00816,0,98.6003,3.729406,59.98485,0,54.4625,1.607565,59.98834,0,PMU,14413,2.876743,59.99417,0,14422.8,0.786144,60.09610,0,14554.7,-1.299294,59.88227,0,79.3525,2.735554,59.99417,0,98.4867,0.611188,59.97319,0,54.5292,-1.509006,59.97552,0,PMU,14416.5,2.929213,59.98951,1,14418.4,0.838921,60.09908,0,14558.7,-1.246097,59.88460,1,79.6286,2.787843,59.98951,0,98.5501,0.665306,60.00933,0,54.4341,-1.456280,59.98485,0,POW
920,7.675000,14492.4,2.662761,59.96270,0,14387.2,0.567306,59.89509,0,14517.1,-1.508517,60.11190,0,78.8003,2.520273,59.99883,0,98.2742,0.396212,60.09092,0,54.6305,4.546682,60.18880,0,PMU,14501.7,2.862644,59.98718,0,14376,0.766464,59.88344,0,14506.2,-1.307700,60.10025,0,79.2505,2.721762,59.98718,0,98.7663,0.597943,60.00000,0,54.5012,-1.523959,59.97435,0,PMU,14413.1,-0.288897,59.99650,0,14427.6,3.903296,60.09325,0,14553.7,1.817841,59.87877,0,79.2478,-0.431244,59.97552,0,98.5083,3.729040,59.99301,0,54.4347,1.607138,59.99184,0,PMU,14503.5,2.876072,59.98718,0,14377.1,0.780136,59.88525,0,14507.8,-1.294045,60.10025,0,79.3776,2.734821,59.98601,0,98.4164,0.611554,60.00699,0,54.5627,-1.508762,60.00466,0,PMU,14507,2.928908,59.99417,0,14374.9,0.832818,59.88344,0,14507.4,-1.240970,60.09792,0,79.6928,2.787354,59.99067,0,98.6081,0.663780,59.97086,0,54.475,-1.456646,59.99301,0,POW
921,7.683333,14403.7,2.663738,60.01865,0,14445.2,0.571823,60.08626,0,14539.1,-1.515353,59.86945,0,78.7947,2.519053,59.97669,0,97.7909,0.390231,59.88577,0,54.7741,4.535698,59.79022,0,PMU,14411,2.862217,59.99185,0,14424,0.771408,60.09442,0,14552.6,-1.314047,59.87877,0,79.3586,2.720908,59.98368,0,98.6612,0.597396,59.98955,0,54.462,-1.523471,60.00933,0,PMU,14503.4,-0.289873,59.98135,0,14378.1,3.897315,59.88576,0,14509,1.823090,60.10024,0,79.2858,-0.430878,60.00699,0,98.65,3.728430,59.98834,0,54.4396,1.606467,59.98718,0,PMU,14413.4,2.875767,59.99417,0,14422.7,0.785138,60.09554,0,14555.1,-1.300271,59.88110,0,79.3287,2.734516,59.99417,0,98.4968,0.610150,59.97319,0,54.516,-1.510165,59.97319,0,PMU,14416.4,2.928298,59.98834,0,14418.4,0.838006,60.09908,0,14558.4,-1.247073,59.88343,0,79.6225,2.787110,59.99534,0,98.5265,0.664207,60.00816,0,54.4519,-1.457134,59.99067,0,POW
922,7.691667,14492.4,2.661662,59.96037,0,14387.5,0.566274,59.89403,0,14517.2,-1.509555,60.11074,0,78.7685,2.519297,60.00466,0,98.23,0.395053,60.09209,0,54.5678,4.545339,60.18414,0,PMU,14501.8,2.861546,59.98718,0,14376,0.765366,59.88460,0,14506.7,-1.308798,60.10025,0,79.2525,2.720602,59.99417,0,98.8635,0.597030,59.99301,0,54.4347,-1.525910,59.95341,0,PMU,14412.4,-0.290117,59.99534,0,14426.6,3.902075,60.09092,0,14553.2,1.816681,59.87761,0,79.2214,-0.432220,59.97435,0,98.6758,3.727331,59.97902,0,54.4149,1.605673,59.98485,0,PMU,14504.5,2.875157,59.98834,0,14377,0.779159,59.88580,0,14508.2,-1.294961,60.10141,0,79.3601,2.733723,59.98485,0,98.4577,0.610516,60.00699,0,54.5662,-1.509860,60.00583,0,PMU,14506.5,2.927932,59.99301,0,14375.4,0.831902,59.88344,0,14507.7,-1.241946,60.09792,0,79.668,2.786439,59.98718,0,98.566,0.663231,59.98135,0,54.506,-1.457622,59.99067,0,POW
923,7.700000,14404.1,2.662700,60.01982,0,14446.1,0.570785,60.08615,0,14539.7,-1.516391,59.86944,0,78.7921,2.518015,59.97552,0,97.7702,0.389499,59.89392,0,54.7713,4.535881,59.81936,0,PMU,14411,2.861119,59.99184,0,14424.3,0.770309,60.09442,0,14553,-1.315146,59.87877,0,79.4251,2.719809,59.98485,0,98.7241,0.596420,59.98834,0,54.3642,-1.525238,60.01282,0,PMU,14503.3,-0.291033,59.98251,0,14378.5,3.896094,59.88576,0,14509,1.821869,60.09908,0,79.2711,-0.431976,60.00466,0,98.64,3.726965,59.99301,0,54.4705,1.605734,60.00117,0,PMU,14413.7,2.874790,59.99301,0,14423.1,0.784164,60.09559,0,14555.3,-1.301247,59.87994,0,79.2733,2.733540,59.99650,0,98.4844,0.609174,59.97435,0,54.5164,-1.511508,59.96853,0,PMU,14416.3,2.927321,59.98834,0,14418,0.837090,60.09908,0,14558.7,-1.247928,59.88576,0,79.6608,2.786561,60.00233,0,98.6035,0.663414,60.00350,0,54.4845,-1.457744,59.99767,0,POW
924,7.708333,14492.9,2.660686,59.96153,0,14387.9,0.565298,59.89520,0,14517.4,-1.510592,60.11074,0,78.7958,2.518564,60.01049,0,98.2531,0.394381,60.09325,0,54.631,4.545034,60.17481,0,PMU,14502.6,2.860508,59.98834,0,14376.9,0.764328,59.88577,0,14507.4,-1.309897,60.10025,0,79.3586,2.720114,60.00583,0,98.8895,0.596420,60.00000,0,54.4221,-1.526398,59.97785,0,PMU,14412.9,-0.291216,59.99650,0,14426.7,3.901038,60.09442,0,14554,1.815583,59.87994,0,79.2674,-0.433075,59.97902,0,98.6207,3.726171,59.98485,0,54.4751,1.605368,59.99301,0,PMU,14504.3,2.874119,59.98718,0,14377.6,0.778183,59.88576,0,14508.7,-1.295998,60.10025,0,79.3048,2.732624,59.98251,0,98.5986,0.609418,60.00466,0,54.5858,-1.511508,60.00000,0,PMU,14506.1,2.927077,59.99534,0,14375,0.831048,59.88460,0,14507.5,-1.242801,60.09792,0,79.6861,2.785707,59.98368,0,98.5561,0.661949,59.97202,0,54.4726,-1.458721,59.98135,0,POW
925,7.716667,14403.9,2.661662,60.01865,0,14446,0.569748,60.08499,0,14538.7,-1.517428,59.86944,0,78.753,2.516672,59.96386,0,97.6425,0.388766,59.89276,0,54.7436,4.534843,59.80537,0,PMU,14411.4,2.860142,59.99301,0,14425,0.769272,60.09442,0,14553.1,-1.316122,59.88110,0,79.4553,2.718771,59.97435,0,98.8305,0.595809,59.98834,0,54.4135,-1.526032,60.00699,0,PMU,14503.4,-0.292010,59.98485,0,14378.4,3.895117,59.88693,0,14509.4,1.820893,60.10141,0,79.318,-0.432953,60.00233,0,98.8066,3.726171,60.00000,0,54.4972,1.604941,59.99184,0,PMU,14414.1,2.873814,59.99417,0,14423.8,0.783188,60.09559,0,14555.9,-1.302224,59.88110,0,79.371,2.733112,60.00933,0,98.5493,0.607892,59.97086,0,54.5613,-1.512240,59.98601,0,PMU,14415.9,2.926528,59.98951,0,14417.9,0.836236,60.09908,0,14558,-1.248843,59.88460,0,79.651,2.785829,60.00233,0,98.5203,0.662132,60.00350,0,54.3763,-1.459698,59.98135,0,POW
926,7.725000,14492.2,2.659587,59.96037,0,14387.7,0.564138,59.89287,0,14516.8,-1.511752,60.10841,0,78.7803,2.517344,60.01282,0,98.2893,0.393954,60.09908,0,54.6729,4.544546,60.18530,0,PMU,14502.7,2.859471,59.98718,0,14377.1,0.763290,59.88577,0,14507.6,-1.310874,60.10025,0,79.3214,2.718893,60.00233,0,98.8366,0.595321,59.99067,0,54.4177,-1.527314,59.97552,0,PMU,14412.5,-0.292132,59.99767,0,14426.7,3.900000,60.09325,0,14553.6,1.814606,59.87994,0,79.2658,-0.434113,59.97785,0,98.6846,3.725317,59.98368,0,54.4663,1.604269,59.98718,0,PMU,14504.5,2.873142,59.98718,0,14378.1,0.777206,59.88576,0,14509,-1.296975,60.10025,0,79.3936,2.732075,59.98018,0,98.5628,0.608807,60.01749,0,54.6514,-1.512057,60.00350,0,PMU,14505.3,2.926223,59.99417,0,14375,0.830193,59.88460,0,14507.1,-1.243716,60.09792,0,79.6615,2.784852,59.98135,0,98.5297,0.661033,59.97902,0,54.4151,-1.459881,59.99650,0,POW
927,7.733333,14403.5,2.660503,60.01748,0,14445.6,0.568527,60.08382,0,14538.7,-1.518649,59.86828,0,78.7717,2.515635,59.96736,0,97.8773,0.388278,59.89159,0,54.8363,4.533989,59.79838,0,PMU,14411.8,2.859166,59.99417,0,14425.4,0.768295,60.09559,0,14553.2,-1.317160,59.87994,0,79.3842,2.717307,59.96969,0,98.7594,0.595077,59.99534,0,54.4095,-1.527192,60.00233,0,PMU,14502.8,-0.293047,59.98251,0,14378.6,3.894097,59.88726,0,14509.1,1.819855,60.10024,0,79.3025,-0.433990,60.00233,0,98.7346,3.725378,60.00117,0,54.4964,1.603659,59.98834,0,PMU,14414.4,2.872837,59.99417,0,14424,0.782211,60.09559,0,14556,-1.303201,59.88110,0,79.3466,2.732258,60.00350,0,98.6426,0.606610,59.95804,0,54.5524,-1.513583,59.97086,0,PMU,14415.2,2.925612,59.98834,0,14417.3,0.835320,60.09791,0,14557.5,-1.249737,59.88502,0,79.6689,2.785096,60.00466,0,98.5596,0.661277,60.00466,0,54.4392,-1.459881,60.00000,0,POW
928,7.741667,14491.6,2.658367,59.95920,0,14387.5,0.562917,59.89287,0,14516.8,-1.512912,60.10957,0,78.8026,2.516428,60.01515,0,98.5197,0.393222,60.09442,0,54.6558,4.542898,60.17015,0,PMU,14503.1,2.858433,59.98601,0,14377,0.762253,59.88460,0,14508,-1.311911,60.10025,0,79.3065,2.717795,60.00933,0,98.9188,0.594222,59.98368,0,54.4056,-1.528534,59.97435,0,PMU,14412.3,-0.293169,59.99767,0,14426.8,3.898963,60.09292,0,14553.3,1.813508,59.87877,0,79.2209,-0.435211,59.97669,0,98.6643,3.724340,59.98018,0,54.4587,1.603171,59.99067,0,PMU,14504.7,2.872166,59.98718,0,14378.1,0.776230,59.88576,0,14509.2,-1.298013,60.09908,0,79.3268,2.730793,59.97202,0,98.5101,0.607282,60.01282,0,54.6204,-1.513522,60.00117,0,PMU,14504.4,2.925307,59.99417,0,14374.4,0.829217,59.88344,0,14506.6,-1.244693,60.09633,0,79.6845,2.784120,59.98135,0,98.5738,0.660484,59.98485,0,54.4826,-1.460308,59.99184,0,POW
929,7.750000,14403.2,2.659343,60.01865,0,14445.5,0.567306,60.08382,0,14538.4,-1.519748,59.86944,0,78.7735,2.514719,59.96736,0,98.0219,0.387424,59.88926,0,54.7795,4.533501,59.82053,0,PMU,14412.2,2.858189,59.99534,0,14426.2,0.767258,60.09559,0,14553.9,-1.318137,59.88110,0,79.4338,2.716147,59.96853,0,98.753,0.593734,59.99067,0,54.4132,-1.528534,60.00000,0,PMU,14502.5,-0.294085,59.98251,0,14378.8,3.893060,59.88726,0,14508.9,1.818756,60.10024,0,79.3288,-0.434906,60.00583,0,98.6941,3.724462,60.00233,0,54.4861,1.602682,59.99067,0,PMU,14414.7,2.871861,59.99417,0,14424,0.781234,60.09559,0,14555.8,-1.304238,59.88110,0,79.2984,2.730976,60.00350,0,98.5137,0.605817,59.97202,0,54.5176,-1.514621,59.97902,0,PMU,14415,2.924636,59.98718,0,14416.8,0.834344,60.09791,0,14557.3,-1.250713,59.88502,0,79.7193,2.784364,60.00466,0,98.6789,0.660240,59.99534,0,54.4549,-1.460918,59.98834,0,POW
930,7.758333,14491.6,2.657268,59.96037,0,14387.3,0.561819,59.89520,0,14516.7,-1.514071,60.10841,0,78.836,2.515696,60.01865,0,98.4997,0.391940,60.08626,0,54.6595,4.541740,60.15737,0,PMU,14503.9,2.857457,59.98601,0,14377.8,0.761337,59.88693,0,14508.6,-1.312766,60.10258,0,79.4473,2.717245,60.02098,0,98.8392,0.593551,59.99650,0,54.4098,-1.529145,59.98834,0,PMU,14411.8,-0.294268,59.99650,0,14426.7,3.897925,60.09292,0,14552.7,1.812470,59.87994,0,79.2434,-0.436066,59.97785,0,98.6497,3.723547,59.98251,0,54.4679,1.602560,59.99767,0,PMU,14504.1,2.871189,59.98718,0,14378.1,0.775192,59.88460,0,14509.1,-1.299050,60.09908,0,79.2188,2.729208,59.96624,0,98.6255,0.606427,60.01166,0,54.5834,-1.514987,59.99301,0,PMU,14505,2.924453,59.99650,0,14375,0.828362,59.88577,0,14506.9,-1.245547,60.09866,0,79.7031,2.783021,59.97435,0,98.6222,0.659632,59.98838,0,54.4961,-1.461162,59.99534,0,POW
931,7.766667,14403.3,2.658305,60.01982,0,14446,0.566274,60.08509,0,14538.3,-1.520846,59.87061,0,78.7455,2.513865,59.96503,0,97.8253,0.385959,59.88576,0,54.7322,4.532158,59.81699,0,PMU,14412.8,2.857335,59.99767,0,14427.1,0.766403,60.09675,0,14553.8,-1.318991,59.88110,0,79.4094,2.715292,59.96270,0,98.7921,0.592757,59.98485,0,54.4035,-1.529389,59.99534,0,PMU,14502,-0.295181,59.98256,0,14378,3.891961,59.88610,0,14508.3,1.817658,60.09908,0,79.2907,-0.435883,60.00350,0,98.7099,3.723547,60.00000,0,54.4881,1.601889,59.98718,0,PMU,14414.2,2.870762,59.99184,0,14424,0.780197,60.09559,0,14555.5,-1.305337,59.87994,0,79.244,2.729758,60.01049,0,98.4881,0.604596,59.96503,0,54.4941,-1.515597,59.98834,0,PMU,14415.2,2.923843,59.98834,0,14417.5,0.833550,60.09908,0,14557.3,-1.251507,59.88619,0,79.6895,2.783326,60.00583,0,98.6475,0.659082,59.98951,0,54.4168,-1.462322,59.97785,0,POW
932,7.775000,14491.2,2.656169,59.95920,0,14387.2,0.560781,59.89509,0,14516.3,-1.515170,60.10841,0,78.7762,2.514536,60.01282,0,98.3115,0.390658,60.08976,0,54.6404,4.541069,60.17019,0,PMU,14504.4,2.856663,59.98718,0,14378.3,0.760483,59.88693,0,14508.3,-1.313620,60.10258,0,79.3473,2.716208,60.01749,0,98.647,0.591720,59.98018,0,54.3763,-1.530121,59.98601,0,PMU,14411.3,-0.295303,59.99767,0,14426.2,3.896826,60.09292,0,14551.9,1.811371,59.87993,0,79.2328,-0.436737,59.98368,0,98.6632,3.722632,59.98252,0,54.4428,1.601401,59.99067,0,PMU,14503.8,2.870030,59.98601,0,14377.8,0.774093,59.88343,0,14508.8,-1.300149,60.09908,0,79.2993,2.728415,59.97435,0,98.5925,0.605939,60.02564,0,54.6051,-1.515841,59.99534,0,PMU,14505.8,2.923598,59.99534,0,14375.9,0.827508,59.88460,0,14507.3,-1.246402,60.09749,0,79.6824,2.781983,59.97435,0,98.5631,0.658167,59.98251,0,54.4459,-1.462505,59.99650,0,PMU
933,7.783333,14402.9,2.657207,60.01982,0,14445.5,0.565237,60.08509,0,14538.4,-1.521945,59.87061,0,78.68,2.512844,59.96769,0,97.8114,0.384555,59.88343,0,54.7666,4.531303,59.81349,0,PMU,14412.6,2.856480,59.99650,0,14427.2,0.765549,60.09675,0,14553.4,-1.319907,59.87994,0,79.2873,2.713828,59.95454,0,98.5538,0.591964,60.00466,0,54.4303,-1.530732,59.98834,0,PMU,14501.1,-0.296219,59.98251,0,14377.8,3.890862,59.88610,0,14507.6,1.816559,60.09908,0,79.3201,-0.436676,60.00117,0,98.7128,3.722754,60.00233,0,54.4581,1.600852,59.98951,0,PMU,14413.3,2.869663,59.99301,0,14423.6,0.779037,60.09442,0,14554.6,-1.306496,59.87877,0,79.3428,2.729086,60.01282,0,98.6789,0.604291,59.96853,0,54.5101,-1.516330,59.99067,0,PMU,14417,2.923049,59.98951,0,14418.8,0.832757,60.10025,0,14558.9,-1.252300,59.88735,0,79.7128,2.782228,60.00466,0,98.5739,0.657618,59.98951,0,54.4267,-1.462993,59.99067,0,PMU
934,7.791667,14491.2,2.655071,59.95920,0,14386.9,0.559683,59.89392,0,14516.3,-1.516208,60.10957,0,78.7504,2.513315,60.00899,0,98.2579,0.389377,60.09209,0,54.6107,4.539543,60.15737,0,PMU,14503.9,2.855748,59.98601,0,14378.6,0.759567,59.88576,0,14508.4,-1.314658,60.10025,0,79.3198,2.714865,60.01981,0,98.6833,0.590987,59.98135,0,54.4682,-1.531037,59.99417,0,PMU,14410.7,-0.296402,59.99650,0,14426.1,3.895728,60.09292,0,14551.7,1.810273,59.87994,0,79.2021,-0.437775,59.97902,0,98.648,3.721655,59.97902,0,54.4169,1.600241,59.98834,0,PMU,14503.2,2.868931,59.98601,0,14377.8,0.772934,59.88343,0,14508.4,-1.301369,60.09792,0,79.324,2.727621,59.97202,0,98.741,0.605145,60.01632,0,54.6108,-1.516940,59.98834,0,PMU,14507.6,2.922866,59.99650,0,14377.4,0.826776,59.88576,0,14508.6,-1.247134,60.09866,0,79.6736,2.780946,59.97552,0,98.5487,0.657618,60.00000,0,54.4603,-1.463358,59.99305,0,PMU
935,7.800000,14402.7,2.656108,60.01982,0,14445.5,0.564138,60.08509,0,14538,-1.523043,59.86944,0,78.6576,2.511746,59.97003,0,97.8077,0.383822,59.89392,0,54.7398,4.530632,59.82981,0,PMU,14413.3,2.855504,59.99534,0,14427.7,0.764572,60.09559,0,14554.1,-1.320883,59.88110,0,79.3604,2.713339,59.97086,0,98.5616,0.590682,59.99417,0,54.5221,-1.530915,60.00233,0,PMU,14500.9,-0.297256,59.98368,0,14377.4,3.889825,59.88726,0,14507.4,1.815522,60.10025,0,79.2969,-0.437958,59.99650,0,98.6369,3.721472,59.99650,0,54.4455,1.599936,59.99417,0,PMU,14413.3,2.868565,59.99301,0,14424,0.777877,60.09442,0,14555,-1.307578,59.88143,0,79.3821,2.728110,60.00933,0,98.7028,0.603681,59.97202,0,54.5161,-1.517184,59.99534,0,PMU,14417.4,2.922256,59.98834,0,14419,0.831964,60.09908,0,14558.9,-1.253094,59.88619,0,79.7104,2.781373,60.00816,0,98.594,0.656702,59.98251,0,54.3923,-1.463907,59.98951,0,PMU
936,7.808333,14490.7,2.654033,59.96037,0,14387,0.558584,59.89392,0,14515.9,-1.517367,60.10841,0,78.7355,2.512478,60.01399,0,98.3579,0.388034,60.08043,0,54.6071,4.537895,60.13872,0,PMU,14504.9,2.854771,59.98601,0,14379.1,0.758713,59.88809,0,14509.4,-1.315512,60.10258,0,79.3871,2.714255,60.01749,0,98.6238,0.590194,59.99067,0,54.5385,-1.531403,59.99067,0,PMU,14410.5,-0.297378,59.99767,0,14426,3.894769,60.09442,0,14551.8,1.809235,59.87994,0,79.1816,-0.438812,59.98368,0,98.6312,3.720984,59.99067,0,54.4154,1.599326,59.98834,0,PMU,14503.4,2.867893,59.98718,0,14378.1,0.771835,59.88460,0,14508.4,-1.302407,60.09875,0,79.3267,2.726523,59.96969,0,98.8395,0.603925,60.00466,0,54.6153,-1.518222,59.98018,0,PMU,14507.2,2.921950,59.99417,0,14377.7,0.825799,59.88227,0,14508.1,-1.248050,60.09633,0,79.6161,2.780091,59.97552,0,98.493,0.656824,60.00233,0,54.4185,-1.464456,59.98951,0,PMU
937,7.816667,14402.2,2.655010,60.01865,0,14445.6,0.563039,60.08509,0,14538.1,-1.524142,59.87061,0,78.6217,2.510891,59.96969,0,97.7128,0.382358,59.89159,0,54.6853,4.529167,59.83331,0,PMU,14413.6,2.854649,59.99767,0,14427.8,0.763657,60.09442,0,14553.9,-1.321799,59.87993,0,79.3518,2.712485,59.96620,0,98.6335,0.589645,59.98951,0,54.5181,-1.532196,59.98485,0,PMU,14499.5,-0.298233,59.98368,0,14376.7,3.888909,59.88809,0,14506.6,1.814606,60.10258,0,79.2469,-0.439056,59.99534,0,98.6367,3.720740,59.99534,0,54.4141,1.598837,59.99067,0,PMU,14413.3,2.867588,59.99417,0,14424.3,0.776901,60.09675,0,14554.8,-1.308676,59.88027,0,79.4479,2.726950,60.00816,0,98.496,0.601972,59.96270,0,54.5339,-1.517977,60.00466,0,PMU,14417.8,2.921279,59.98718,0,14419.6,0.830926,60.09792,0,14559.1,-1.254070,59.88502,0,79.6904,2.780213,60.00233,0,98.5267,0.655542,59.97552,0,54.3628,-1.464883,59.99184,0,PMU
938,7.825000,14490.6,2.652934,59.96037,0,14387,0.557546,59.89509,0,14516.2,-1.518466,60.10841,0,78.7438,2.511380,60.00933,0,98.3096,0.386996,60.08859,0,54.6254,4.537529,60.15970,0,PMU,14504.7,2.853917,59.98601,0,14379.7,0.757797,59.88809,0,14509.1,-1.316489,60.10141,0,79.3473,2.712973,60.00933,0,98.554,0.588851,59.98485,0,54.4898,-1.532929,59.98601,0,PMU,14409.4,-0.298355,59.99767,0,14424.1,3.893853,60.09442,0,14550.3,1.808381,59.88110,0,79.1585,-0.439484,59.99184,0,98.499,3.719397,59.97435,0,54.3958,1.598654,59.99650,0,PMU,14503.5,2.866917,59.98718,0,14377.9,0.770858,59.88460,0,14508.3,-1.303445,60.09992,0,79.3606,2.725302,59.96853,0,98.6008,0.602826,60.01632,0,54.6406,-1.519137,59.97785,0,PMU,14507.7,2.921035,59.99534,0,14378.3,0.824822,59.88343,0,14508.2,-1.249065,60.09559,0,79.606,2.779176,59.98018,0,98.5028,0.656092,60.01049,0,54.4623,-1.464578,60.00583,0,PMU
939,7.833333,14402.5,2.653972,60.01982,0,14444.8,0.561941,60.08393,0,14538.3,-1.525177,59.87182,0,78.6633,2.510098,59.97552,0,97.9572,0.380893,59.88343,0,54.7887,4.528435,59.82631,0,PMU,14413.6,2.853734,59.99650,0,14428.2,0.762741,60.09442,0,14553.9,-1.322714,59.88110,0,79.2499,2.711203,59.96620,0,98.5127,0.588607,59.99534,0,54.4625,-1.533417,59.99067,0,PMU,14497.8,-0.299209,59.98368,0,14374.2,3.887933,59.88693,0,14504.6,1.813630,60.10025,0,79.2619,-0.439789,59.99417,0,98.5407,3.719763,60.00699,0,54.4467,1.598471,59.99650,0,PMU,14413.4,2.866551,59.99301,0,14424.3,0.775863,60.09559,0,14554.1,-1.309653,59.88143,0,79.4359,2.725851,60.01049,0,98.4996,0.600873,59.96270,0,54.5165,-1.519076,60.00117,0,PMU,14417.5,2.920303,59.98601,0,14419.5,0.829949,60.09792,0,14558.9,-1.255108,59.88460,0,79.65,2.779054,59.99767,0,98.5031,0.654749,59.97435,0,54.4628,-1.464944,59.99301,0,PMU
940,7.841667,14490.6,2.651897,59.96037,0,14386.2,0.556448,59.89509,0,14515.8,-1.519442,60.10953,0,78.7606,2.510159,60.00117,0,98.4844,0.385531,60.08859,0,54.6298,4.536125,60.14688,0,PMU,14504.1,2.852879,59.98368,0,14379.2,0.756821,59.88693,0,14509.2,-1.317404,60.10141,0,79.2833,2.711631,60.00816,0,98.6003,0.587814,59.98485,0,54.4625,-1.534028,59.98834,0,PMU,14406.9,-0.299393,59.99650,0,14421.3,3.892755,60.09209,0,14547.5,1.807282,59.87877,0,79.1495,-0.440155,59.99301,0,98.5279,3.719031,59.98601,0,54.4149,1.597922,59.98951,0,PMU,14502.9,2.865940,59.98834,0,14377.8,0.769760,59.88343,0,14507.6,-1.304482,60.09875,0,79.295,2.724570,59.97552,0,98.5693,0.601056,60.00350,0,54.5558,-1.520724,59.96853,0,PMU,14507.3,2.919997,59.99417,0,14377.6,0.823846,59.88343,0,14508.1,-1.250042,60.09675,0,79.5918,2.778077,59.98135,0,98.5684,0.655970,60.02331,0,54.5556,-1.465128,59.99650,0,PMU
941,7.850000,14402.2,2.652995,60.02098,0,14444.8,0.560964,60.08626,0,14537.7,-1.526215,59.87065,0,78.6665,2.509243,59.98251,0,97.9756,0.380038,59.89509,0,54.783,4.528007,59.84496,0,PMU,14413.1,2.852696,59.99650,0,14427.6,0.761703,60.09325,0,14553.7,-1.323752,59.87877,0,79.2478,2.710349,59.97552,0,98.5083,0.587447,59.99301,0,54.4347,-1.534455,59.99184,0,PMU,14495.1,-0.300369,59.98135,0,14371.3,3.886773,59.88576,0,14501.7,1.812470,60.09908,0,79.2468,-0.440826,59.98718,0,98.5939,3.719580,60.01049,0,54.4412,1.597800,59.99767,0,PMU,14413,2.865574,59.99301,0,14424.4,0.774826,60.09675,0,14553.8,-1.310690,59.88143,0,79.415,2.724814,60.00466,0,98.535,0.600202,59.98368,0,54.4809,-1.519870,60.01632,0,PMU,14417.1,2.919326,59.98718,0,14419.6,0.829034,60.09908,0,14559.1,-1.256084,59.88460,0,79.7189,2.778016,59.99883,0,98.679,0.654200,59.96620,0,54.5364,-1.465311,59.99650,0,PMU
942,7.858333,14490.1,2.650859,59.95921,0,14385.8,0.555410,59.89392,0,14515.3,-1.520480,60.10953,0,78.7957,2.509121,59.99767,0,98.4511,0.384006,60.07577,0,54.6735,4.535332,60.13988,0,PMU,14503.4,2.851719,59.98135,0,14378.1,0.755722,59.88576,0,14509,-1.318503,60.10024,0,79.2858,2.710715,60.00699,0,98.65,0.586837,59.98834,0,54.4396,-1.535126,59.98718,0,PMU,14405.4,-0.300613,59.99534,0,14420.2,3.891534,60.09092,0,14545.4,1.806061,59.87760,0,79.1865,-0.440826,60.00000,0,98.6128,3.718786,59.98485,0,54.4445,1.597006,59.98485,0,PMU,14502.3,2.864903,59.98718,0,14376.6,0.768723,59.88344,0,14507.2,-1.305459,60.09992,0,79.2822,2.723654,59.97785,0,98.7817,0.600202,60.00000,0,54.5483,-1.521640,59.96620,0,PMU,14506.8,2.919021,59.99417,0,14378,0.822930,59.88343,0,14508.1,-1.251018,60.09675,0,79.7067,2.777589,59.99184,0,98.6432,0.655115,60.01749,0,54.5907,-1.465860,59.98951,0,PMU
943,7.866667,14401.9,2.651958,60.02098,0,14444.3,0.559927,60.08626,0,14537.2,-1.527253,59.87065,0,78.6682,2.508389,59.98601,0,97.7508,0.378469,59.89426,0,54.7532,4.526909,59.83914,0,PMU,14412.4,2.851475,59.99534,0,14426.6,0.760483,60.09092,0,14553.2,-1.324911,59.87761,0,79.2214,2.709372,59.97435,0,98.6758,0.585738,59.97902,0,54.4149,-1.535920,59.98485,0,PMU,14494.7,-0.301529,59.98251,0,14371.2,3.885552,59.88576,0,14501.4,1.811310,60.10025,0,79.2655,-0.442169,59.97435,0,98.7435,3.718664,59.99767,0,54.4755,1.596396,59.98834,0,PMU,14412.1,2.864475,59.99184,0,14423.7,0.773727,60.09558,0,14553,-1.311789,59.87910,0,79.3915,2.723593,59.99883,0,98.5696,0.598859,59.97435,0,54.4726,-1.521334,60.00583,0,PMU,14412.6,2.918227,59.98485,0,14419.3,0.828118,60.09908,0,14558.7,-1.257000,59.88576,0,79.6526,2.777101,59.99068,0,98.6255,0.653101,59.96153,0,54.47,-1.466531,59.98718,0,PMU
944,7.875000,14490,2.649822,59.95920,0,14385.2,0.554373,59.89392,0,14514.9,-1.521518,60.10953,0,78.7541,2.508023,59.99301,0,98.4241,0.382968,60.08593,0,54.6437,4.534721,60.14921,0,PMU,14503.3,2.850560,59.98251,0,14378.5,0.754501,59.88576,0,14509,-1.319724,60.09908,0,79.2711,2.709616,60.00466,0,98.64,0.585372,59.99301,0,54.4705,-1.535859,60.00117,0,PMU,14405.3,-0.301651,59.99767,0,14420.6,3.890496,60.09442,0,14545.9,1.805024,59.87994,0,79.2011,-0.441925,60.00466,0,98.6087,3.717322,59.97435,0,54.4193,1.595786,59.98834,0,PMU,14501.7,2.863743,59.98601,0,14375.9,0.767563,59.88227,0,14506.5,-1.306618,60.09875,0,79.2795,2.722861,59.98601,0,98.7498,0.598981,60.00233,0,54.5329,-1.522982,59.96853,0,PMU,14501.6,2.917739,59.99067,0,14376.8,0.821954,59.88227,0,14507.1,-1.251934,60.09675,0,79.6365,2.777101,60.00000,0,98.5831,0.653833,60.01399,0,54.509,-1.467325,59.98485,0,PMU
945,7.883333,14401.4,2.650859,60.01982,0,14444.2,0.558767,60.08393,0,14536.9,-1.528351,59.86948,0,78.6735,2.507534,59.99067,0,97.9346,0.377675,59.89892,0,54.7758,4.525627,59.82632,0,PMU,14412.9,2.850377,59.99650,0,14426.7,0.759445,60.09442,0,14554,-1.326010,59.87994,0,79.2674,2.708518,59.97902,0,98.6207,0.584579,59.98485,0,54.4751,-1.536225,59.99301,0,PMU,14495.6,-0.302383,59.98601,0,14371.9,3.884698,59.88926,0,14502.1,1.810456,60.10375,0,79.2653,-0.443434,59.97118,0,98.6623,3.717688,60.00699,0,54.4662,1.595480,59.99417,0,PMU,14411.2,2.863316,59.99184,0,14423.8,0.772567,60.09558,0,14552.4,-1.312949,59.87910,0,79.3828,2.722433,59.99184,0,98.7211,0.597943,59.98018,0,54.4624,-1.522616,60.00699,0,PMU,14410.4,2.917007,59.98601,0,14418,0.827081,60.09792,0,14557.7,-1.258098,59.88227,0,79.7577,2.776552,59.98951,0,98.5201,0.651941,59.96386,0,54.4422,-1.467569,59.99534,0,PMU
946,7.891667,14489,2.648662,59.95804,0,14384.6,0.553274,59.89509,0,14514.2,-1.522616,60.10953,0,78.7547,2.506619,59.98251,0,98.461,0.382480,60.09176,0,54.5974,4.533012,60.14104,0,PMU,14503.4,2.849583,59.98485,0,14378.4,0.753525,59.88693,0,14509.4,-1.320700,60.10141,0,79.318,2.708640,60.00233,0,98.8066,0.584579,60.00000,0,54.4972,-1.536652,59.99184,0,PMU,14405.5,-0.302444,59.99883,0,14421.3,3.889703,60.09559,0,14546,1.804169,59.87993,0,79.1972,-0.443007,60.00816,0,98.6682,3.716406,59.97552,0,54.4218,1.594626,59.98368,0,PMU,14501.7,2.862644,59.98718,0,14376,0.766464,59.88344,0,14506.2,-1.307700,60.10025,0,79.2505,2.721762,59.98718,0,98.7663,0.597943,60.00000,0,54.5012,-1.523959,59.97435,0,PMU,14500.4,2.916640,59.99301,0,14375.4,0.820855,59.88110,0,14506.4,-1.253094,60.09559,0,79.666,2.776185,59.99301,0,98.649,0.652857,60.01748,0,54.4977,-1.468362,59.98485,0,PMU
947,7.900000,14400.6,2.649761,60.02098,0,14443.8,0.557668,60.08393,0,14536.4,-1.529450,59.86948,0,78.7005,2.506436,59.99650,0,97.9968,0.376943,59.89426,0,54.7601,4.525200,59.85080,0,PMU,14412.5,2.849461,59.99767,0,14426.7,0.758408,60.09325,0,14553.6,-1.326986,59.87994,0,79.2658,2.707480,59.97785,0,98.6846,0.583724,59.98368,0,54.4663,-1.537323,59.98718,0,PMU,14495.8,-0.303177,59.98601,0,14372.9,3.883843,59.88809,0,14502.5,1.809601,60.10375,0,79.2058,-0.444838,59.96503,0,98.6629,3.716223,59.99650,0,54.4508,1.594077,59.98951,0,PMU,14411,2.862217,59.99185,0,14424,0.771408,60.09442,0,14552.6,-1.314047,59.87877,0,79.3586,2.720908,59.98368,0,98.6612,0.597396,59.98955,0,54.462,-1.523471,60.00933,0,PMU,14409,2.915908,59.98601,0,14417.2,0.825921,60.09675,0,14557,-1.259197,59.88343,0,79.6732,2.774965,59.97669,0,98.6003,0.651148,59.96736,0,54.4152,-1.468729,59.99301,0,PMU
948,7.908333,14488.6,2.647625,59.95920,0,14384.4,0.552175,59.89509,0,14513.7,-1.523715,60.10953,0,78.7727,2.505642,59.98485,0,98.4341,0.381137,60.08010,0,54.6375,4.532036,60.13055,0,PMU,14502.8,2.848546,59.98251,0,14378.6,0.752505,59.88726,0,14509.1,-1.321738,60.10024,0,79.3025,2.707602,60.00233,0,98.7346,0.583785,60.00117,0,54.4964,-1.537934,59.98834,0,PMU,14406,-0.303238,59.99883,0,14422,3.888848,60.09559,0,14546.6,1.803315,59.87993,0,79.1525,-0.444166,60.01282,0,98.5851,3.715491,59.98601,0,54.44,1.593771,59.99417,0,PMU,14501.8,2.861546,59.98718,0,14376,0.765366,59.88460,0,14506.7,-1.308798,60.10025,0,79.2525,2.720602,59.99417,0,98.8635,0.597030,59.99301,0,54.4347,-1.525910,59.95341,0,PMU,14499.1,2.915481,59.99184,0,14374.8,0.819757,59.88227,0,14505.5,-1.254192,60.09559,0,79.6643,2.774904,59.99883,0,98.5908,0.651941,60.01515,0,54.4847,-1.469339,59.98834,0,PMU
949,7.916667,14400.4,2.648662,60.01982,0,14443.9,0.556631,60.08509,0,14536.2,-1.530549,59.86948,0,78.7141,2.505398,59.99534,0,97.8911,0.375966,59.90125,0,54.7547,4.523796,59.84264,0,PMU,14412.3,2.848423,59.99767,0,14426.8,0.757370,60.09292,0,14553.3,-1.328085,59.87877,0,79.2209,2.706382,59.97669,0,98.6643,0.582748,59.98018,0,54.4587,-1.538422,59.99067,0,PMU,14496.1,-0.304092,59.98368,0,14373.7,3.882989,59.88809,0,14503.4,1.808686,60.10258,0,79.1806,-0.445997,59.96503,0,98.7501,3.715491,60.00000,0,54.4891,1.593222,59.98951,0,PMU,14411,2.861119,59.99184,0,14424.3,0.770309,60.09442,0,14553,-1.315146,59.87877,0,79.4251,2.719809,59.98485,0,98.7241,0.596420,59.98834,0,54.3642,-1.525238,60.01282,0,PMU,14408.5,2.914809,59.98718,0,14416.6,0.824883,60.09792,0,14556,-1.260296,59.88343,0,79.7419,2.773866,59.98018,0,98.5317,0.649927,59.96153,0,54.412,-1.469522,59.99650,0,PMU
950,7.925000,14488.3,2.646587,59.96037,0,14384.2,0.551077,59.89393,0,14513.8,-1.524811,60.10957,0,78.7332,2.504116,59.97552,0,98.5012,0.380038,60.07777,0,54.6416,4.531303,60.14337,0,PMU,14502.5,2.847508,59.98251,0,14378.8,0.751467,59.88726,0,14508.9,-1.322836,60.10024,0,79.3288,2.706687,60.00583,0,98.6941,0.582870,60.00233,0,54.4861,-1.538910,59.99067,0,PMU,14407,-0.304153,59.99883,0,14423.2,3.888055,60.09675,0,14548.1,1.802523,59.88231,0,79.1991,-0.445204,60.01515,0,98.6241,3.714392,59.97902,0,54.4846,1.592978,59.99534,0,PMU,14502.6,2.860508,59.98834,0,14376.9,0.764328,59.88577,0,14507.4,-1.309897,60.10025,0,79.3586,2.720114,60.00583,0,98.8895,0.596420,60.00000,0,54.4221,-1.526398,59.97785,0,PMU,14499.3,2.914443,59.99301,0,14374.2,0.818719,59.88227,0,14505.2,-1.255169,60.09792,0,79.7641,2.774476,60.01166,0,98.5933,0.650721,60.01515,0,54.4869,-1.470560,59.98018,0,PMU
951,7.933333,14400.3,2.647625,60.01982,0,14444.3,0.555532,60.08509,0,14536.4,-1.531647,59.86944,0,78.7325,2.504055,59.99883,0,97.8457,0.374563,59.89542,0,54.789,4.522270,59.82748,0,PMU,14411.8,2.847325,59.99650,0,14426.7,0.756332,60.09292,0,14552.7,-1.329123,59.87994,0,79.2434,2.705527,59.97785,0,98.6497,0.581954,59.98251,0,54.4679,-1.539032,59.99767,0,PMU,14496.4,-0.304947,59.98485,0,14373.5,3.882195,59.88809,0,14503.8,1.807953,60.10370,0,79.2205,-0.446974,59.96620,0,98.6001,3.714575,60.00350,0,54.5242,1.592673,59.99417,0,PMU,14411.4,2.860142,59.99301,0,14425,0.769272,60.09442,0,14553.1,-1.316122,59.88110,0,79.4553,2.718771,59.97435,0,98.8305,0.595809,59.98834,0,54.4135,-1.526032,60.00699,0,PMU,14408.4,2.913833,59.98834,0,14416.6,0.823846,60.09792,0,14555.7,-1.261272,59.88344,0,79.7688,2.773012,59.97202,0,98.5361,0.649073,59.96853,0,54.4382,-1.470804,59.99534,0,PMU
952,7.941667,14488.9,2.645488,59.95920,0,14385.3,0.550100,59.89626,0,14515.2,-1.525849,60.11074,0,78.7747,2.503201,59.98368,0,98.4233,0.379323,60.09092,0,54.6134,4.529411,60.13638,0,PMU,14502,2.846411,59.98256,0,14378,0.750368,59.88610,0,14508.3,-1.323935,60.09908,0,79.2907,2.705710,60.00350,0,98.7099,0.581954,60.00000,0,54.4881,-1.539704,59.98718,0,PMU,14406.5,-0.305008,59.99883,0,14422.2,3.887078,60.09325,0,14547.7,1.801608,59.87881,0,79.2451,-0.445997,60.01865,0,98.5825,3.713110,59.97202,0,54.4668,1.591757,59.98251,0,PMU,14502.7,2.859471,59.98718,0,14377.1,0.763290,59.88577,0,14507.6,-1.310874,60.10025,0,79.3214,2.718893,60.00233,0,98.8366,0.595321,59.99067,0,54.4177,-1.527314,59.97552,0,PMU,14499,2.913467,59.99301,0,14374.1,0.817742,59.88343,0,14505.3,-1.256145,60.09791,0,79.7891,2.773256,60.00466,0,98.649,0.649988,60.01749,0,54.5845,-1.471353,59.98951,0,PMU
953,7.950000,14401.2,2.646648,60.02215,0,14445.3,0.554556,60.08509,0,14537.5,-1.532624,59.87061,0,78.8148,2.503262,60.00117,0,98.0551,0.373952,59.89742,0,54.7784,4.521355,59.84613,0,PMU,14411.3,2.846289,59.99767,0,14426.2,0.755234,60.09292,0,14551.9,-1.330221,59.87993,0,79.2328,2.704856,59.98368,0,98.6632,0.581039,59.98252,0,54.4428,-1.540192,59.99067,0,PMU,14496.3,-0.305862,59.98368,0,14373.1,3.881158,59.88693,0,14503.9,1.806916,60.10137,0,79.2908,-0.447645,59.96853,0,98.6362,3.713293,60.00350,0,54.5058,1.591330,59.99184,0,PMU,14411.8,2.859166,59.99417,0,14425.4,0.768295,60.09559,0,14553.2,-1.317160,59.87994,0,79.3842,2.717307,59.96969,0,98.7594,0.595077,59.99534,0,54.4095,-1.527192,60.00233,0,PMU,14408.4,2.912917,59.98951,0,14417.1,0.822930,60.09908,0,14555.5,-1.262249,59.88344,0,79.8267,2.772157,59.97902,0,98.6163,0.648157,59.96503,0,54.5779,-1.470987,60.00699,0,PMU
954,7.958333,14490.1,2.644573,59.96037,0,14385.9,0.549124,59.89626,0,14516.1,-1.526764,60.11191,0,78.7934,2.502163,59.97902,0,98.5166,0.377919,60.07577,0,54.6469,4.528252,60.13172,0,PMU,14501.1,2.845374,59.98251,0,14377.8,0.749270,59.88610,0,14507.6,-1.325033,60.09908,0,79.3201,2.704917,60.00117,0,98.7128,0.581161,60.00233,0,54.4581,-1.540741,59.98951,0,PMU,14407.9,-0.305984,59.99767,0,14423.3,3.886041,60.09325,0,14548.3,1.800631,59.87998,0,79.3557,-0.446608,60.01982,0,98.695,3.712622,59.98718,0,54.487,1.591025,59.99417,0,PMU,14503.1,2.858433,59.98601,0,14377,0.762253,59.88460,0,14508,-1.311911,60.10025,0,79.3065,2.717795,60.00933,0,98.9188,0.594222,59.98368,0,54.4056,-1.528534,59.97435,0,PMU,14499.5,2.912612,59.99417,0,14374,0.816844,59.88376,0,14505.3,-1.257000,60.10024,0,79.7959,2.772218,60.00117,0,98.6326,0.648767,60.01166,0,54.6053,-1.472513,59.97086,0,PMU
955,7.966667,14401.9,2.645733,60.02215,0,14446.3,0.553701,60.08742,0,14538.3,-1.533539,59.87061,0,78.7251,2.501675,59.99067,0,97.9146,0.373098,59.90791,0,54.7429,4.520073,59.84380,0,PMU,14410.7,2.845191,59.99650,0,14426.1,0.754135,60.09292,0,14551.7,-1.331320,59.87994,0,79.2021,2.703818,59.97902,0,98.648,0.580062,59.97902,0,54.4169,-1.541351,59.98834,0,PMU,14498.1,-0.306839,59.98368,0,14374.4,3.880242,59.88926,0,14505.3,1.806061,60.10370,0,79.2955,-0.448561,59.96270,0,98.8359,3.712439,59.99650,0,54.523,1.590293,59.98601,0,PMU,14412.2,2.858189,59.99534,0,14426.2,0.767258,60.09559,0,14553.9,-1.318137,59.88110,0,79.4338,2.716147,59.96853,0,98.753,0.593734,59.99067,0,54.4132,-1.528534,60.00000,0,PMU,14408.5,2.912063,59.98951,0,14417.6,0.822076,60.09992,0,14555.5,-1.263103,59.88344,0,79.77,2.771180,59.98018,0,98.5368,0.647181,59.96969,0,54.517,-1.472513,60.00000,0,PMU
956,7.975000,14490.5,2.643718,59.96153,0,14386.7,0.548269,59.89626,0,14516.6,-1.527680,60.11191,0,78.6593,2.501065,59.98834,0,98.4833,0.376943,60.07344,0,54.6229,4.527824,60.14804,0,PMU,14500.9,2.844336,59.98368,0,14377.4,0.748232,59.88726,0,14507.4,-1.326071,60.10025,0,79.2969,2.703635,59.99650,0,98.6369,0.579879,59.99650,0,54.4455,-1.541657,59.99417,0,PMU,14409.7,-0.306900,59.99883,0,14425,3.885186,60.09442,0,14550,1.799777,59.87998,0,79.3469,-0.447767,60.01515,0,98.6535,3.710974,59.97202,0,54.4584,1.589560,59.98601,0,PMU,14503.9,2.857457,59.98601,0,14377.8,0.761337,59.88693,0,14508.6,-1.312766,60.10258,0,79.4473,2.717245,60.02098,0,98.8392,0.593551,59.99650,0,54.4098,-1.529145,59.98834,0,PMU,14499.3,2.911758,59.99417,0,14374.2,0.815990,59.88376,0,14505.6,-1.257854,60.10024,0,79.7829,2.771364,60.00350,0,98.6073,0.647608,60.00816,0,54.5574,-1.473978,59.97202,0,PMU
957,7.983333,14401.8,2.644817,60.02098,0,14446.7,0.552786,60.08626,0,14538.8,-1.534455,59.87061,0,78.6519,2.500454,59.98834,0,97.8059,0.371877,59.90325,0,54.7598,4.519158,59.83448,0,PMU,14410.5,2.844214,59.99767,0,14426,0.753176,60.09442,0,14551.8,-1.332358,59.87994,0,79.1816,2.702780,59.98368,0,98.6312,0.579391,59.99067,0,54.4154,-1.542267,59.98834,0,PMU,14500.5,-0.307632,59.98601,0,14377.2,3.879449,59.89043,0,14507.5,1.805207,60.10370,0,79.2861,-0.449781,59.96153,0,98.6506,3.710608,59.99301,0,54.5009,1.588645,59.98251,0,PMU,14412.8,2.857335,59.99767,0,14427.1,0.766403,60.09675,0,14553.8,-1.318991,59.88110,0,79.4094,2.715292,59.96270,0,98.7921,0.592757,59.98485,0,54.4035,-1.529389,59.99534,0,PMU,14408.3,2.911208,59.98951,0,14417.8,0.821282,60.10108,0,14555.8,-1.263957,59.88344,0,79.7469,2.770326,59.98018,0,98.4884,0.646265,59.97435,0,54.5106,-1.473550,60.00816,0,PMU
958,7.991667,14490.2,2.642681,59.95920,0,14386.4,0.547354,59.89626,0,14516.9,-1.528656,60.11074,0,78.6704,2.500271,59.99650,0,98.3722,0.375966,60.07810,0,54.5957,4.526543,60.14105,0,PMU,14499.5,2.843360,59.98368,0,14376.7,0.747317,59.88809,0,14506.6,-1.326986,60.10258,0,79.2469,2.702536,59.99534,0,98.6367,0.579147,59.99534,0,54.4141,-1.542755,59.99067,0,PMU,14411.3,-0.307693,59.99883,0,14427.6,3.884454,60.09558,0,14552,1.798861,59.87881,0,79.3677,-0.448805,60.01865,0,98.4857,3.709021,59.96969,0,54.4533,1.588339,59.99417,0,PMU,14504.4,2.856663,59.98718,0,14378.3,0.760483,59.88693,0,14508.3,-1.313620,60.10258,0,79.3473,2.716208,60.01749,0,98.647,0.591720,59.98018,0,54.3763,-1.530121,59.98601,0,PMU,14499.8,2.910842,59.99301,0,14374.6,0.815196,59.88376,0,14506.8,-1.258770,60.09908,0,79.7999,2.770448,60.00233,0,98.6152,0.646875,60.01166,0,54.5892,-1.474344,59.98485,0,PMU
959,8.000000,14401.9,2.643840,60.02215,0,14446.9,0.551748,60.08392,0,14538.9,-1.535431,59.87061,0,78.6858,2.499600,59.98718,0,97.913,0.371328,59.91141,0,54.7795,4.518791,59.85196,0,PMU,14409.4,2.843238,59.99767,0,14424.1,0.752261,60.09442,0,14550.3,-1.333212,59.88110,0,79.1585,2.702109,59.99184,0,98.499,0.577804,59.97435,0,54.3958,-1.542938,59.99650,0,PMU,14501.3,-0.308426,59.98601,0,14378.4,3.878656,59.88927,0,14508.9,1.804352,60.10487,0,79.2759,-0.450453,59.96853,0,98.4955,3.708838,59.99650,0,54.4869,1.587790,59.98951,0,PMU,14412.6,2.856480,59.99650,0,14427.2,0.765549,60.09675,0,14553.4,-1.319907,59.87994,0,79.2873,2.713828,59.95454,0,98.5538,0.591964,60.00466,0,54.4303,-1.530732,59.98834,0,PMU,14409.4,2.910354,59.99067,0,14418.2,0.820428,60.09992,0,14556.5,-1.264812,59.88460,0,79.7935,2.769899,59.98951,0,98.5851,0.645899,59.98135,0,54.5795,-1.473489,60.01632,0,PMU
960,8.008333,14490.3,2.641704,59.95920,0,14387.1,0.546377,59.89742,0,14516.9,-1.529694,60.10957,0,78.6656,2.499478,59.99767,0,98.3193,0.374990,60.06994,0,54.6383,4.525200,60.12240,0,PMU,14497.8,2.842383,59.98368,0,14374.2,0.746340,59.88693,0,14504.6,-1.327963,60.10025,0,79.2619,2.701804,59.99417,0,98.5407,0.578170,60.00699,0,54.4467,-1.543121,59.99650,0,PMU,14412.3,-0.308548,59.99767,0,14428.5,3.883660,60.09558,0,14553.3,1.798007,59.87881,0,79.3634,-0.449904,60.01049,0,98.4013,3.707989,59.98379,0,54.4496,1.587668,59.99767,0,PMU,14503.9,2.855748,59.98601,0,14378.6,0.759567,59.88576,0,14508.4,-1.314658,60.10025,0,79.3198,2.714865,60.01981,0,98.6833,0.590987,59.98135,0,54.4682,-1.531037,59.99417,0,PMU,14500.2,2.910049,59.99417,0,14374.9,0.814403,59.88493,0,14507.3,-1.259563,60.10024,0,79.7862,2.769472,59.99184,0,98.5858,0.645899,60.00000,0,54.6013,-1.474832,59.97435,0,PMU
961,8.016667,14401.9,2.642864,60.02215,0,14447.5,0.550772,60.08393,0,14539,-1.536469,59.87061,0,78.6527,2.498318,59.97785,0,97.7604,0.370900,59.92190,0,54.7709,4.517204,59.84730,0,PMU,14406.9,2.842200,59.99650,0,14421.3,0.751162,60.09209,0,14547.5,-1.334311,59.87877,0,79.1495,2.701438,59.99301,0,98.5279,0.577438,59.98601,0,54.4149,-1.543671,59.98951,0,PMU,14502.3,-0.309341,59.98485,0,14379,3.877801,59.88810,0,14509.6,1.803498,60.10487,0,79.2347,-0.451612,59.96736,0,98.5889,3.708233,60.00466,0,54.4959,1.586691,59.98135,0,PMU,14413.3,2.855504,59.99534,0,14427.7,0.764572,60.09559,0,14554.1,-1.320883,59.88110,0,79.3604,2.713339,59.97086,0,98.5616,0.590682,59.99417,0,54.5221,-1.530915,60.00233,0,PMU,14409.6,2.909560,59.99067,0,14418.5,0.819634,60.09992,0,14556.4,-1.265605,59.88460,0,79.7259,2.768983,59.99068,0,98.4561,0.644983,59.98251,0,54.5414,-1.474466,60.00699,0,PMU
962,8.025000,14489.7,2.640728,59.95920,0,14387.2,0.545340,59.89625,0,14516.7,-1.530732,60.10957,0,78.6939,2.498440,60.00233,0,98.4369,0.374196,60.06295,0,54.7152,4.525444,60.15737,0,PMU,14495.1,2.841224,59.98135,0,14371.3,0.745180,59.88576,0,14501.7,-1.329123,60.09908,0,79.2468,2.700766,59.98718,0,98.5939,0.577987,60.01049,0,54.4412,-1.543793,59.99767,0,PMU,14412.6,-0.309524,59.99650,0,14429,3.882745,60.09442,0,14553.2,1.797091,59.87764,0,79.3385,-0.450941,60.01282,0,98.4504,3.707074,59.97785,0,54.4309,1.586447,59.99534,0,PMU,14504.9,2.854771,59.98601,0,14379.1,0.758713,59.88809,0,14509.4,-1.315512,60.10258,0,79.3871,2.714255,60.01749,0,98.6238,0.590194,59.99067,0,54.5385,-1.531403,59.99067,0,PMU,14500.8,2.909196,59.99305,0,14375.3,0.813548,59.88376,0,14508.1,-1.260417,60.09908,0,79.7742,2.768373,59.98834,0,98.5775,0.644861,59.99767,0,54.5843,-1.475564,59.97902,0,PMU
963,8.033333,14401.5,2.641826,60.02098,0,14447.7,0.549734,60.08393,0,14539.1,-1.537568,59.86944,0,78.7119,2.497281,59.97786,0,97.8374,0.369802,59.91607,0,54.873,4.516899,59.83680,0,PMU,14405.4,2.840979,59.99534,0,14420.2,0.749941,60.09092,0,14545.4,-1.335531,59.87760,0,79.1865,2.700766,60.00000,0,98.6128,0.577194,59.98485,0,54.4445,-1.544586,59.98485,0,PMU,14502.6,-0.310318,59.98485,0,14379.1,3.876825,59.88693,0,14509.7,1.802462,60.10258,0,79.2263,-0.452467,59.97086,0,98.5948,3.707562,60.00933,0,54.4821,1.585837,59.98834,0,PMU,14413.6,2.854649,59.99767,0,14427.8,0.763657,60.09442,0,14553.9,-1.321799,59.87993,0,79.3518,2.712485,59.96620,0,98.6335,0.589645,59.98951,0,54.5181,-1.532196,59.98485,0,PMU,14410.3,2.908708,59.99067,0,14419.3,0.818719,60.09875,0,14557.1,-1.266460,59.88460,0,79.7531,2.768312,59.99883,0,98.5143,0.644434,59.99184,0,54.5816,-1.475137,60.00816,0,PMU
964,8.041667,14489.5,2.639629,59.95804,0,14387,0.544302,59.89625,0,14517.1,-1.531769,60.11074,0,78.7372,2.497525,60.00466,0,98.4472,0.373586,60.07227,0,54.6618,4.524101,60.13755,0,PMU,14494.7,2.840064,59.98251,0,14371.2,0.743960,59.88576,0,14501.4,-1.330282,60.10025,0,79.2655,2.699424,59.97435,0,98.7435,0.577072,59.99767,0,54.4755,-1.545197,59.98834,0,PMU,14412.6,-0.310501,59.99651,0,14429.7,3.881707,60.09325,0,14553.3,1.796054,59.87760,0,79.3937,-0.451857,60.01166,0,98.6508,3.707074,59.99067,0,54.4607,1.586081,60.00466,0,PMU,14504.7,2.853917,59.98601,0,14379.7,0.757797,59.88809,0,14509.1,-1.316489,60.10141,0,79.3473,2.712973,60.00933,0,98.554,0.588851,59.98485,0,54.4898,-1.532929,59.98601,0,PMU,14501.3,2.908403,59.99417,0,14375.2,0.812694,59.88493,0,14508.5,-1.261272,60.09908,0,79.7661,2.767274,59.98018,0,98.6405,0.644251,59.99651,0,54.6239,-1.476419,59.97552,0,PMU
965,8.050000,14401.5,2.640789,60.02215,0,14447.8,0.548635,60.08276,0,14538.4,-1.538605,59.86944,0,78.6725,2.496182,59.97436,0,98.0166,0.369252,59.91724,0,54.8376,4.516777,59.86012,0,PMU,14405.3,2.839942,59.99767,0,14420.6,0.748904,60.09442,0,14545.9,-1.336569,59.87994,0,79.2011,2.699668,60.00466,0,98.6087,0.575729,59.97435,0,54.4193,-1.545807,59.98834,0,PMU,14502.6,-0.311233,59.98601,0,14379.3,3.875848,59.88810,0,14509.9,1.801486,60.10375,0,79.2595,-0.453077,59.97669,0,98.7098,3.707440,60.00699,0,54.5093,1.585427,59.98751,0,PMU,14413.6,2.853734,59.99650,0,14428.2,0.762741,60.09442,0,14553.9,-1.322714,59.88110,0,79.2499,2.711203,59.96620,0,98.5127,0.588607,59.99534,0,54.4625,-1.533417,59.99067,0,PMU,14410.9,2.907915,59.99067,0,14419.7,0.817864,60.09875,0,14557,-1.267314,59.88460,0,79.7432,2.767518,60.00466,0,98.6592,0.643580,59.98718,0,54.6058,-1.476236,60.00350,0,PMU
966,8.058333,14489.4,2.638591,59.95804,0,14387.5,0.543203,59.89625,0,14517,-1.532868,60.10957,0,78.7156,2.496487,60.00583,0,98.4943,0.372426,60.06061,0,54.71,4.522881,60.11657,0,PMU,14495.6,2.839209,59.98601,0,14371.9,0.743105,59.88926,0,14502.1,-1.331137,60.10375,0,79.2653,2.698159,59.97118,0,98.6623,0.576095,60.00699,0,54.4662,-1.546112,59.99417,0,PMU,14411.9,-0.311355,59.99767,0,14429.8,3.880792,60.09442,0,14553,1.795138,59.87877,0,79.3681,-0.452833,60.00466,0,98.6634,3.706890,59.98951,0,54.4694,1.585305,59.99767,0,PMU,14504.1,2.852879,59.98368,0,14379.2,0.756821,59.88693,0,14509.2,-1.317404,60.10141,0,79.2833,2.711631,60.00816,0,98.6003,0.587814,59.98485,0,54.4625,-1.534028,59.98834,0,PMU,14501.7,2.907609,59.99417,0,14375.7,0.811839,59.88493,0,14508,-1.262187,60.09792,0,79.7069,2.766298,59.97669,0,98.6186,0.643030,59.98951,0,54.6318,-1.477090,59.98368,0,PMU
967,8.066667,14401.6,2.639812,60.02331,0,14448.4,0.547598,60.08393,0,14538.8,-1.539704,59.86944,0,78.5479,2.495084,59.97319,0,98.013,0.368642,59.92773,0,54.7829,4.515068,59.85079,0,PMU,14405.5,2.839148,59.99883,0,14421.3,0.748110,60.09559,0,14546,-1.337423,59.87993,0,79.1972,2.698586,60.00816,0,98.6682,0.574813,59.97552,0,54.4218,-1.546967,59.98368,0,PMU,14502,-0.312149,59.98485,0,14378.8,3.874933,59.88810,0,14509.6,1.800570,60.10375,0,79.2182,-0.453932,59.97902,0,98.7248,3.706829,59.99883,0,54.4954,1.584084,59.97669,0,PMU,14413.1,2.852696,59.99650,0,14427.6,0.761703,60.09325,0,14553.7,-1.323752,59.87877,0,79.2478,2.710349,59.97552,0,98.5083,0.587447,59.99301,0,54.4347,-1.534455,59.99184,0,PMU,14410.9,2.907121,59.99067,0,14420,0.816966,60.09792,0,14556.5,-1.268291,59.88343,0,79.6823,2.766481,60.00350,0,98.5897,0.642298,59.98601,0,54.5987,-1.477151,59.99883,0,PMU
968,8.075000,14489.4,2.637615,59.95804,0,14387.3,0.542227,59.89742,0,14516.7,-1.533905,60.11074,0,78.5572,2.495511,60.00816,0,98.5856,0.371511,60.05479,0,54.6863,4.523064,60.15270,0,PMU,14495.8,2.838416,59.98601,0,14372.9,0.742251,59.88809,0,14502.5,-1.331991,60.10375,0,79.2058,2.696755,59.96503,0,98.6629,0.574630,59.99650,0,54.4508,-1.547516,59.98951,0,PMU,14410.6,-0.312332,59.99650,0,14429,3.879815,60.09325,0,14551.8,1.794162,59.87760,0,79.3729,-0.453932,60.00000,0,98.6141,3.705792,59.98018,0,54.4402,1.584390,60.00583,0,PMU,14503.4,2.851719,59.98135,0,14378.1,0.755722,59.88576,0,14509,-1.318503,60.10024,0,79.2858,2.710715,60.00699,0,98.65,0.586837,59.98834,0,54.4396,-1.535126,59.98718,0,PMU,14501.7,2.906633,59.99067,0,14375.7,0.810802,59.88227,0,14507.5,-1.263225,60.09675,0,79.6703,2.765016,59.97202,0,98.5983,0.641749,59.98951,0,54.6253,-1.478067,59.98251,0,PMU
969,8.083333,14401.2,2.638775,60.02215,0,14446,0.546438,60.08043,0,14538.7,-1.540802,59.86828,0,78.4668,2.494046,59.97202,0,97.8611,0.367421,59.92190,0,54.8451,4.514031,59.82748,0,PMU,14406,2.838355,59.99883,0,14422,0.747256,60.09559,0,14546.6,-1.338278,59.87993,0,79.1525,2.697426,60.01282,0,98.5851,0.573898,59.98601,0,54.44,-1.547821,59.99417,0,PMU,14501,-0.313186,59.98368,0,14378,3.873956,59.88810,0,14508.3,1.799533,60.10258,0,79.2397,-0.454420,59.99067,0,98.6163,3.705914,60.00233,0,54.483,1.583657,59.98601,0,PMU,14412.4,2.851475,59.99534,0,14426.6,0.760483,60.09092,0,14553.2,-1.324911,59.87761,0,79.2214,2.709372,59.97435,0,98.6758,0.585738,59.97902,0,54.4149,-1.535920,59.98485,0,PMU,14411.9,2.906145,59.99067,0,14419.7,0.815929,60.09792,0,14556.4,-1.269390,59.88227,0,79.7059,2.765138,60.00233,0,98.4993,0.641444,59.99417,0,54.627,-1.478128,59.99883,0,PMU
970,8.091667,14488.7,2.636473,59.95604,0,14385.3,0.540823,59.89276,0,14516.4,-1.534943,60.11190,0,78.4954,2.493985,59.99883,0,98.3489,0.370229,60.05362,0,54.6151,4.521294,60.13872,0,PMU,14496.1,2.837500,59.98368,0,14373.7,0.741396,59.88809,0,14503.4,-1.332907,60.10258,0,79.1806,2.695595,59.96503,0,98.7501,0.573898,60.00000,0,54.4891,-1.548370,59.98951,0,PMU,14409.7,-0.313308,59.99767,0,14428.3,3.878778,60.09209,0,14550.7,1.793124,59.87760,0,79.4159,-0.454969,59.98951,0,98.6387,3.705304,59.98834,0,54.4624,1.583840,60.00350,0,PMU,14503.3,2.850560,59.98251,0,14378.5,0.754501,59.88576,0,14509,-1.319724,60.09908,0,79.2711,2.709616,60.00466,0,98.64,0.585372,59.99301,0,54.4705,-1.535859,60.00117,0,PMU,14502.8,2.905656,59.99067,0,14375.1,0.809764,59.88227,0,14507.4,-1.264324,60.09675,0,79.6892,2.763978,59.97785,0,98.6017,0.641321,59.99767,0,54.6533,-1.479104,59.98135,0,PMU
971,8.100000,14400.6,2.637554,60.02065,0,14445.6,0.545034,60.08043,0,14537.4,-1.541962,59.86595,0,78.4686,2.493069,59.98251,0,98.0517,0.366445,59.92773,0,54.809,4.513970,59.86012,0,PMU,14407,2.837439,59.99883,0,14423.2,0.746462,60.09675,0,14548.1,-1.339069,59.88231,0,79.1991,2.696389,60.01515,0,98.6241,0.572799,59.97902,0,54.4846,-1.548615,59.99534,0,PMU,14501.2,-0.314163,59.98368,0,14378.1,3.872918,59.88809,0,14508.3,1.798556,60.10375,0,79.2733,-0.455458,59.99067,0,98.7565,3.705304,60.00000,0,54.4769,1.582497,59.97435,0,PMU,14412.9,2.850377,59.99650,0,14426.7,0.759445,60.09442,0,14554,-1.326010,59.87994,0,79.2674,2.708518,59.97902,0,98.6207,0.584579,59.98485,0,54.4751,-1.536225,59.99301,0,PMU,14412.8,2.905168,59.99067,0,14419,0.814830,60.09675,0,14556.1,-1.270366,59.88460,0,79.7642,2.764650,60.01282,0,98.6871,0.640894,59.99184,0,54.6152,-1.479409,59.99417,0,PMU
972,8.108333,14488.2,2.635252,59.95604,0,14385,0.539541,59.89509,0,14515.6,-1.536225,60.10957,0,78.5432,2.493313,60.00466,0,98.5162,0.369130,60.05129,0,54.669,4.520195,60.11890,0,PMU,14496.4,2.836646,59.98485,0,14373.5,0.740603,59.88809,0,14503.8,-1.333639,60.10370,0,79.2205,2.694619,59.96620,0,98.6001,0.572982,60.00350,0,54.5242,-1.548920,59.99417,0,PMU,14410,-0.314224,59.99883,0,14428.8,3.877801,60.09325,0,14550.5,1.792209,59.87877,0,79.3439,-0.456678,59.97669,0,98.6783,3.704205,59.97902,0,54.415,1.582314,59.99650,0,PMU,14503.4,2.849583,59.98485,0,14378.4,0.753525,59.88693,0,14509.4,-1.320700,60.10141,0,79.318,2.708640,60.00233,0,98.8066,0.584579,60.00000,0,54.4972,-1.536652,59.99184,0,PMU,14502.5,2.904802,59.99301,0,14375,0.808727,59.88343,0,14506.6,-1.265300,60.09675,0,79.6582,2.763307,59.97435,0,98.7267,0.640223,59.98718,0,54.6171,-1.480508,59.97902,0,PMU
973,8.116667,14400.7,2.636473,60.02331,0,14445.4,0.543875,60.08276,0,14536.9,-1.543060,59.86945,0,78.4629,2.492093,59.97669,0,98.005,0.365407,59.92889,0,54.7539,4.512505,59.85312,0,PMU,14406.5,2.836585,59.99883,0,14422.2,0.745486,60.09325,0,14547.7,-1.339985,59.87881,0,79.2451,2.695595,60.01865,0,98.5825,0.571518,59.97202,0,54.4668,-1.549835,59.98251,0,PMU,14501,-0.315139,59.98251,0,14378.8,3.872003,59.88926,0,14508.5,1.797580,60.10258,0,79.183,-0.456739,59.99883,0,98.596,3.703778,59.99184,0,54.4199,1.580911,59.97319,0,PMU,14412.5,2.849461,59.99767,0,14426.7,0.758408,60.09325,0,14553.6,-1.326986,59.87994,0,79.2658,2.707480,59.97785,0,98.6846,0.583724,59.98368,0,54.4663,-1.537323,59.98718,0,PMU,14412.9,2.904252,59.98951,0,14419.1,0.813854,60.09792,0,14555.7,-1.271343,59.88460,0,79.7042,2.763307,60.00000,0,98.5898,0.639735,59.99067,0,54.5807,-1.480752,59.99534,0,PMU
974,8.125000,14487.8,2.634153,59.95570,0,14384,0.538504,59.89742,0,14515.1,-1.537262,60.11073,0,78.5056,2.491971,59.99767,0,98.5305,0.367788,60.04546,0,54.6618,4.520378,60.15037,0,PMU,14496.3,2.835730,59.98368,0,14373.1,0.739565,59.88693,0,14503.9,-1.334677,60.10137,0,79.2908,2.693947,59.96853,0,98.6362,0.571701,60.00350,0,54.5058,-1.550263,59.99184,0,PMU,14410,-0.315200,59.99883,0,14428.8,3.876886,60.09325,0,14550.8,1.791293,59.87994,0,79.3187,-0.457960,59.97669,0,98.4405,3.702862,59.98251,0,54.4274,1.581582,60.01282,0,PMU,14502.8,2.848546,59.98251,0,14378.6,0.752505,59.88726,0,14509.1,-1.321738,60.10024,0,79.3025,2.707602,60.00233,0,98.7346,0.583785,60.00117,0,54.4964,-1.537934,59.98834,0,PMU,14503.1,2.903825,59.99184,0,14374.9,0.807811,59.88460,0,14506.9,-1.266277,60.09675,0,79.6171,2.762147,59.97785,0,98.6129,0.639063,59.98718,0,54.5932,-1.481851,59.97902,0,PMU
975,8.133333,14400.4,2.635313,60.02215,0,14444.7,0.542776,60.08160,0,14536.4,-1.544159,59.86828,0,78.4788,2.490994,59.98135,0,97.9782,0.363760,59.92307,0,54.8404,4.511345,59.82748,0,PMU,14407.9,2.835608,59.99767,0,14423.3,0.744448,60.09325,0,14548.3,-1.340961,59.87998,0,79.3557,2.694985,60.01982,0,98.695,0.571029,59.98718,0,54.487,-1.550568,59.99417,0,PMU,14501.9,-0.316055,59.98368,0,14379.1,3.871148,59.89043,0,14509.3,1.796725,60.10375,0,79.2441,-0.457594,60.00699,0,98.4871,3.702557,59.99417,0,54.4671,1.580483,59.97902,0,PMU,14412.3,2.848423,59.99767,0,14426.8,0.757370,60.09292,0,14553.3,-1.328085,59.87877,0,79.2209,2.706382,59.97669,0,98.6643,0.582748,59.98018,0,54.4587,-1.538422,59.99067,0,PMU,14413.4,2.903276,59.98951,0,14419.3,0.812938,60.09792,0,14556.2,-1.272319,59.88460,0,79.709,2.762269,60.00233,0,98.5325,0.638453,59.98834,0,54.5851,-1.482034,59.99650,0,PMU
976,8.141667,14487.6,2.633116,59.95804,0,14384.1,0.537405,59.89742,0,14515.3,-1.538300,60.11190,0,78.558,2.491116,60.00233,0,98.4587,0.366750,60.05711,0,54.6112,4.518364,60.13405,0,PMU,14498.1,2.834754,59.98368,0,14374.4,0.738650,59.88926,0,14505.3,-1.335531,60.10370,0,79.2955,2.693032,59.96270,0,98.8359,0.570846,59.99650,0,54.523,-1.551300,59.98601,0,PMU,14411.2,-0.315994,60.00117,0,14429.7,3.876031,60.09325,0,14551.6,1.790439,59.87994,0,79.355,-0.458875,59.97553,0,98.4845,3.701519,59.98018,0,54.4647,1.580605,60.00233,0,PMU,14502.5,2.847508,59.98251,0,14378.8,0.751467,59.88726,0,14508.9,-1.322836,60.10024,0,79.3288,2.706687,60.00583,0,98.6941,0.582870,60.00233,0,54.4861,-1.538910,59.99067,0,PMU,14503.5,2.902849,59.99184,0,14375.3,0.806835,59.88343,0,14506.9,-1.267192,60.09792,0,79.666,2.761720,59.98951,0,98.6674,0.638575,60.00233,0,54.6337,-1.482949,59.98251,0,PMU
977,8.150000,14400.6,2.634336,60.02331,0,14445.6,0.541739,60.08276,0,14536,-1.545197,59.86828,0,78.5344,2.490079,59.98018,0,98.1185,0.362600,59.92074,0,54.8334,4.511240,59.86394,0,PMU,14409.7,2.834693,59.99883,0,14425,0.743594,60.09442,0,14550,-1.341816,59.87998,0,79.3469,2.693825,60.01515,0,98.6535,0.569381,59.97202,0,54.4584,-1.552033,59.98601,0,PMU,14502.8,-0.316848,59.98368,0,14380.2,3.870294,59.89043,0,14510.2,1.795871,60.10375,0,79.2769,-0.457777,60.02098,0,98.6057,3.701702,60.00350,0,54.4715,1.579385,59.97669,0,PMU,14411.8,2.847325,59.99650,0,14426.7,0.756332,60.09292,0,14552.7,-1.329123,59.87994,0,79.2434,2.705527,59.97785,0,98.6497,0.581954,59.98251,0,54.4679,-1.539032,59.99767,0,PMU,14413.4,2.902360,59.99067,0,14419.8,0.811900,60.09675,0,14556,-1.273296,59.88343,0,79.777,2.761554,59.99684,0,98.7689,0.637720,59.98368,0,54.6599,-1.482888,60.00117,0,PMU
978,8.158333,14487.7,2.632139,59.95804,0,14384.9,0.536490,59.89975,0,14515.2,-1.539338,60.11190,0,78.5606,2.490079,60.00000,0,98.42,0.365224,60.05012,0,54.7017,4.517510,60.11974,0,PMU,14500.5,2.833960,59.98601,0,14377.2,0.737857,59.89043,0,14507.5,-1.336386,60.10370,0,79.2861,2.691811,59.96153,0,98.6506,0.569015,59.99301,0,54.5009,-1.552948,59.98251,0,PMU,14412.2,-0.316726,60.00233,0,14430.8,3.875238,60.09442,0,14552.5,1.789645,59.88110,0,79.3152,-0.459547,59.96620,0,98.5266,3.700970,59.98601,0,54.4881,1.579690,60.00583,0,PMU,14502,2.846411,59.98256,0,14378,0.750368,59.88610,0,14508.3,-1.323935,60.09908,0,79.2907,2.705710,60.00350,0,98.7099,0.581954,60.00000,0,54.4881,-1.539704,59.98718,0,PMU,14503.9,2.901994,59.99301,0,14376.3,0.805858,59.88460,0,14506.5,-1.268169,60.09792,0,79.7081,2.761066,59.99067,0,98.7229,0.637232,59.99067,0,54.6846,-1.483682,59.98485,0,PMU
979,8.166667,14400.5,2.633360,60.02331,0,14446.6,0.540884,60.08393,0,14536.4,-1.546173,59.86945,0,78.4626,2.488858,59.97669,0,97.9646,0.361379,59.92657,0,54.7853,4.509165,59.84063,0,PMU,14411.3,2.833899,59.99883,0,14427.6,0.742861,60.09558,0,14552,-1.342731,59.87881,0,79.3677,2.692788,60.01865,0,98.4857,0.567428,59.96969,0,54.4533,-1.553253,59.99417,0,PMU,14503.5,-0.317642,59.98251,0,14380.5,3.869500,59.89043,0,14510.7,1.795077,60.10375,0,79.2288,-0.458570,60.01865,0,98.6167,3.701092,60.00233,0,54.4753,1.578713,59.98135,0,PMU,14411.3,2.846289,59.99767,0,14426.2,0.755234,60.09292,0,14551.9,-1.330221,59.87993,0,79.2328,2.704856,59.98368,0,98.6632,0.581039,59.98252,0,54.4428,-1.540192,59.99067,0,PMU,14413.5,2.901445,59.98951,0,14420.8,0.811107,60.10025,0,14556.6,-1.274211,59.88460,0,79.7878,2.760517,59.98951,0,98.5091,0.636195,59.98018,0,54.6467,-1.483987,59.99417,0,PMU
980,8.175000,14488,2.631163,59.95804,0,14385.8,0.535637,59.89979,0,14515.8,-1.540253,60.11307,0,78.5115,2.488919,60.00117,0,98.4831,0.364431,60.05828,0,54.6773,4.517204,60.15354,0,PMU,14501.3,2.833167,59.98601,0,14378.4,0.737063,59.88927,0,14508.9,-1.337240,60.10487,0,79.2759,2.691140,59.96853,0,98.4955,0.567245,59.99650,0,54.4869,-1.553803,59.98951,0,PMU,14412.7,-0.317520,60.00233,0,14431.3,3.874505,60.09559,0,14553.1,1.788852,59.88110,0,79.2658,-0.460340,59.96620,0,98.4992,3.699932,59.97785,0,54.4836,1.578835,60.00233,0,PMU,14501.1,2.845374,59.98251,0,14377.8,0.749270,59.88610,0,14507.6,-1.325033,60.09908,0,79.3201,2.704917,60.00117,0,98.7128,0.581161,60.00233,0,54.4581,-1.540741,59.98951,0,PMU,14504.2,2.901079,59.99301,0,14376.6,0.805065,59.88460,0,14506.9,-1.269023,60.09908,0,79.7197,2.760456,59.99883,0,98.5088,0.636072,59.99767,0,54.6717,-1.484719,59.98601,0,PMU
981,8.183333,14400.5,2.632383,60.02331,0,14446.9,0.540030,60.08389,0,14536.6,-1.547150,59.86828,0,78.4954,2.488064,59.98368,0,97.978,0.360159,59.91841,0,54.8384,4.507578,59.81615,0,PMU,14412.3,2.833045,59.99767,0,14428.5,0.742068,60.09558,0,14553.3,-1.343586,59.87881,0,79.3634,2.691689,60.01049,0,98.4013,0.566396,59.98379,0,54.4496,-1.553925,59.99767,0,PMU,14503.8,-0.318374,59.98368,0,14380.6,3.868707,59.88926,0,14510.6,1.794284,60.10375,0,79.2052,-0.459120,60.02331,0,98.6045,3.700238,60.00583,0,54.4722,1.577981,59.98368,0,PMU,14410.7,2.845191,59.99650,0,14426.1,0.754135,60.09292,0,14551.7,-1.331320,59.87994,0,79.2021,2.703818,59.97902,0,98.648,0.580062,59.97902,0,54.4169,-1.541351,59.98834,0,PMU,14412.9,2.900529,59.98951,0,14420.6,0.810252,60.09908,0,14556.5,-1.275127,59.88343,0,79.7566,2.759479,59.98135,0,98.3758,0.635279,59.98485,0,54.6354,-1.484964,59.99534,0,PMU
982,8.191667,14488,2.630186,59.95804,0,14385.7,0.534722,59.89863,0,14516.3,-1.541229,60.11307,0,78.6083,2.488431,60.00699,0,98.4072,0.363699,60.06761,0,54.6032,4.515434,60.15005,0,PMU,14502.3,2.832251,59.98485,0,14379,0.736209,59.88810,0,14509.6,-1.338095,60.10487,0,79.2347,2.689980,59.96736,0,98.5889,0.566641,60.00466,0,54.4959,-1.554901,59.98135,0,PMU,14413,-0.318313,60.00117,0,14431.4,3.873651,60.09442,0,14553.1,1.788058,59.88110,0,79.2961,-0.460951,59.96503,0,98.6254,3.699505,59.98601,0,54.4738,1.577737,59.99534,0,PMU,14500.9,2.844336,59.98368,0,14377.4,0.748232,59.88726,0,14507.4,-1.326071,60.10025,0,79.2969,2.703635,59.99650,0,98.6369,0.579879,59.99650,0,54.4455,-1.541657,59.99417,0,PMU,14503.4,2.900102,59.99184,0,14376.2,0.804149,59.88343,0,14506.6,-1.270061,60.09675,0,79.6639,2.759601,60.00233,0,98.4852,0.635523,60.00466,0,54.6242,-1.485940,59.98135,0,PMU
983,8.200000,14401.2,2.631407,60.02331,0,14447.5,0.539114,60.08389,0,14536.9,-1.548126,59.86828,0,78.6036,2.487393,59.98018,0,98.122,0.359304,59.91607,0,54.8395,4.507822,59.85462,0,PMU,14412.6,2.832068,59.99650,0,14429,0.741152,60.09442,0,14553.2,-1.344501,59.87764,0,79.3385,2.690652,60.01282,0,98.4504,0.565481,59.97785,0,54.4309,-1.555145,59.99534,0,PMU,14504,-0.319229,59.98251,0,14381.3,3.867853,59.88926,0,14511.1,1.793490,60.10375,0,79.2816,-0.459547,60.02681,0,98.74,3.699627,60.00233,0,54.4485,1.577065,59.98718,0,PMU,14410.5,2.844214,59.99767,0,14426,0.753176,60.09442,0,14551.8,-1.332358,59.87994,0,79.1816,2.702780,59.98368,0,98.6312,0.579391,59.99067,0,54.4154,-1.542267,59.98834,0,PMU,14412.5,2.899614,59.99067,0,14420.3,0.809276,60.09792,0,14556,-1.276101,59.88464,0,79.7273,2.758686,59.98251,0,98.535,0.635096,59.99184,0,54.6235,-1.485513,60.00816,0,PMU
984,8.208333,14488.9,2.629332,59.96037,0,14386.3,0.533867,59.89979,0,14517.1,-1.542084,60.11540,0,78.6707,2.487637,60.00466,0,98.4056,0.362844,60.06761,0,54.6817,4.514458,60.12673,0,PMU,14502.6,2.831275,59.98485,0,14379.1,0.735232,59.88693,0,14509.7,-1.339130,60.10258,0,79.2263,2.689126,59.97086,0,98.5948,0.565969,60.00933,0,54.4821,-1.555756,59.98834,0,PMU,14413.4,-0.319107,60.00233,0,14431.8,3.872857,60.09559,0,14553.5,1.787265,59.88111,0,79.261,-0.461500,59.96270,0,98.6537,3.699017,59.98834,0,54.4522,1.576821,59.99534,0,PMU,14499.5,2.843360,59.98368,0,14376.7,0.747317,59.88809,0,14506.6,-1.326986,60.10258,0,79.2469,2.702536,59.99534,0,98.6367,0.579147,59.99534,0,54.4141,-1.542755,59.99067,0,PMU,14503.1,2.899187,59.99184,0,14375.6,0.803233,59.88460,0,14505.8,-1.270976,60.09788,0,79.6587,2.758930,60.00466,0,98.5618,0.634974,59.99767,0,54.6408,-1.486123,59.98834,0,PMU
985,8.216667,14401.9,2.630613,60.02448,0,14448.2,0.538321,60.08505,0,14537.1,-1.548920,59.86944,0,78.5661,2.486233,59.97319,0,97.9771,0.358327,59.91374,0,54.7501,4.505747,59.83363,0,PMU,14412.6,2.831092,59.99651,0,14429.7,0.740115,60.09325,0,14553.3,-1.345539,59.87760,0,79.3937,2.689736,60.01166,0,98.6508,0.565481,59.99067,0,54.4607,-1.555512,60.00466,0,PMU,14503.8,-0.320022,59.98251,0,14381.1,3.867059,59.88926,0,14511,1.792697,60.10374,0,79.1899,-0.460340,60.02215,0,98.7317,3.698834,59.99650,0,54.4139,1.576211,59.98834,0,PMU,14409.4,2.843238,59.99767,0,14424.1,0.752261,60.09442,0,14550.3,-1.333212,59.88110,0,79.1585,2.702109,59.99184,0,98.499,0.577804,59.97435,0,54.3958,-1.542938,59.99650,0,PMU,14411.9,2.898637,59.98951,0,14420.2,0.808360,60.09792,0,14555.1,-1.277139,59.88231,0,79.6509,2.757526,59.97319,0,98.44,0.633814,59.97785,0,54.583,-1.486734,59.98834,0,PMU
986,8.225000,14489,2.628477,59.95920,0,14387.2,0.533074,59.89979,0,14517.4,-1.543060,60.11191,0,78.6771,2.486417,60.00350,0,98.3894,0.361990,60.06994,0,54.6848,4.514397,60.16520,0,PMU,14502.6,2.830360,59.98601,0,14379.3,0.734255,59.88810,0,14509.9,-1.340107,60.10375,0,79.2595,2.688515,59.97669,0,98.7098,0.565847,60.00699,0,54.5093,-1.556166,59.98751,0,PMU,14412.9,-0.319961,60.00117,0,14430.5,3.871942,60.09325,0,14552.8,1.786349,59.87877,0,79.2496,-0.462354,59.96153,0,98.5595,3.697857,59.98135,0,54.4654,1.576150,59.99883,0,PMU,14497.8,2.842383,59.98368,0,14374.2,0.746340,59.88693,0,14504.6,-1.327963,60.10025,0,79.2619,2.701804,59.99417,0,98.5407,0.578170,60.00699,0,54.4467,-1.543121,59.99650,0,PMU,14503,2.898149,59.99067,0,14375.5,0.802257,59.88343,0,14505.8,-1.271953,60.09904,0,79.6358,2.757953,60.00816,0,98.4435,0.633387,59.99184,0,54.5953,-1.487222,59.99068,0,PMU
987,8.233333,14402,2.629698,60.02331,0,14448.9,0.537466,60.08389,0,14537.7,-1.549896,59.86944,0,78.584,2.485318,59.97902,0,97.9033,0.357229,59.90908,0,54.8962,4.504892,59.81848,0,PMU,14411.9,2.830237,59.99767,0,14429.8,0.739199,60.09442,0,14553,-1.346454,59.87877,0,79.3681,2.688759,60.00466,0,98.6634,0.565298,59.98951,0,54.4694,-1.556288,59.99767,0,PMU,14503.4,-0.320938,59.98135,0,14378.9,3.865960,59.88576,0,14510.3,1.791720,60.10258,0,79.2721,-0.461195,60.02215,0,98.5781,3.697796,59.99883,0,54.47,1.576028,59.99767,0,PMU,14406.9,2.842200,59.99650,0,14421.3,0.751162,60.09209,0,14547.5,-1.334311,59.87877,0,79.1495,2.701438,59.99301,0,98.5279,0.577438,59.98601,0,54.4149,-1.543671,59.98951,0,PMU,14411.7,2.897661,59.99067,0,14420.2,0.807323,60.09675,0,14555.4,-1.278176,59.88114,0,79.7072,2.756488,59.97202,0,98.3426,0.632349,59.98018,0,54.5822,-1.487527,59.99417,0,PMU
988,8.241667,14488.1,2.627501,59.95804,0,14387.5,0.532219,59.89979,0,14518.6,-1.543854,60.11540,0,79.0242,2.484341,59.98135,0,98.2831,0.361440,60.08043,0,54.6768,4.512932,60.15354,0,PMU,14502,2.829444,59.98485,0,14378.8,0.733340,59.88810,0,14509.6,-1.341022,60.10375,0,79.2182,2.687661,59.97902,0,98.7248,0.565237,59.99883,0,54.4954,-1.557508,59.97669,0,PMU,14412.7,-0.320877,60.00117,0,14429.5,3.870721,60.09092,0,14552.4,1.785434,59.87994,0,79.2544,-0.463209,59.96153,0,98.6092,3.697491,59.99417,0,54.4905,1.575173,59.98368,0,PMU,14495.1,2.841224,59.98135,0,14371.3,0.745180,59.88576,0,14501.7,-1.329123,60.09908,0,79.2468,2.700766,59.98718,0,98.5939,0.577987,60.01049,0,54.4412,-1.543793,59.99767,0,PMU,14503.1,2.897111,59.98951,0,14375.5,0.801281,59.88460,0,14506.5,-1.272991,60.09904,0,79.7173,2.756855,60.00699,0,98.4792,0.632471,60.00233,0,54.6211,-1.488137,59.98834,0,PMU
989,8.250000,14401.4,2.628721,60.02331,0,14449.5,0.536551,60.08272,0,14538.1,-1.550690,59.86944,0,79.2097,2.483182,59.97785,0,98.0592,0.356985,59.91491,0,54.9033,4.505015,59.84879,0,PMU,14410.6,2.829261,59.99650,0,14429,0.738222,60.09325,0,14551.8,-1.347431,59.87760,0,79.3729,2.687661,60.00000,0,98.6141,0.564199,59.98018,0,54.4402,-1.557203,60.00583,0,PMU,14503.5,-0.321892,59.98061,0,14379.2,3.864923,59.88926,0,14510.1,1.790805,60.10258,0,79.3265,-0.461744,60.02798,0,98.7843,3.697430,59.99883,0,54.4772,1.574868,59.99417,0,PMU,14405.4,2.840979,59.99534,0,14420.2,0.749941,60.09092,0,14545.4,-1.335531,59.87760,0,79.1865,2.700766,60.00000,0,98.6128,0.577194,59.98485,0,54.4445,-1.544586,59.98485,0,PMU,14412.3,2.896745,59.99301,0,14420.9,0.806346,60.09675,0,14555.8,-1.279153,59.88231,0,79.4838,2.754841,59.96153,0,98.5206,0.631617,59.98368,0,54.633,-1.488198,59.99883,0,PMU
990,8.258333,14489.1,2.626585,59.95920,0,14388,0.531365,59.90096,0,14519.2,-1.544708,60.11424,0,79.3819,2.483182,60.00000,0,98.5187,0.361013,60.07694,0,54.7787,4.511772,60.12906,0,PMU,14501,2.828406,59.98368,0,14378,0.732363,59.88810,0,14508.3,-1.342060,60.10258,0,79.2397,2.687173,59.99067,0,98.6163,0.564321,60.00233,0,54.483,-1.557936,59.98601,0,PMU,14412.3,-0.321770,60.00233,0,14428.8,3.869928,60.09559,0,14552.6,1.784518,59.87994,0,79.2436,-0.463941,59.95804,0,98.6763,3.696942,59.99067,0,54.4803,1.574136,59.98601,0,PMU,14494.7,2.840064,59.98251,0,14371.2,0.743960,59.88576,0,14501.4,-1.330282,60.10025,0,79.2655,2.699424,59.97435,0,98.7435,0.577072,59.99767,0,54.4755,-1.545197,59.98834,0,PMU,14503.8,2.896318,59.99184,0,14376.2,0.800304,59.88460,0,14506.6,-1.273906,60.10021,0,79.4,2.755024,60.00350,0,98.517,0.631434,59.99650,0,54.6675,-1.488626,59.99184,0,PMU
991,8.266667,14401.4,2.627928,60.02565,0,14449.8,0.535759,60.08393,0,14537.9,-1.551483,59.87061,0,79.2206,2.482510,59.98718,0,97.9962,0.356008,59.90441,0,54.8235,4.502878,59.83014,0,PMU,14409.7,2.828284,59.99767,0,14428.3,0.737185,60.09209,0,14550.7,-1.348469,59.87760,0,79.4159,2.686623,59.98951,0,98.6387,0.563711,59.98834,0,54.4624,-1.557752,60.00350,0,PMU,14503,-0.322808,59.98018,0,14376.9,3.864129,59.88926,0,14510.1,1.790011,60.10491,0,79.2803,-0.462721,60.02331,0,98.6842,3.696514,59.99184,0,54.4309,1.574014,59.99767,0,PMU,14405.3,2.839942,59.99767,0,14420.6,0.748904,60.09442,0,14545.9,-1.336569,59.87994,0,79.2011,2.699668,60.00466,0,98.6087,0.575729,59.97435,0,54.4193,-1.545807,59.98834,0,PMU,14412.3,2.895891,59.99184,0,14421.7,0.805431,60.09791,0,14555.2,-1.280069,59.88231,0,79.3417,2.753498,59.97086,0,98.3807,0.630396,59.98018,0,54.6104,-1.488992,59.99301,0,PMU
992,8.275000,14488,2.625730,59.95804,0,14387.3,0.530449,59.89859,0,14518.1,-1.545624,60.11191,0,79.2628,2.481536,59.98139,0,98.3976,0.360036,60.07693,0,54.718,4.511284,60.16054,0,PMU,14501.2,2.827430,59.98368,0,14378.1,0.731326,59.88809,0,14508.3,-1.343036,60.10375,0,79.2733,2.686135,59.99067,0,98.7565,0.563711,60.00000,0,54.4769,-1.559095,59.97435,0,PMU,14412.1,-0.322686,60.00233,0,14427.5,3.869073,60.09442,0,14552.6,1.783664,59.87877,0,79.2211,-0.464613,59.96386,0,98.5728,3.695538,59.98135,0,54.4384,1.572976,59.98018,0,PMU,14495.6,2.839209,59.98601,0,14371.9,0.743105,59.88926,0,14502.1,-1.331137,60.10375,0,79.2653,2.698159,59.97118,0,98.6623,0.576095,60.00699,0,54.4662,-1.546112,59.99417,0,PMU,14502.5,2.895402,59.99067,0,14375.7,0.799389,59.88460,0,14505.8,-1.274822,60.10021,0,79.3326,2.753986,60.00932,0,98.4555,0.630579,60.00350,0,54.613,-1.489480,59.99067,0,PMU
993,8.283333,14400.5,2.626951,60.02331,0,14448.7,0.534722,60.08160,0,14537.1,-1.552521,59.86828,0,79.1384,2.481109,59.99184,0,98.0141,0.354971,59.90325,0,54.8693,4.502024,59.82314,0,PMU,14410,2.827369,59.99883,0,14428.8,0.736209,60.09325,0,14550.5,-1.349384,59.87877,0,79.3439,2.684914,59.97669,0,98.6783,0.562612,59.97902,0,54.415,-1.559278,59.99650,0,PMU,14502.7,-0.323723,59.98018,0,14377,3.863277,59.88930,0,14510.2,1.789035,60.10258,0,79.2897,-0.463575,60.01982,0,98.6281,3.695355,59.99650,0,54.4248,1.572976,60.00000,0,PMU,14405.5,2.839148,59.99883,0,14421.3,0.748110,60.09559,0,14546,-1.337423,59.87993,0,79.1972,2.698586,60.00816,0,98.6682,0.574813,59.97552,0,54.4218,-1.546967,59.98368,0,PMU,14410.7,2.894975,59.99184,0,14419.8,0.804515,60.09791,0,14553.8,-1.280984,59.88231,0,79.3282,2.753071,59.98252,0,98.3814,0.629847,59.98601,0,54.5832,-1.489602,59.99767,0,PMU
994,8.291667,14487.2,2.624693,59.95687,0,14386.9,0.529473,59.89975,0,14518.3,-1.546662,60.11191,0,79.2224,2.480498,59.98834,0,98.4276,0.359365,60.08393,0,54.6623,4.510080,60.15387,0,PMU,14501,2.826453,59.98251,0,14378.8,0.730410,59.88926,0,14508.5,-1.344013,60.10258,0,79.183,2.684853,59.99883,0,98.596,0.562185,59.99184,0,54.4199,-1.560682,59.97319,0,PMU,14412.2,-0.323601,60.00233,0,14427.8,3.868158,60.09321,0,14553.1,1.782748,59.87994,0,79.1868,-0.465711,59.95920,0,98.6167,3.694806,59.98951,0,54.4307,1.571755,59.97669,0,PMU,14495.8,2.838416,59.98601,0,14372.9,0.742251,59.88809,0,14502.5,-1.331991,60.10375,0,79.2058,2.696755,59.96503,0,98.6629,0.574630,59.99650,0,54.4508,-1.547516,59.98951,0,PMU,14500.5,2.894365,59.98834,0,14373.3,0.798412,59.88344,0,14504.3,-1.275798,60.09904,0,79.3313,2.753315,60.00466,0,98.4972,0.630152,60.00583,0,54.5709,-1.490579,59.98135,0,PMU
995,8.300000,14399.9,2.625853,60.02215,0,14448.2,0.533745,60.08160,0,14536.4,-1.553497,59.86944,0,79.1379,2.480620,60.00233,0,98.0011,0.354299,59.90325,0,54.827,4.501902,59.84380,0,PMU,14410,2.826392,59.99883,0,14428.8,0.735293,60.09325,0,14550.8,-1.350300,59.87994,0,79.3187,2.683633,59.97669,0,98.4405,0.561269,59.98251,0,54.4274,-1.560011,60.01282,0,PMU,14502.7,-0.324517,59.98251,0,14377.3,3.862423,59.89047,0,14510.4,1.788180,60.10374,0,79.2854,-0.464613,60.02098,0,98.745,3.694806,60.00000,0,54.4338,1.572244,60.00933,0,PMU,14406,2.838355,59.99883,0,14422,0.747256,60.09559,0,14546.6,-1.338278,59.87993,0,79.1525,2.697426,60.01282,0,98.5851,0.573898,59.98601,0,54.44,-1.547821,59.99417,0,PMU,14409,2.893938,59.99184,0,14417.8,0.803417,60.09558,0,14551.3,-1.282083,59.87998,0,79.294,2.752399,59.98251,0,98.4604,0.629237,59.98251,0,54.5249,-1.490762,59.99650,0,PMU
996,8.308333,14486.2,2.623655,59.95804,0,14386.6,0.528496,59.89975,0,14517.4,-1.547699,60.11074,0,79.2062,2.479766,59.98368,0,98.4195,0.358205,60.07460,0,54.6963,4.508982,60.13522,0,PMU,14501.9,2.825538,59.98368,0,14379.1,0.729556,59.89043,0,14509.3,-1.344868,60.10375,0,79.2441,2.683999,60.00699,0,98.4871,0.560964,59.99417,0,54.4671,-1.561109,59.97902,0,PMU,14412,-0.324395,60.00233,0,14425.3,3.866876,60.08505,0,14546.8,1.781833,59.87877,0,79.142,-0.466566,59.96270,0,99.4685,3.701153,60.12123,0,55.4083,1.565687,59.87478,0,PMU,14496.1,2.837500,59.98368,0,14373.7,0.741396,59.88809,0,14503.4,-1.332907,60.10258,0,79.1806,2.695595,59.96503,0,98.7501,0.573898,60.00000,0,54.4891,-1.548370,59.98951,0,PMU,14498,2.893328,59.98835,0,14371.4,0.797313,59.88344,0,14501.9,-1.276895,60.09908,0,79.277,2.752338,59.99883,0,98.5317,0.628992,59.99534,0,54.5296,-1.491494,59.98601,0,PMU
997,8.316667,14399.2,2.624876,60.02331,0,14447.9,0.532769,60.08160,0,14535.7,-1.554535,59.86944,0,79.1511,2.480071,60.00583,0,97.8852,0.352956,59.89975,0,54.7334,4.500132,59.83098,0,PMU,14411.2,2.825599,60.00117,0,14429.7,0.734439,60.09325,0,14551.6,-1.351154,59.87994,0,79.355,2.682717,59.97553,0,98.4845,0.559927,59.98018,0,54.4647,-1.560987,60.00233,0,PMU,14501.2,-0.325554,59.97785,0,14093.1,3.862911,59.92427,0,14378.1,1.806672,60.47439,0,79.2486,-0.466139,60.00816,0,129.659,3.680035,59.59668,0,76.6822,1.171532,52.47220,0,PMU,14407,2.837439,59.99883,0,14423.2,0.746462,60.09675,0,14548.1,-1.339069,59.88231,0,79.1991,2.696389,60.01515,0,98.6241,0.572799,59.97902,0,54.4846,-1.548615,59.99534,0,PMU,14407.4,2.892839,59.99067,0,14416.5,0.802379,60.09675,0,14549.6,-1.283120,59.88110,0,79.2336,2.751056,59.97552,0,98.3559,0.628155,59.98401,0,54.5527,-1.491433,60.00117,0,PMU
998,8.325000,14485.1,2.622679,59.95804,0,14385.9,0.527520,59.89975,0,14516.8,-1.548798,60.10957,0,79.1686,2.478606,59.97202,0,98.3486,0.356985,60.07693,0,54.706,4.509287,60.17485,0,PMU,14502.8,2.824744,59.98368,0,14380.2,0.728701,59.89043,0,14510.2,-1.345722,60.10375,0,79.2769,2.683816,60.02098,0,98.6057,0.560110,60.00350,0,54.4715,-1.562208,59.97669,0,PMU,14392.7,-0.327996,59.95337,0,11629,3.723730,57.34184,1,11726.7,1.928636,62.32934,1,79.285,-0.474498,59.84034,0,767.867,3.269903,52.16705,1,718.532,0.167050,40.81580,1,PMU,14496.4,2.836646,59.98485,0,14373.5,0.740603,59.88809,0,14503.8,-1.333639,60.10370,0,79.2205,2.694619,59.96620,0,98.6001,0.572982,60.00350,0,54.5242,-1.548920,59.99417,0,PMU,14497.4,2.892290,59.98951,0,14370.5,0.796276,59.88344,0,14501.5,-1.277993,60.09792,0,79.2609,2.751117,60.00117,0,98.4397,0.627484,59.98718,0,54.5949,-1.492166,59.98601,0,PMU
999,8.333333,14398,2.623777,60.02098,0,14446.9,0.531670,60.07927,0,14535.3,-1.555634,59.86944,0,79.1402,2.478728,60.00233,0,97.8628,0.351797,59.90092,0,54.9091,4.499521,59.81349,0,PMU,14412.2,2.824866,60.00233,0,14430.8,0.733645,60.09442,0,14552.5,-1.351948,59.88110,0,79.3152,2.682046,59.96620,0,98.5266,0.559377,59.98601,0,54.4881,-1.561903,60.00583,0,PMU,14440,-0.336967,59.82865,0,10631.6,3.483870,55.41901,1,9267.77,1.965239,60.69907,1,83.6504,-0.489024,59.72257,0,1686.31,3.144627,57.60740,1,1622.42,0.007856,56.95962,1,POW,14406.5,2.836585,59.99883,0,14422.2,0.745486,60.09325,0,14547.7,-1.339985,59.87881,0,79.2451,2.695595,60.01865,0,98.5825,0.571518,59.97202,0,54.4668,-1.549835,59.98251,0,PMU,14406.9,2.891802,59.99067,0,14415.9,0.801403,60.09792,0,14549.4,-1.284158,59.88227,0,79.2191,2.750202,59.98251,0,98.2848,0.627057,59.99184,0,54.6141,-1.492105,60.00117,0,PMU
1000,8.341667,14484.8,2.621519,59.95687,0,14385.5,0.526360,59.89859,0,14516.7,-1.549896,60.10957,0,79.204,2.477630,59.97902,0,98.3758,0.356008,60.08043,0,54.7342,4.507273,60.14804,0,PMU,14503.5,2.823951,59.98251,0,14380.5,0.727908,59.89043,0,14510.7,-1.346515,60.10375,0,79.2288,2.683022,60.01865,0,98.6167,0.559499,60.00233,0,54.4753,-1.562879,59.98135,0,PMU,14351.4,-0.341667,59.91024,0,13371.6,3.674239,63.63578,1,12735.4,1.738823,55.67577,1,90.1176,-0.495067,59.88460,0,473.911,3.140451,59.92024,1,192.984,-0.095232,58.03117,1,POW,14496.3,2.835730,59.98368,0,14373.1,0.739565,59.88693,0,14503.9,-1.334677,60.10137,0,79.2908,2.693947,59.96853,0,98.6362,0.571701,60.00350,0,54.5058,-1.550263,59.99184,0,PMU,14497.3,2.891313,59.99067,0,14370.1,0.795421,59.88576,0,14502.1,-1.278848,60.10141,0,79.2764,2.750324,60.00233,0,98.4594,0.626935,59.99767,0,54.6391,-1.493081,59.98135,0,PMU
1001,8.350000,14398.1,2.622740,60.02331,0,14447.3,0.530632,60.08160,0,14535.4,-1.556715,59.86978,0,79.175,2.477935,60.00583,0,97.9968,0.351125,59.90675,0,54.9255,4.499521,59.85196,0,PMU,14412.7,2.824073,60.00233,0,14431.3,0.732913,60.09559,0,14553.1,-1.352741,59.88110,0,79.2658,2.681252,59.96620,0,98.4992,0.558340,59.97785,0,54.4836,-1.562757,60.00233,0,PMU,14458.9,-0.339226,60.04663,0,13578.8,3.767551,61.78212,1,14163.9,1.760427,60.41260,1,87.416,-0.510247,59.71008,0,379.064,3.341965,63.84864,1,107.322,1.142177,83.63277,1,POW,14407.9,2.835608,59.99767,0,14423.3,0.744448,60.09325,0,14548.3,-1.340961,59.87998,0,79.3557,2.694985,60.01982,0,98.695,0.571029,59.98718,0,54.487,-1.550568,59.99417,0,PMU,14406.8,2.890947,59.99301,0,14415.8,0.800548,60.09792,0,14549.2,-1.285012,59.88227,0,79.2286,2.749958,59.99301,0,98.4149,0.626385,59.98951,0,54.6347,-1.493325,59.99534,0,PMU
1002,8.358333,14485,2.620543,59.95804,0,14386.1,0.525383,59.89975,0,14516.9,-1.550934,60.11041,0,79.1669,2.476592,59.97435,0,98.4944,0.355154,60.07694,0,54.8543,4.506052,60.12473,0,PMU,14503.8,2.823218,59.98368,0,14380.6,0.727114,59.88926,0,14510.6,-1.347309,60.10375,0,79.2052,2.682473,60.02331,0,98.6045,0.558645,60.00583,0,54.4722,-1.563612,59.98368,0,PMU,14346.8,-0.332756,60.12356,0,13573.4,3.809340,60.79811,1,14232.5,1.774692,60.27244,1,85.3548,-0.516595,59.87877,0,316.608,3.195571,57.20408,1,89.727,0.938508,56.11021,1,POW,14498.1,2.834754,59.98368,0,14374.4,0.738650,59.88926,0,14505.3,-1.335531,60.10370,0,79.2955,2.693032,59.96270,0,98.8359,0.570846,59.99650,0,54.523,-1.551300,59.98601,0,PMU,14497,2.890459,59.99067,0,14369.6,0.794567,59.88576,0,14501.4,-1.279763,60.10025,0,79.2925,2.750324,60.00699,0,98.4394,0.625714,59.98718,0,54.6609,-1.493814,59.99067,0,PMU
1003,8.366667,14398.1,2.621824,60.02447,0,14447.6,0.529717,60.08276,0,14536.1,-1.557630,59.87211,0,79.1121,2.476592,60.00000,0,97.9792,0.350210,59.90558,0,54.8733,4.498118,59.84846,0,PMU,14413,2.823280,60.00117,0,14431.4,0.732058,60.09442,0,14553.1,-1.353534,59.88110,0,79.2961,2.680642,59.96503,0,98.6254,0.557913,59.98601,0,54.4738,-1.563856,59.99534,0,PMU,14438.7,-0.331536,60.02331,0,13710.1,3.824964,60.29841,0,14315.3,1.778964,60.08160,0,81.3149,-0.531670,59.71208,0,222.602,3.267278,61.36951,1,68.3888,1.413695,69.07541,1,POW,14409.7,2.834693,59.99883,0,14425,0.743594,60.09442,0,14550,-1.341816,59.87998,0,79.3469,2.693825,60.01515,0,98.6535,0.569381,59.97202,0,54.4584,-1.552033,59.98601,0,PMU,14406.5,2.890032,59.99184,0,14415.1,0.799633,60.09675,0,14548.4,-1.285867,59.88343,0,79.2599,2.749653,59.98718,0,98.3526,0.625104,59.98834,0,54.6337,-1.494296,59.99078,0,PMU
1004,8.375000,14485.1,2.619688,59.95921,0,14386.3,0.524468,59.89975,0,14516.7,-1.551849,60.11041,0,79.0813,2.475249,59.97435,0,98.3974,0.353933,60.07111,0,54.7826,4.506357,60.15737,0,PMU,14504,2.822364,59.98251,0,14381.3,0.726260,59.88926,0,14511.1,-1.348102,60.10375,0,79.2816,2.682046,60.02681,0,98.74,0.558035,60.00233,0,54.4485,-1.564527,59.98718,0,PMU,14359.3,-0.330681,60.01632,0,13902.1,3.839291,60.27361,0,14381.3,1.773227,59.89043,0,80.4739,-0.513604,60.34504,0,230.92,3.317429,60.95781,0,77.9443,1.143642,54.84236,0,POW,14500.5,2.833960,59.98601,0,14377.2,0.737857,59.89043,0,14507.5,-1.336386,60.10370,0,79.2861,2.691811,59.96153,0,98.6506,0.569015,59.99301,0,54.5009,-1.552948,59.98251,0,PMU,14496.7,2.889604,59.99184,0,14369.3,0.793651,59.88576,0,14500.8,-1.280679,60.09908,0,79.2465,2.749408,59.99534,0,98.4629,0.624127,59.98135,0,54.6346,-1.494907,59.98834,0,PMU
1005,8.383333,14398.1,2.620970,60.02448,0,14447.7,0.528801,60.08276,0,14536.4,-1.558546,59.87211,0,79.012,2.475493,60.00466,0,97.9054,0.349111,59.90791,0,54.8795,4.497263,59.82631,0,PMU,14413.4,2.822486,60.00233,0,14431.8,0.731265,60.09559,0,14553.5,-1.354328,59.88111,0,79.261,2.680093,59.96270,0,98.6537,0.557424,59.98834,0,54.4522,-1.564771,59.99534,0,PMU,14469.7,-0.332024,59.97435,0,14019.9,3.835690,59.93122,0,14431.6,1.776157,60.05595,0,81.8186,-0.495921,60.33771,0,165.921,3.404872,61.67004,0,68.5334,1.611471,68.93489,0,POW,14411.3,2.833899,59.99883,0,14427.6,0.742861,60.09558,0,14552,-1.342731,59.87881,0,79.3677,2.692788,60.01865,0,98.4857,0.567428,59.96969,0,54.4533,-1.553253,59.99417,0,PMU,14406.4,2.889177,59.99184,0,14415.1,0.798656,60.09559,0,14548.2,-1.286843,59.88227,0,79.2016,2.748615,59.98485,0,98.3803,0.624249,60.00233,0,54.6294,-1.495456,59.98951,0,PMU
1006,8.391667,14485.3,2.618773,59.95804,0,14386.7,0.523552,59.89975,0,14516.9,-1.552765,60.11041,0,78.9667,2.474578,59.98251,0,98.3479,0.353140,60.07694,0,54.6825,4.504343,60.13522,0,PMU,14503.8,2.821571,59.98251,0,14381.1,0.725466,59.88926,0,14511,-1.348896,60.10374,0,79.1899,2.681252,60.02215,0,98.7317,0.557241,59.99650,0,54.4139,-1.565382,59.98834,0,PMU,14390.4,-0.331291,60.01399,0,14161.1,3.846920,60.21449,0,14456.8,1.772678,59.93356,0,81.1357,-0.495433,60.00933,0,174.744,3.375210,59.43348,0,72.9238,1.208318,52.30035,0,POW,14501.3,2.833167,59.98601,0,14378.4,0.737063,59.88927,0,14508.9,-1.337240,60.10487,0,79.2759,2.691140,59.96853,0,98.4955,0.567245,59.99650,0,54.4869,-1.553803,59.98951,0,PMU,14496.2,2.888628,59.98951,0,14369.5,0.792675,59.88576,0,14501.3,-1.281655,60.09908,0,79.1999,2.748249,59.99301,0,98.5337,0.623761,59.99067,0,54.6331,-1.496188,59.98601,0,PMU
1007,8.400000,14398.2,2.619993,60.02331,0,14448.3,0.527886,60.08276,0,14536.7,-1.559522,59.87094,0,78.9351,2.474639,60.00117,0,97.9993,0.348867,59.91840,0,54.8623,4.497324,59.86595,0,PMU,14412.9,2.821632,60.00117,0,14430.5,0.730349,60.09325,0,14552.8,-1.355243,59.87877,0,79.2496,2.679238,59.96153,0,98.5595,0.556265,59.98135,0,54.4654,-1.565443,59.99883,0,PMU,14491.7,-0.331841,59.98951,0,14210.1,3.843929,59.94288,0,14464.9,1.779208,60.12473,0,80.5581,-0.484447,60.20982,0,119.68,3.487593,62.14637,0,61.353,1.610861,67.68800,0,POW,14412.3,2.833045,59.99767,0,14428.5,0.742068,60.09558,0,14553.3,-1.343586,59.87881,0,79.3634,2.691689,60.01049,0,98.4013,0.566396,59.98379,0,54.4496,-1.553925,59.99767,0,PMU,14406.1,2.888140,59.99067,0,14415.1,0.797680,60.09559,0,14548.3,-1.287820,59.88227,0,79.1981,2.747638,59.98834,0,98.3869,0.623944,60.00350,0,54.5986,-1.496616,59.99184,0,PMU
1008,8.408333,14485.9,2.617918,59.96037,0,14387.7,0.522698,59.90092,0,14517.4,-1.553742,60.11041,0,78.8993,2.474090,59.98951,0,98.5711,0.352651,60.07227,0,54.7897,4.503733,60.12240,0,PMU,14503.4,2.820655,59.98135,0,14378.9,0.724368,59.88576,0,14510.3,-1.349872,60.10258,0,79.2721,2.680398,60.02215,0,98.5781,0.556204,59.99883,0,54.47,-1.565565,59.99767,0,PMU,14398.2,-0.330620,60.02331,0,14281.4,3.857784,60.26460,0,14471.4,1.774875,59.91724,0,79.6407,-0.484813,59.99301,0,138.16,3.443854,59.16464,0,66.1488,1.229312,52.71296,0,POW,14502.3,2.832251,59.98485,0,14379,0.736209,59.88810,0,14509.6,-1.338095,60.10487,0,79.2347,2.689980,59.96736,0,98.5889,0.566641,60.00466,0,54.4959,-1.554901,59.98135,0,PMU,14496,2.887590,59.98951,0,14369.4,0.791759,59.88693,0,14501.5,-1.282632,60.09908,0,79.2198,2.747272,59.99301,0,98.4017,0.622906,59.98018,0,54.5988,-1.497287,59.98718,0,PMU
1009,8.416667,14398.5,2.619261,60.02565,0,14448.7,0.527092,60.08393,0,14537.2,-1.560316,59.87444,0,78.8397,2.474273,60.00350,0,97.9711,0.348198,59.91495,0,54.8065,4.496042,59.85312,0,PMU,14412.7,2.820716,60.00117,0,14429.5,0.729129,60.09092,0,14552.4,-1.356159,59.87994,0,79.2544,2.678384,59.96153,0,98.6092,0.555898,59.99417,0,54.4905,-1.566419,59.98368,0,PMU,14490.7,-0.331475,59.98368,0,14280.5,3.852901,59.90675,0,14475.5,1.779453,60.08743,0,78.9829,-0.483714,60.02098,0,99.3152,3.609806,63.16946,0,59.8114,1.628132,67.61689,0,POW,14412.6,2.832068,59.99650,0,14429,0.741152,60.09442,0,14553.2,-1.344501,59.87764,0,79.3385,2.690652,60.01282,0,98.4504,0.565481,59.97785,0,54.4309,-1.555145,59.99534,0,PMU,14407.6,2.887102,59.99067,0,14416,0.796703,60.09442,0,14549.9,-1.288797,59.88227,0,79.2445,2.746601,59.98718,0,98.3036,0.622784,59.99767,0,54.6127,-1.497775,59.99067,0,PMU
1010,8.425000,14486,2.617064,59.95804,0,14387.3,0.521843,59.89975,0,14516.4,-1.554596,60.10924,0,78.7709,2.473113,59.97785,0,98.443,0.351736,60.06757,0,54.7499,4.503611,60.14454,0,PMU,14503.5,2.819701,59.98061,0,14379.2,0.723330,59.88926,0,14510.1,-1.350788,60.10258,0,79.3265,2.679849,60.02798,0,98.7843,0.555837,59.99883,0,54.4772,-1.566725,59.99417,0,PMU,14398.5,-0.330864,60.01166,0,14327.8,3.861507,60.16436,0,14490.7,1.773898,59.89392,0,78.8229,-0.484752,59.98018,0,124.437,3.513897,58.16826,0,64.4837,1.268657,53.13454,0,POW,14502.6,2.831275,59.98485,0,14379.1,0.735232,59.88693,0,14509.7,-1.339130,60.10258,0,79.2263,2.689126,59.97086,0,98.5948,0.565969,60.00933,0,54.4821,-1.555756,59.98834,0,PMU,14499.5,2.886614,59.99067,0,14371.9,0.790783,59.88693,0,14504.3,-1.283548,60.10025,0,79.2922,2.746174,59.99184,0,98.4391,0.621625,59.97785,0,54.6459,-1.498508,59.98601,0,PMU
1011,8.433333,14397.9,2.618346,60.02448,0,14448.7,0.526177,60.08276,0,14536.5,-1.561354,59.87094,0,78.7709,2.472930,59.99650,0,97.9982,0.347099,59.91145,0,54.889,4.494944,59.83448,0,PMU,14412.3,2.819823,60.00233,0,14428.8,0.728335,60.09559,0,14552.6,-1.357074,59.87994,0,79.2436,2.677651,59.95804,0,98.6763,0.555349,59.99067,0,54.4803,-1.567457,59.98601,0,PMU,14494.6,-0.332329,59.97202,0,14322,3.851619,59.81116,0,14493.7,1.778903,60.09559,0,79.1643,-0.481212,60.06761,0,95.5896,3.670394,62.98887,0,57.9747,1.636493,67.02515,0,POW,14412.6,2.831092,59.99651,0,14429.7,0.740115,60.09325,0,14553.3,-1.345539,59.87760,0,79.3937,2.689736,60.01166,0,98.6508,0.565481,59.99067,0,54.4607,-1.555512,60.00466,0,PMU,14410.1,2.886308,59.99417,0,14419.2,0.795848,60.09675,0,14552.8,-1.289651,59.88343,0,79.2465,2.745380,59.98485,0,98.379,0.621564,59.99883,0,54.5991,-1.499728,59.97669,0,PMU
1012,8.441667,14485.6,2.616026,59.95570,0,14387,0.520806,59.89742,0,14516,-1.555634,60.10924,0,78.7955,2.472503,59.99184,0,98.4781,0.350515,60.06524,0,54.7304,4.502024,60.13521,0,PMU,14503,2.818785,59.98018,0,14376.9,0.722537,59.88926,0,14510.1,-1.351581,60.10491,0,79.2803,2.678872,60.02331,0,98.6842,0.554922,59.99184,0,54.4309,-1.567579,59.99767,0,PMU,14401.4,-0.332207,60.00233,0,14363.4,3.859066,60.14221,0,14503.9,1.773532,59.89742,0,80.082,-0.485790,59.91257,0,119.529,3.534204,57.39897,0,61.0041,1.290078,53.38396,0,POW,14502.6,2.830360,59.98601,0,14379.3,0.734255,59.88810,0,14509.9,-1.340107,60.10375,0,79.2595,2.688515,59.97669,0,98.7098,0.565847,60.00699,0,54.5093,-1.556166,59.98751,0,PMU,14502.1,2.885759,59.98951,0,14374.8,0.789928,59.88693,0,14507.5,-1.284402,60.10025,0,79.2697,2.744831,59.98951,0,98.487,0.620465,59.97902,0,54.5768,-1.500583,59.98368,0,PMU
1013,8.450000,14397.8,2.617308,60.02448,0,14448.6,0.525139,60.08276,0,14536.3,-1.562391,59.87094,0,78.8324,2.472625,60.00233,0,98.0633,0.346123,59.91611,0,54.8872,4.495249,59.87061,0,PMU,14412.1,2.818907,60.00233,0,14427.5,0.727481,60.09442,0,14552.6,-1.357929,59.87877,0,79.2211,2.676980,59.96386,0,98.5728,0.553945,59.98135,0,54.4384,-1.568617,59.98018,0,PMU,14497.5,-0.333549,59.97436,0,14345.3,3.851192,59.84963,0,14500,1.778964,60.10375,0,80.3546,-0.485729,60.00117,0,93.373,3.680279,62.78983,0,55.9788,1.637470,66.63469,0,POW,14411.9,2.830237,59.99767,0,14429.8,0.739199,60.09442,0,14553,-1.346454,59.87877,0,79.3681,2.688759,60.00466,0,98.6634,0.565298,59.98951,0,54.4694,-1.556288,59.99767,0,PMU,14413.1,2.885515,59.99534,0,14422.5,0.795055,60.09792,0,14555.9,-1.290444,59.88460,0,79.3055,2.744404,59.99184,0,98.4892,0.620526,60.00117,0,54.5818,-1.500827,59.99534,0,PMU
1014,8.458333,14485.9,2.615050,59.95687,0,14386.8,0.519829,59.89859,0,14516,-1.556593,60.11074,0,78.8035,2.471892,59.98601,0,98.6169,0.349416,60.06291,0,54.8344,4.501230,60.11423,0,PMU,14502.7,2.817870,59.98018,0,14377,0.721684,59.88930,0,14510.2,-1.352558,60.10258,0,79.2897,2.678018,60.01982,0,98.6281,0.553762,59.99650,0,54.4248,-1.568617,60.00000,0,PMU,14403.4,-0.332939,60.01165,0,14376.6,3.860103,60.17019,0,14506.7,1.773288,59.89159,0,80.3965,-0.487621,59.96386,0,115.98,3.548547,57.48410,0,59.9201,1.305459,53.65906,0,POW,14502,2.829444,59.98485,0,14378.8,0.733340,59.88810,0,14509.6,-1.341022,60.10375,0,79.2182,2.687661,59.97902,0,98.7248,0.565237,59.99883,0,54.4954,-1.557508,59.97669,0,PMU,14503.3,2.884966,59.98951,0,14376.5,0.789135,59.88693,0,14508.3,-1.285195,60.10025,0,79.3001,2.744038,59.99301,0,98.4881,0.619488,59.98018,0,54.5709,-1.501315,59.99068,0,PMU
1015,8.466667,14397.7,2.616392,60.02565,0,14448.8,0.524163,60.08276,0,14536.3,-1.563307,59.87177,0,78.795,2.471343,59.98951,0,98.0208,0.345085,59.91728,0,54.8473,4.493540,59.85313,0,PMU,14412.2,2.817992,60.00233,0,14427.8,0.726565,60.09321,0,14553.1,-1.358844,59.87994,0,79.1868,2.675881,59.95920,0,98.6167,0.553213,59.98951,0,54.4307,-1.569837,59.97669,0,PMU,14496.7,-0.334038,59.97902,0,14347.7,3.852474,59.85429,0,14500.5,1.778415,60.09792,0,79.8321,-0.489451,59.96503,0,92.0316,3.686261,62.63014,0,55.7678,1.626911,66.13929,0,POW,14410.6,2.829261,59.99650,0,14429,0.738222,60.09325,0,14551.8,-1.347431,59.87760,0,79.3729,2.687661,60.00000,0,98.6141,0.564199,59.98018,0,54.4402,-1.557203,60.00583,0,PMU,14413.2,2.884600,59.99301,0,14422.8,0.794140,60.09559,0,14555.4,-1.291360,59.88227,0,79.2835,2.743549,59.99067,0,98.4052,0.619366,59.99767,0,54.5322,-1.501865,59.98951,0,PMU
1016,8.475000,14485,2.614073,59.95570,0,14386.6,0.518853,59.89859,0,14515.5,-1.557569,60.10957,0,78.7733,2.470611,59.98601,0,98.5326,0.348381,60.06295,0,54.7609,4.500559,60.13405,0,PMU,14502.7,2.817076,59.98251,0,14377.3,0.720830,59.89047,0,14510.4,-1.353412,60.10374,0,79.2854,2.676980,60.02098,0,98.745,0.553213,60.00000,0,54.4338,-1.569349,60.00933,0,PMU,14402.9,-0.333549,60.00933,0,14381.9,3.859554,60.13522,0,14510.8,1.772189,59.88110,0,79.9328,-0.487682,60.03380,0,113.344,3.562827,57.64259,0,59.7571,1.334372,54.41291,0,PMU,14501,2.828406,59.98368,0,14378,0.732363,59.88810,0,14508.3,-1.342060,60.10258,0,79.2397,2.687173,59.99067,0,98.6163,0.564321,60.00233,0,54.483,-1.557936,59.98601,0,PMU,14503.2,2.883989,59.98834,0,14377.2,0.788097,59.88460,0,14507.9,-1.286233,60.09792,0,79.2801,2.743305,59.99534,0,98.3353,0.618268,59.97902,0,54.5031,-1.502414,59.98951,0,PMU
1017,8.483333,14397.7,2.615416,60.02565,0,14448.6,0.523186,60.08276,0,14536.7,-1.564283,59.87178,0,78.7932,2.470061,59.98951,0,98.0973,0.344047,59.91724,0,54.8232,4.492442,59.84497,0,PMU,14412,2.817198,60.00233,0,14425.3,0.725283,60.08505,0,14546.8,-1.359760,59.87877,0,79.142,2.675027,59.96270,0,99.4685,0.559560,60.12123,0,55.4083,4.707280,59.87478,0,PMU,14496.8,-0.334892,59.97435,0,14357.2,3.850948,59.83564,0,14504.1,1.777438,60.10025,0,80.0031,-0.488109,59.99184,0,92.6741,3.691144,62.45067,0,56.0646,1.619099,65.43788,0,PMU,14409.7,2.828284,59.99767,0,14428.3,0.737185,60.09209,0,14550.7,-1.348469,59.87760,0,79.4159,2.686623,59.98951,0,98.6387,0.563711,59.98834,0,54.4624,-1.557752,60.00350,0,PMU,14413.2,2.883501,59.99067,0,14423.3,0.793041,60.09442,0,14555.5,-1.292458,59.88111,0,79.2632,2.742634,59.98718,0,98.3216,0.618756,60.00933,0,54.5123,-1.502780,59.99301,0,PMU
1018,8.491667,14485.2,2.613219,59.95804,0,14386.4,0.517937,59.89976,0,14515.4,-1.558424,60.11191,0,78.7937,2.470122,60.00117,0,98.5611,0.347771,60.07111,0,54.6518,4.499338,60.13172,0,PMU,14501.2,2.816039,59.97785,0,14093.1,0.721318,59.92427,0,14378.1,-1.334921,60.47439,0,79.2486,2.675454,60.00816,0,129.659,0.538443,59.59668,0,76.6822,4.313125,52.47220,0,PMU,14405.2,-0.334587,60.00583,0,14392.8,3.858089,60.13638,0,14515,1.771352,59.88376,0,79.7124,-0.488597,59.99067,0,111.529,3.567527,57.63909,0,58.9997,1.341144,54.69147,0,PMU,14501.2,2.827430,59.98368,0,14378.1,0.731326,59.88809,0,14508.3,-1.343036,60.10375,0,79.2733,2.686135,59.99067,0,98.7565,0.563711,60.00000,0,54.4769,-1.559095,59.97435,0,PMU,14503.3,2.882891,59.98834,0,14377.4,0.786998,59.88460,0,14508.3,-1.287332,60.09791,0,79.2853,2.742085,59.98951,0,98.3958,0.617657,59.97902,0,54.5417,-1.502963,59.99650,0,PMU
1019,8.500000,14398.2,2.614622,60.02681,0,14448.9,0.522271,60.08276,0,14535.7,-1.565077,59.87294,0,78.8534,2.469695,59.99184,0,98.1662,0.343681,59.92190,0,54.7873,4.492686,59.87295,0,PMU,14392.7,2.813597,59.95337,0,11629,0.582137,57.34184,1,11726.7,-1.212957,62.32934,1,79.285,2.667094,59.84034,0,767.867,0.128310,52.16705,1,718.532,3.308642,40.81580,1,PMU,14501.2,-0.335747,59.97785,0,14364.4,3.850460,59.85429,0,14507,1.776889,60.10575,0,79.7663,-0.483226,60.10258,0,92.2159,3.693341,62.40287,0,55.4087,1.614889,65.22814,0,PMU,14410,2.827369,59.99883,0,14428.8,0.736209,60.09325,0,14550.5,-1.349384,59.87877,0,79.3439,2.684914,59.97669,0,98.6783,0.562612,59.97902,0,54.415,-1.559278,59.99650,0,PMU,14413.1,2.882463,59.99184,0,14423.3,0.792003,60.09559,0,14555.3,-1.293557,59.88111,0,79.2514,2.741291,59.98485,0,98.3047,0.617962,60.00583,0,54.5502,-1.503390,59.99184,0,PMU
1020,8.508333,14484.7,2.612364,59.95687,0,14385.4,0.517022,59.89976,0,14514.4,-1.559217,60.11191,0,78.7941,2.469451,59.99534,0,98.5992,0.346733,60.05828,0,54.6909,4.498179,60.10491,0,PMU,14440,2.804625,59.82865,0,10631.6,0.342277,55.41901,1,9267.77,-1.176354,60.69907,1,83.6504,2.652568,59.72257,0,1686.31,0.003034,57.60740,1,1622.42,3.149449,56.95962,1,POW,14408.8,-0.335136,60.01166,0,14398.2,3.857845,60.14105,0,14518.4,1.770803,59.88376,0,79.4996,-0.484752,59.97086,0,110.184,3.578940,57.81511,0,58.385,1.358051,55.09475,0,PMU,14501,2.826453,59.98251,0,14378.8,0.730410,59.88926,0,14508.5,-1.344013,60.10258,0,79.183,2.684853,59.99883,0,98.596,0.562185,59.99184,0,54.4199,-1.560682,59.97319,0,PMU,14503.5,2.881914,59.98951,0,14377.5,0.785963,59.88464,0,14508.2,-1.288369,60.09908,0,79.2904,2.741108,59.99650,0,98.3716,0.616925,59.98018,0,54.5304,-1.503757,59.99301,0,PMU
1021,8.516667,14397.2,2.613707,60.02564,0,14448.3,0.521355,60.08276,0,14534.4,-1.566053,59.86944,0,78.7843,2.468474,59.98135,0,98.0702,0.342705,59.92306,0,54.6798,4.490855,59.86012,0,PMU,14351.4,2.799926,59.91024,0,13371.6,0.532647,63.63578,1,12735.4,-1.402770,55.67577,1,90.1176,2.646526,59.88460,0,473.911,-0.001142,59.92024,1,192.984,3.046361,58.03117,1,POW,14502.3,-0.336296,59.97785,0,14367.9,3.850155,59.85312,0,14509.3,1.776340,60.10575,0,79.1744,-0.484447,60.00583,0,92.3468,3.695233,62.22103,0,54.9784,1.606222,64.73973,0,PMU,14410,2.826392,59.99883,0,14428.8,0.735293,60.09325,0,14550.8,-1.350300,59.87994,0,79.3187,2.683633,59.97669,0,98.4405,0.561269,59.98251,0,54.4274,-1.560011,60.01282,0,PMU,14413,2.881548,59.99301,0,14423.5,0.791027,60.09671,0,14554.6,-1.294534,59.88227,0,79.2728,2.740559,59.98951,0,98.3764,0.616803,59.99767,0,54.5138,-1.504367,59.98834,0,PMU
1022,8.525000,14483.8,2.611388,59.95570,0,14385.4,0.516106,59.89976,0,14513.6,-1.560194,60.11191,0,78.7719,2.468413,59.99883,0,98.5191,0.346001,60.06295,0,54.6683,4.498362,60.14337,0,PMU,14458.9,2.802367,60.04663,0,13578.8,0.625958,61.78212,1,14163.9,-1.381166,60.41260,1,87.416,2.631346,59.71008,0,379.064,0.200372,63.84864,1,107.322,4.283770,83.63277,1,POW,14410.2,-0.335808,60.00933,0,14402.7,3.856990,60.13056,0,14522.1,1.770070,59.88026,0,79.0861,-0.485057,59.98834,0,108.525,3.581565,57.82910,0,57.7365,1.368488,55.45960,0,PMU,14501.9,2.825538,59.98368,0,14379.1,0.729556,59.89043,0,14509.3,-1.344868,60.10375,0,79.2441,2.683999,60.00699,0,98.4871,0.560964,59.99417,0,54.4671,-1.561109,59.97902,0,PMU,14503.1,2.880937,59.98834,0,14377.3,0.785016,59.88521,0,14507,-1.289346,60.09908,0,79.2685,2.740009,59.98951,0,98.2989,0.615948,59.98368,0,54.5182,-1.504184,60.00350,0,PMU
1023,8.533333,14397.2,2.612730,60.02565,0,14448.7,0.520440,60.08276,0,14534.8,-1.567030,59.86944,0,78.8152,2.467498,59.98251,0,98.1059,0.341850,59.92073,0,54.8229,4.490550,59.85080,0,PMU,14346.8,2.808836,60.12356,0,13573.4,0.667747,60.79811,1,14232.5,-1.366901,60.27244,1,85.3548,2.624998,59.87877,0,316.608,0.053978,57.20408,1,89.727,4.080101,56.11021,1,POW,14504.2,-0.337028,59.97669,0,14371.6,3.849300,59.85312,0,14512,1.775729,60.10808,0,79.1484,-0.482860,60.04196,0,92.2777,3.692547,62.11962,0,54.8264,1.600852,64.43782,0,PMU,14411.2,2.825599,60.00117,0,14429.7,0.734439,60.09325,0,14551.6,-1.351154,59.87994,0,79.355,2.682717,59.97553,0,98.4845,0.559927,59.98018,0,54.4647,-1.560987,60.00233,0,PMU,14412.9,2.880510,59.99184,0,14423,0.789989,60.09497,0,14554.7,-1.295510,59.88227,0,79.2339,2.739460,59.98951,0,98.3513,0.615704,59.99534,0,54.523,-1.505099,59.98251,0,PMU
1024,8.541667,14484.7,2.610533,59.95804,0,14385.6,0.515252,59.90092,0,14514.9,-1.561048,60.11424,0,78.8352,2.467742,60.00466,0,98.5241,0.345329,60.06644,0,54.7141,4.497080,60.12472,0,PMU,14438.7,2.810057,60.02331,0,13710.1,0.683372,60.29841,0,14315.3,-1.362628,60.08160,0,81.3149,2.609923,59.71208,0,222.602,0.125686,61.36951,1,68.3888,4.555288,69.07541,1,POW,14411.7,-0.336540,60.00933,0,14406.7,3.856014,60.12823,0,14524,1.769338,59.87793,0,79.2162,-0.483714,59.98368,0,108.047,3.589177,58.02577,0,57.5391,1.380922,55.79965,0,PMU,14502.8,2.824744,59.98368,0,14380.2,0.728701,59.89043,0,14510.2,-1.345722,60.10375,0,79.2769,2.683816,60.02098,0,98.6057,0.560110,60.00350,0,54.4715,-1.562208,59.97669,0,PMU,14503.3,2.879900,59.98834,0,14376.8,0.783920,59.88409,0,14507.1,-1.290322,60.09908,0,79.2644,2.739216,59.99534,0,98.4632,0.615094,59.98834,0,54.5428,-1.505038,60.00117,0,PMU
1025,8.550000,14398.2,2.611998,60.02798,0,14449.8,0.519585,60.08276,0,14535.4,-1.567884,59.86944,0,78.838,2.466582,59.97785,0,98.1805,0.341423,59.92540,0,54.8603,4.490611,59.87644,0,PMU,14359.3,2.810912,60.01632,0,13902.1,0.697698,60.27361,0,14381.3,-1.368366,59.89043,0,80.4739,2.627989,60.34504,0,230.92,0.175837,60.95781,0,77.9443,4.285234,54.84236,0,POW,14504.9,-0.337822,59.97552,0,14374.3,3.848446,59.85546,0,14511.9,1.774875,60.10575,0,79.1662,-0.482677,60.01982,0,93.4406,3.696026,62.04067,0,54.8491,1.593771,64.06513,0,PMU,14412.2,2.824866,60.00233,0,14430.8,0.733645,60.09442,0,14552.5,-1.351948,59.88110,0,79.3152,2.682046,59.96620,0,98.5266,0.559377,59.98601,0,54.4881,-1.561903,60.00583,0,PMU,14412.9,2.879534,59.99301,0,14422.9,0.788891,60.09493,0,14554.3,-1.296548,59.88111,0,79.3207,2.738972,59.99534,0,98.5762,0.614728,59.99301,0,54.5726,-1.505710,59.98718,0,PMU
1026,8.558333,14485.9,2.609862,59.95920,0,14386.9,0.514458,59.90208,0,14516,-1.561842,60.11540,0,78.8021,2.466826,60.00466,0,98.6636,0.344353,60.05595,0,54.7714,4.495554,60.09442,0,PMU,14469.7,2.809569,59.97435,0,14019.9,0.694097,59.93122,0,14431.6,-1.365436,60.05595,0,81.8186,2.645671,60.33771,0,165.921,0.263280,61.67004,0,68.5334,-1.530121,68.93489,0,POW,14412.4,-0.337456,60.00699,0,14410.2,3.855098,60.12706,0,14525.2,1.768361,59.87560,0,79.183,-0.484325,59.96853,0,107.348,3.595341,58.07706,0,57.2983,1.390016,56.10855,0,PMU,14503.5,2.823951,59.98251,0,14380.5,0.727908,59.89043,0,14510.7,-1.346515,60.10375,0,79.2288,2.683022,60.01865,0,98.6167,0.559499,60.00233,0,54.4753,-1.562879,59.98135,0,PMU,14503.1,2.878923,59.98834,0,14377.4,0.782882,59.88525,0,14507,-1.291360,60.09908,0,79.4021,2.738361,59.98834,0,98.5746,0.614361,59.99301,0,54.5976,-1.505649,60.00117,0,PMU
1027,8.566667,14399.3,2.611265,60.02681,0,14451.3,0.518853,60.08393,0,14536.3,-1.568617,59.87061,0,78.775,2.465606,59.97669,0,98.1543,0.340141,59.91957,0,54.7717,4.488474,59.86478,0,PMU,14390.4,2.810301,60.01399,0,14161.1,0.705327,60.21449,0,14456.8,-1.368915,59.93356,0,81.1357,2.646160,60.00933,0,174.744,0.233617,59.43348,0,72.9238,4.349911,52.30035,0,POW,14505.3,-0.338737,59.97552,0,14377,3.847774,59.86012,0,14512.8,1.773959,60.10692,0,79.0761,-0.483959,60.00699,0,92.7492,3.692364,61.85300,0,54.7449,1.586569,63.75390,0,PMU,14412.7,2.824073,60.00233,0,14431.3,0.732913,60.09559,0,14553.1,-1.352741,59.88110,0,79.2658,2.681252,59.96620,0,98.4992,0.558340,59.97785,0,54.4836,-1.562757,60.00233,0,PMU,14412.6,2.878557,59.99301,0,14423.1,0.787914,60.09610,0,14554.5,-1.297524,59.88227,0,79.3817,2.737629,59.98601,0,98.5407,0.613446,59.98251,0,54.5738,-1.506808,59.97785,0,PMU
1028,8.575000,14487,2.609068,59.95804,0,14388,0.513726,59.90208,0,14516.9,-1.562635,60.11424,0,78.7818,2.465972,60.00699,0,98.5508,0.343498,60.06411,0,54.7697,4.495371,60.13172,0,PMU,14491.7,2.809752,59.98951,0,14210.1,0.702337,59.94288,0,14464.9,-1.362384,60.12473,0,80.5581,2.657146,60.20982,0,119.68,0.346001,62.14637,0,61.353,-1.530732,67.68800,0,POW,14412.4,-0.338493,60.00466,0,14412.2,3.854244,60.12356,0,14526.2,1.767446,59.87560,0,79.2652,-0.485179,59.97669,0,105.474,3.596379,58.16681,0,57.1704,1.400392,56.44427,0,PMU,14503.8,2.823218,59.98368,0,14380.6,0.727114,59.88926,0,14510.6,-1.347309,60.10375,0,79.2052,2.682473,60.02331,0,98.6045,0.558645,60.00583,0,54.4722,-1.563612,59.98368,0,PMU,14502.9,2.877964,59.98868,0,14377.2,0.782028,59.88758,0,14507.4,-1.292275,60.10025,0,79.431,2.737324,59.99417,0,98.4253,0.613141,59.99417,0,54.5716,-1.506625,60.00350,0,PMU
1029,8.583333,14400.5,2.610472,60.02681,0,14451.9,0.518059,60.08276,0,14537.4,-1.569410,59.87061,0,78.7419,2.464813,59.97785,0,98.104,0.339409,59.92190,0,54.8662,4.487864,59.85662,0,PMU,14398.2,2.810973,60.02331,0,14281.4,0.716191,60.26460,0,14471.4,-1.366718,59.91724,0,79.6407,2.656780,59.99301,0,138.16,0.302261,59.16464,0,66.1488,4.370905,52.71296,0,POW,14504.7,-0.339836,59.97435,0,14377.7,3.846798,59.85779,0,14512.5,1.772922,60.10459,0,79.1289,-0.483959,60.02331,0,92.6566,3.692303,61.83202,0,54.8413,1.581704,63.46281,0,PMU,14413,2.823280,60.00117,0,14431.4,0.732058,60.09442,0,14553.1,-1.353534,59.88110,0,79.2961,2.680642,59.96503,0,98.6254,0.557913,59.98601,0,54.4738,-1.563856,59.99534,0,PMU,14413,2.877598,59.99301,0,14422.7,0.786998,60.09493,0,14555,-1.298379,59.88343,0,79.3809,2.736347,59.98135,0,98.4404,0.612225,59.98252,0,54.5375,-1.507846,59.97669,0,PMU
1030,8.591667,14488.2,2.608214,59.95687,0,14388.3,0.512932,59.90208,0,14518.5,-1.563368,60.11540,0,78.7435,2.465240,60.00816,0,98.599,0.342827,60.06528,0,54.711,4.493662,60.11074,0,PMU,14490.7,2.810118,59.98368,0,14280.5,0.711309,59.90675,0,14475.5,-1.362140,60.08743,0,78.9829,2.657878,60.02098,0,99.3152,0.468214,63.16946,0,59.8114,-1.513461,67.61689,0,POW,14412.1,-0.339592,60.00466,0,14413,3.853023,60.11889,0,14526,1.766347,59.87443,0,79.1897,-0.486034,59.96037,0,105.091,3.602970,58.29387,0,56.9506,1.407958,56.68169,0,PMU,14504,2.822364,59.98251,0,14381.3,0.726260,59.88926,0,14511.1,-1.348102,60.10375,0,79.2816,2.682046,60.02681,0,98.74,0.558035,60.00233,0,54.4485,-1.564527,59.98718,0,PMU,14503.6,2.877049,59.98951,0,14377.2,0.781112,59.88758,0,14508,-1.293130,60.10025,0,79.3888,2.735859,59.99067,0,98.4861,0.612592,60.00699,0,54.5575,-1.507724,60.00233,0,PMU
1031,8.600000,14402,2.609618,60.02681,0,14453.1,0.517266,60.08276,0,14538.7,-1.570204,59.86944,0,78.7662,2.464141,59.97902,0,98.1851,0.338737,59.92190,0,54.8607,4.487620,59.88460,0,PMU,14398.5,2.810728,60.01166,0,14327.8,0.719914,60.16436,0,14490.7,-1.367694,59.89392,0,78.8229,2.656841,59.98018,0,124.437,0.372304,58.16826,0,64.4837,4.410250,53.13454,0,POW,14504.2,-0.340935,59.97436,0,14378,3.845638,59.85896,0,14512,1.771779,60.10375,0,79.0069,-0.484691,60.02565,0,93.3906,3.691754,61.69564,0,54.7005,1.574746,63.18542,0,PMU,14413.4,2.822486,60.00233,0,14431.8,0.731265,60.09559,0,14553.5,-1.354328,59.88111,0,79.261,2.680093,59.96270,0,98.6537,0.557424,59.98834,0,54.4522,-1.564771,59.99534,0,PMU,14413,2.876743,59.99417,0,14422.8,0.786144,60.09610,0,14554.7,-1.299294,59.88227,0,79.3525,2.735554,59.99417,0,98.4867,0.611188,59.97319,0,54.5292,-1.509006,59.97552,0,PMU
1032,8.608333,14489.6,2.607481,59.95920,0,14390,0.512200,59.90325,0,14520.1,-1.564100,60.11657,0,78.783,2.464691,60.01049,0,98.6012,0.341972,60.06178,0,54.777,4.492503,60.09325,0,PMU,14494.6,2.809264,59.97202,0,14322,0.710027,59.81116,0,14493.7,-1.362689,60.09559,0,79.1643,2.660381,60.06761,0,95.5896,0.528801,62.98887,0,57.9747,-1.505099,67.02515,0,POW,14411.9,-0.340752,60.00350,0,14413.6,3.851803,60.11773,0,14526.8,1.765187,59.87411,0,79.1105,-0.487315,59.94988,0,104.656,3.605290,58.34866,0,56.7437,1.414306,56.93581,0,PMU,14503.8,2.821571,59.98251,0,14381.1,0.725466,59.88926,0,14511,-1.348896,60.10374,0,79.1899,2.681252,60.02215,0,98.7317,0.557241,59.99650,0,54.4139,-1.565382,59.98834,0,PMU,14503.5,2.876072,59.98718,0,14377.1,0.780136,59.88525,0,14507.8,-1.294045,60.10025,0,79.3776,2.734821,59.98601,0,98.4164,0.611554,60.00699,0,54.5627,-1.508762,60.00466,0,PMU
1033,8.616667,14402.6,2.608946,60.02798,0,14453.9,0.516534,60.08276,0,14539.2,4.712285,59.87012,0,78.7245,2.463409,59.97552,0,98.0558,0.337761,59.91957,0,54.7522,4.485850,59.87294,0,PMU,14401.4,2.809386,60.00233,0,14363.4,0.717473,60.14221,0,14503.9,-1.368061,59.89742,0,80.082,2.655803,59.91257,0,119.529,0.392611,57.39897,0,61.0041,4.431671,53.38396,0,POW,14504.3,-0.342033,59.97552,0,14377.9,3.844540,59.86129,0,14512.2,1.770742,60.10608,0,78.9662,-0.485362,60.03730,0,93.6158,3.688641,61.59190,0,54.6575,1.569715,62.96811,0,PMU,14412.9,2.821632,60.00117,0,14430.5,0.730349,60.09325,0,14552.8,-1.355243,59.87877,0,79.2496,2.679238,59.96153,0,98.5595,0.556265,59.98135,0,54.4654,-1.565443,59.99883,0,PMU,14413.4,2.875767,59.99417,0,14422.7,0.785138,60.09554,0,14555.1,-1.300271,59.88110,0,79.3287,2.734516,59.99417,0,98.4968,0.610150,59.97319,0,54.516,-1.510165,59.97319,0,PMU
1034,8.625000,14490.2,2.606749,59.95804,0,14390.6,0.511468,59.90325,0,14520.8,-1.564832,60.11590,0,78.7393,2.463836,60.00816,0,98.5355,0.341240,60.06644,0,54.702,4.492381,60.12473,0,PMU,14497.5,2.808043,59.97436,0,14345.3,0.709600,59.84963,0,14500,-1.362628,60.10375,0,80.3546,2.655864,60.00117,0,93.373,0.538687,62.78983,0,55.9788,-1.504123,66.63469,0,POW,14411.7,-0.341728,60.00583,0,14414.2,3.850765,60.11889,0,14527.3,1.764211,59.87527,0,79.0857,-0.488231,59.94521,0,104.181,3.607609,58.45240,0,56.609,1.421141,57.16244,0,PMU,14503.4,2.820655,59.98135,0,14378.9,0.724368,59.88576,0,14510.3,-1.349872,60.10258,0,79.2721,2.680398,60.02215,0,98.5781,0.556204,59.99883,0,54.47,-1.565565,59.99767,0,PMU,14504.5,2.875157,59.98834,0,14377,0.779159,59.88580,0,14508.2,-1.294961,60.10141,0,79.3601,2.733723,59.98485,0,98.4577,0.610516,60.00699,0,54.5662,-1.509860,60.00583,0,PMU
1035,8.633333,14402.5,2.608153,60.02681,0,14454.3,0.515740,60.08160,0,14539.5,4.711491,59.86895,0,78.6965,2.462737,59.97902,0,98.169,0.337090,59.92073,0,54.8216,4.484995,59.85895,0,PMU,14403.4,2.808653,60.01165,0,14376.6,0.718511,60.17019,0,14506.7,-1.368305,59.89159,0,80.3965,2.653972,59.96386,0,115.98,0.406954,57.48410,0,59.9201,4.447051,53.65906,0,POW,14504.4,-0.343010,59.97552,0,14378.1,3.843685,59.86479,0,14512.5,1.769826,60.10724,0,78.9768,-0.485484,60.05246,0,94.0084,3.686444,61.50563,0,54.6921,1.565016,62.74780,0,PMU,14412.7,2.820716,60.00117,0,14429.5,0.729129,60.09092,0,14552.4,-1.356159,59.87994,0,79.2544,2.678384,59.96153,0,98.6092,0.555898,59.99417,0,54.4905,-1.566419,59.98368,0,PMU,14413.7,2.874790,59.99301,0,14423.1,0.784164,60.09559,0,14555.3,-1.301247,59.87994,0,79.2733,2.733540,59.99650,0,98.4844,0.609174,59.97435,0,54.5164,-1.511508,59.96853,0,PMU
1036,8.641667,14489.6,2.605833,59.95570,0,14390.4,0.510552,59.90092,0,14520.7,-1.565748,60.11357,0,78.7149,2.462982,60.00466,0,98.5807,0.340263,60.06062,0,54.6368,4.490488,60.10491,0,PMU,14496.7,2.807555,59.97902,0,14347.7,0.710881,59.85429,0,14500.5,-1.363178,60.09792,0,79.8321,2.652141,59.96503,0,92.0316,0.544668,62.63014,0,55.7678,-1.514682,66.13929,0,POW,14411.2,-0.342705,60.00583,0,14414.5,3.849849,60.11773,0,14527.8,1.763295,59.87527,0,79.118,-0.489147,59.93006,0,103.757,3.609501,58.53050,0,56.5149,1.427123,57.36644,0,PMU,14503.5,2.819701,59.98061,0,14379.2,0.723330,59.88926,0,14510.1,-1.350788,60.10258,0,79.3265,2.679849,60.02798,0,98.7843,0.555837,59.99883,0,54.4772,-1.566725,59.99417,0,PMU,14504.3,2.874119,59.98718,0,14377.6,0.778183,59.88576,0,14508.7,-1.295998,60.10025,0,79.3048,2.732624,59.98251,0,98.5986,0.609418,60.00466,0,54.5858,-1.511508,60.00000,0,PMU
1037,8.650000,14402,2.607237,60.02681,0,14454,0.514764,60.08043,0,14539.1,4.710514,59.86778,0,78.6881,2.461700,59.97552,0,98.1213,0.336174,59.92190,0,54.8078,4.484995,59.89509,0,PMU,14402.9,2.808043,60.00933,0,14381.9,0.717961,60.13522,0,14510.8,-1.369403,59.88110,0,79.9328,2.653911,60.03380,0,113.344,0.421234,57.64259,0,59.7571,4.475964,54.41291,0,PMU,14503.3,-0.343925,59.97669,0,14376.1,3.842709,59.86362,0,14511,1.768849,60.10608,0,79.0853,-0.486034,60.05945,0,94.293,3.683636,61.41588,0,54.7187,1.560438,62.54614,0,PMU,14412.3,2.819823,60.00233,0,14428.8,0.728335,60.09559,0,14552.6,-1.357074,59.87994,0,79.2436,2.677651,59.95804,0,98.6763,0.555349,59.99067,0,54.4803,-1.567457,59.98601,0,PMU,14414.1,2.873814,59.99417,0,14423.8,0.783188,60.09559,0,14555.9,-1.302224,59.88110,0,79.371,2.733112,60.00933,0,98.5493,0.607892,59.97086,0,54.5613,-1.512240,59.98601,0,PMU
1038,8.658333,14489.5,2.604920,59.95575,0,14390.3,0.509637,59.90208,0,14520.7,-1.566725,60.11357,0,78.7188,2.462188,60.00933,0,98.5679,0.339287,60.05945,0,54.7175,4.489817,60.09209,0,PMU,14496.8,2.806700,59.97435,0,14357.2,0.709355,59.83564,0,14504.1,-1.364154,60.10025,0,80.0031,2.653484,59.99184,0,92.6741,0.549551,62.45067,0,56.0646,-1.522494,65.43788,0,PMU,14410,-0.343681,60.00466,0,14411.3,3.848568,60.11190,0,14527.1,1.762319,59.87527,0,79.1951,-0.489940,59.92540,0,104.221,3.607304,58.54216,0,56.4306,1.432598,57.55844,0,PMU,14503,2.818785,59.98018,0,14376.9,0.722537,59.88926,0,14510.1,-1.351581,60.10491,0,79.2803,2.678872,60.02331,0,98.6842,0.554922,59.99184,0,54.4309,-1.567579,59.99767,0,PMU,14504.5,2.873142,59.98718,0,14378.1,0.777206,59.88576,0,14509,-1.296975,60.10025,0,79.3936,2.732075,59.98018,0,98.5628,0.608807,60.01749,0,54.6514,-1.512057,60.00350,0,PMU
1039,8.666667,14402.2,2.606322,60.02677,0,14454.1,0.513848,60.08043,0,14538.8,4.709599,59.86895,0,78.6542,2.460601,59.96969,0,98.072,0.335075,59.91957,0,54.7649,4.483531,59.87994,0,PMU,14405.2,2.807006,60.00583,0,14392.8,0.716496,60.13638,0,14515,-1.370241,59.88376,0,79.7124,2.652995,59.99067,0,111.529,0.425934,57.63909,0,58.9997,4.482737,54.69147,0,PMU,14502.7,-0.344963,59.97552,0,14373.2,3.841488,59.86479,0,14510.4,1.767873,60.10608,0,79.1165,-0.486705,60.06178,0,95.3308,3.675155,61.29585,0,54.7065,1.555939,62.35563,0,PMU,14412.1,2.818907,60.00233,0,14427.5,0.727481,60.09442,0,14552.6,-1.357929,59.87877,0,79.2211,2.676980,59.96386,0,98.5728,0.553945,59.98135,0,54.4384,-1.568617,59.98018,0,PMU,14414.4,2.872837,59.99417,0,14424,0.782211,60.09559,0,14556,-1.303201,59.88110,0,79.3466,2.732258,60.00350,0,98.6426,0.606610,59.95804,0,54.5524,-1.513583,59.97086,0,PMU
1040,8.675000,14489.3,2.604004,59.95575,0,14390.4,0.508721,59.90208,0,14520.2,-1.567640,60.11357,0,78.6703,2.460845,60.00466,0,98.4833,0.338371,60.06295,0,54.6907,4.489817,60.12006,0,PMU,14501.2,2.805846,59.97785,0,14364.4,0.708867,59.85429,0,14507,-1.364704,60.10575,0,79.7663,2.658367,60.10258,0,92.2159,0.551748,62.40287,0,55.4087,-1.526703,65.22814,0,PMU,14408.8,-0.344719,60.00466,0,14410.7,3.847530,60.11540,0,14526.8,1.761281,59.87411,0,79.1234,-0.491283,59.91258,0,103.849,3.608036,58.71813,0,56.2766,1.437298,57.73413,0,PMU,14502.7,2.817870,59.98018,0,14377,0.721684,59.88930,0,14510.2,-1.352558,60.10258,0,79.2897,2.678018,60.01982,0,98.6281,0.553762,59.99650,0,54.4248,-1.568617,60.00000,0,PMU,14504.7,2.872166,59.98718,0,14378.1,0.776230,59.88576,0,14509.2,-1.298013,60.09908,0,79.3268,2.730793,59.97202,0,98.5101,0.607282,60.01282,0,54.6204,-1.513522,60.00117,0,PMU
1041,8.683333,14401.9,2.605408,60.02681,0,14453.6,0.512932,60.08043,0,14538.4,4.708683,59.86895,0,78.5889,2.459442,59.97319,0,98.0312,0.334099,59.91840,0,54.8308,4.482493,59.86012,0,PMU,14408.8,2.806456,60.01166,0,14398.2,0.716252,60.14105,0,14518.4,-1.370790,59.88376,0,79.4996,2.656841,59.97086,0,110.184,0.437347,57.81511,0,58.385,4.499643,55.09475,0,PMU,14500.5,-0.346001,59.97552,0,14371.9,3.840572,59.86711,0,14508.9,1.766835,60.10608,0,79.0776,-0.487377,60.07460,0,95.5371,3.672713,61.23524,0,54.6602,1.552155,62.19360,0,PMU,14412.2,2.817992,60.00233,0,14427.8,0.726565,60.09321,0,14553.1,-1.358844,59.87994,0,79.1868,2.675881,59.95920,0,98.6167,0.553213,59.98951,0,54.4307,-1.569837,59.97669,0,PMU,14414.7,2.871861,59.99417,0,14424,0.781234,60.09559,0,14555.8,-1.304238,59.88110,0,79.2984,2.730976,60.00350,0,98.5137,0.605817,59.97202,0,54.5176,-1.514621,59.97902,0,PMU
1042,8.691667,14488.6,2.603028,59.95454,0,14389.7,0.507806,59.90208,0,14519.8,-1.568617,60.11240,0,78.6425,2.460357,60.01749,0,98.3922,0.337456,60.06411,0,54.597,4.487925,60.10375,0,PMU,14502.3,2.805297,59.97785,0,14367.9,0.708562,59.85312,0,14509.3,-1.365253,60.10575,0,79.1744,2.657146,60.00583,0,92.3468,0.553640,62.22103,0,54.9784,-1.535370,64.73973,0,PMU,14406.5,-0.345756,60.00466,0,14408.8,3.846554,60.11424,0,14525.7,1.760305,59.87527,0,79.0965,-0.491649,59.91841,0,103.377,3.609196,58.78691,0,56.1691,1.441815,57.89266,0,PMU,14502.7,2.817076,59.98251,0,14377.3,0.720830,59.89047,0,14510.4,-1.353412,60.10374,0,79.2854,2.676980,60.02098,0,98.745,0.553213,60.00000,0,54.4338,-1.569349,60.00933,0,PMU,14504.1,2.871189,59.98718,0,14378.1,0.775192,59.88460,0,14509.1,-1.299050,60.09908,0,79.2188,2.729208,59.96624,0,98.6255,0.606427,60.01166,0,54.5834,-1.514987,59.99301,0,PMU
1043,8.700000,14401.3,2.604432,60.02681,0,14452.5,0.511956,60.07927,0,14537.5,4.707707,59.86895,0,78.6073,2.458831,59.97086,0,98.0293,0.333366,59.92190,0,54.8132,4.482554,59.89742,0,PMU,14410.2,2.805785,60.00933,0,14402.7,0.715398,60.13056,0,14522.1,-1.371522,59.88026,0,79.0861,2.656535,59.98834,0,108.525,0.439972,57.82910,0,57.7365,4.510080,55.45960,0,PMU,14498.1,-0.347099,59.97435,0,14369.4,3.839535,59.86595,0,14506.8,1.765737,60.10375,0,79.1324,-0.487743,60.07460,0,95.8253,3.670760,61.17579,0,54.6704,1.548798,62.04323,0,PMU,14412,2.817198,60.00233,0,14425.3,0.725283,60.08505,0,14546.8,-1.359760,59.87877,0,79.142,2.675027,59.96270,0,99.4685,0.559560,60.12123,0,55.4083,4.707280,59.87478,0,PMU,14414.2,2.870762,59.99184,0,14424,0.780197,60.09559,0,14555.5,-1.305337,59.87994,0,79.244,2.729758,60.01049,0,98.4881,0.604596,59.96503,0,54.4941,-1.515597,59.98834,0,PMU
1044,8.708333,14488.2,2.602051,59.95454,0,14389.2,0.506768,59.90092,0,14519.5,-1.569593,60.11240,0,78.6952,2.459564,60.01399,0,98.5364,0.336662,60.06295,0,54.691,4.487437,60.09325,0,PMU,14504.2,2.804564,59.97669,0,14371.6,0.707707,59.85312,0,14512,-1.365863,60.10808,0,79.1484,2.658733,60.04196,0,92.2777,0.550955,62.11962,0,54.8264,-1.540741,64.43782,0,PMU,14403.7,-0.346855,60.00466,0,14406.7,3.845333,60.11074,0,14523.3,1.759145,59.87411,0,79.0966,-0.492381,59.91141,0,103.258,3.611149,58.86151,0,56.0892,1.446575,58.04770,0,PMU,14501.2,2.816039,59.97785,0,14093.1,0.721318,59.92427,0,14378.1,-1.334921,60.47439,0,79.2486,2.675454,60.00816,0,129.659,0.538443,59.59668,0,76.6822,4.313125,52.47220,0,PMU,14503.8,2.870030,59.98601,0,14377.8,0.774093,59.88343,0,14508.8,-1.300149,60.09908,0,79.2993,2.728415,59.97435,0,98.5925,0.605939,60.02564,0,54.6051,-1.515841,59.99534,0,PMU
1045,8.716667,14400.9,2.603516,60.02798,0,14452.3,0.510979,60.08043,0,14537.2,4.706791,59.87012,0,78.5838,2.457794,59.96620,0,98.0755,0.332512,59.92074,0,54.7567,4.480723,59.87177,0,PMU,14411.7,2.805052,60.00933,0,14406.7,0.714421,60.12823,0,14524,-1.372255,59.87793,0,79.2162,2.657878,59.98368,0,108.047,0.447584,58.02577,0,57.5391,4.522515,55.79965,0,PMU,14495.5,-0.348259,59.97319,0,14367.2,3.838314,59.86595,0,14504.4,1.764577,60.10375,0,79.1237,-0.489086,60.06294,0,96.1841,3.669051,61.10585,0,54.6469,1.545075,61.88120,0,PMU,14392.7,2.813597,59.95337,0,11629,0.582137,57.34184,1,11726.7,-1.212957,62.32934,1,79.285,2.667094,59.84034,0,767.867,0.128310,52.16705,1,718.532,3.308642,40.81580,1,PMU,14413.3,2.869663,59.99301,0,14423.6,0.779037,60.09442,0,14554.6,-1.306496,59.87877,0,79.3428,2.729086,60.01282,0,98.6789,0.604291,59.96853,0,54.5101,-1.516330,59.99067,0,PMU
1046,8.725000,14487.6,2.601136,59.95454,0,14388.9,0.505852,59.90208,0,14519,-1.570509,60.11240,0,78.6522,2.458343,60.01049,0,98.5032,0.335869,60.06411,0,54.6414,4.487498,60.12939,0,PMU,14504.9,2.803771,59.97552,0,14374.3,0.706853,59.85546,0,14511.9,-1.366718,60.10575,0,79.1662,2.658916,60.01982,0,93.4406,0.554434,62.04067,0,54.8491,-1.547821,64.06513,0,PMU,14402.9,-0.348076,60.00350,0,14406.8,3.844051,60.10957,0,14522.9,1.757924,59.87294,0,79.0631,-0.493846,59.90908,0,103.014,3.611698,58.90464,0,56.0065,1.450298,58.18990,0,PMU,14440,2.804625,59.82865,0,10631.6,0.342277,55.41901,1,9267.77,-1.176354,60.69907,1,83.6504,2.652568,59.72257,0,1686.31,0.003034,57.60740,1,1622.42,3.149449,56.95962,1,POW,14503.2,2.868931,59.98601,0,14377.8,0.772934,59.88343,0,14508.4,-1.301369,60.09792,0,79.324,2.727621,59.97202,0,98.741,0.605145,60.01632,0,54.6108,-1.516940,59.98834,0,PMU
1047,8.733333,14400.9,2.602540,60.02681,0,14452.5,0.510064,60.08043,0,14537.5,4.705815,59.86895,0,78.5854,2.456634,59.96736,0,98.2034,0.331902,59.92424,0,54.8837,4.479932,59.85550,0,PMU,14412.4,2.804137,60.00699,0,14410.2,0.713506,60.12706,0,14525.2,-1.373231,59.87560,0,79.183,2.657268,59.96853,0,107.348,0.453749,58.07706,0,57.2983,4.531608,56.10855,0,PMU,14495.6,-0.349416,59.97440,0,14367.6,3.837215,59.86944,0,14504.8,1.763417,60.10491,0,79.154,-0.490611,60.06178,0,96.3182,3.666366,61.04407,0,54.7128,1.542206,61.75531,0,PMU,14351.4,2.799926,59.91024,0,13371.6,0.532647,63.63578,1,12735.4,-1.402770,55.67577,1,90.1176,2.646526,59.88460,0,473.911,-0.001142,59.92024,1,192.984,3.046361,58.03117,1,POW,14413.3,2.868565,59.99301,0,14424,0.777877,60.09442,0,14555,-1.307578,59.88143,0,79.3821,2.728110,60.00933,0,98.7028,0.603681,59.97202,0,54.5161,-1.517184,59.99534,0,PMU
1048,8.741667,14487.4,2.600220,59.95570,0,14389.3,0.504937,59.90208,0,14519.3,4.711735,60.11307,0,78.7035,2.457305,60.01282,0,98.709,0.335136,60.06178,0,54.6731,4.486033,60.11653,0,PMU,14505.3,2.802855,59.97552,0,14377,0.706182,59.86012,0,14512.8,-1.367633,60.10692,0,79.0761,2.657634,60.00699,0,92.7492,0.550772,61.85300,0,54.7449,-1.555023,63.75390,0,PMU,14403,-0.349111,60.00583,0,14407.4,3.843075,60.11191,0,14524.1,1.756887,59.87527,0,79.0736,-0.495006,59.91607,0,102.612,3.612065,58.96293,0,56.0196,1.454204,58.31930,0,PMU,14458.9,2.802367,60.04663,0,13578.8,0.625958,61.78212,1,14163.9,-1.381166,60.41260,1,87.416,2.631346,59.71008,0,379.064,0.200372,63.84864,1,107.322,4.283770,83.63277,1,POW,14503.4,2.867893,59.98718,0,14378.1,0.771835,59.88460,0,14508.4,-1.302407,60.09875,0,79.3267,2.726523,59.96969,0,98.8395,0.603925,60.00466,0,54.6153,-1.518222,59.98018,0,PMU
1049,8.750000,14400.9,2.601624,60.02681,0,14453.1,0.509148,60.08043,0,14538,4.704899,59.86944,0,78.6251,2.455902,59.97319,0,98.2088,0.331047,59.92190,0,54.9421,4.480113,59.88693,0,PMU,14412.4,2.803099,60.00466,0,14412.2,0.712651,60.12356,0,14526.2,-1.374147,59.87560,0,79.2652,2.656413,59.97669,0,105.474,0.454786,58.16681,0,57.1704,4.541984,56.44427,0,PMU,14496.2,-0.350393,59.97552,0,14368.3,3.836300,59.87061,0,14505.5,1.762502,60.10724,0,79.1924,-0.492015,60.05712,0,96.4724,3.665328,61.01726,0,54.7688,1.538727,61.61427,0,PMU,14346.8,2.808836,60.12356,0,13573.4,0.667747,60.79811,1,14232.5,-1.366901,60.27244,1,85.3548,2.624998,59.87877,0,316.608,0.053978,57.20408,1,89.727,4.080101,56.11021,1,POW,14413.3,2.867588,59.99417,0,14424.3,0.776901,60.09675,0,14554.8,-1.308676,59.88027,0,79.4479,2.726950,60.00816,0,98.496,0.601972,59.96270,0,54.5339,-1.517977,60.00466,0,PMU
1050,8.758333,14487.9,2.599366,59.95687,0,14390.2,0.504100,59.90358,0,14519.9,4.710820,60.11307,0,78.7362,2.456512,60.01166,0,98.5698,0.334099,60.05828,0,54.7669,4.485545,60.10375,0,PMU,14504.7,2.801757,59.97435,0,14377.7,0.705205,59.85779,0,14512.5,-1.368671,60.10459,0,79.1289,2.657634,60.02331,0,92.6566,0.550711,61.83202,0,54.8413,-1.559889,63.46281,0,PMU,14403.8,-0.349966,60.00816,0,14408.6,3.842159,60.11191,0,14524.9,1.755971,59.87528,0,79.0747,-0.496043,59.92306,0,102.693,3.612980,59.00023,0,55.9556,1.455974,58.41954,0,PMU,14438.7,2.810057,60.02331,0,13710.1,0.683372,60.29841,0,14315.3,-1.362628,60.08160,0,81.3149,2.609923,59.71208,0,222.602,0.125686,61.36951,1,68.3888,4.555288,69.07541,1,POW,14503.5,2.866917,59.98718,0,14377.9,0.770858,59.88460,0,14508.3,-1.303445,60.09992,0,79.3606,2.725302,59.96853,0,98.6008,0.602826,60.01632,0,54.6406,-1.519137,59.97785,0,PMU
1051,8.766667,14400.8,2.600831,60.02798,0,14453.3,0.508355,60.08127,0,14537.8,4.704106,59.87178,0,78.5802,2.454986,59.97086,0,98.0032,0.329888,59.91957,0,54.8393,4.477917,59.85433,0,PMU,14412.1,2.802001,60.00466,0,14413,0.711431,60.11889,0,14526,-1.375246,59.87443,0,79.1897,2.655559,59.96037,0,105.091,0.461378,58.29387,0,56.9506,4.549551,56.68169,0,PMU,14496.1,-0.351247,59.97552,0,14368.6,3.835384,59.87061,0,14505.4,1.761586,60.10724,0,79.1339,-0.493358,60.05129,0,96.8016,3.663558,60.96597,0,54.6994,1.534394,61.49770,0,PMU,14359.3,2.810912,60.01632,0,13902.1,0.697698,60.27361,0,14381.3,-1.368366,59.89043,0,80.4739,2.627989,60.34504,0,230.92,0.175837,60.95781,0,77.9443,4.285234,54.84236,0,POW,14413.4,2.866551,59.99301,0,14424.3,0.775863,60.09559,0,14554.1,-1.309653,59.88143,0,79.4359,2.725851,60.01049,0,98.4996,0.600873,59.96270,0,54.5165,-1.519076,60.00117,0,PMU
1052,8.775000,14487.5,2.598511,59.95570,0,14390.5,0.503306,59.90358,0,14519.6,4.709965,60.11191,0,78.6865,2.455230,60.00466,0,98.4309,0.333122,60.06178,0,54.7019,4.485362,60.14217,0,PMU,14504.2,2.800658,59.97436,0,14378,0.704046,59.85896,0,14512,-1.369813,60.10375,0,79.0069,2.656902,60.02565,0,93.3906,0.550161,61.69564,0,54.7005,-1.566847,63.18542,0,PMU,14404.1,-0.350881,60.00699,0,14408.8,3.841122,60.10957,0,14525.5,1.755056,59.87528,0,79.0323,-0.496959,59.93122,0,102.538,3.614140,59.05618,0,55.8491,1.458660,58.55359,0,PMU,14469.7,2.809569,59.97435,0,14019.9,0.694097,59.93122,0,14431.6,-1.365436,60.05595,0,81.8186,2.645671,60.33771,0,165.921,0.263280,61.67004,0,68.5334,-1.530121,68.93489,0,POW,14502.9,2.865940,59.98834,0,14377.8,0.769760,59.88343,0,14507.6,-1.304482,60.09875,0,79.295,2.724570,59.97552,0,98.5693,0.601056,60.00350,0,54.5558,-1.520724,59.96853,0,PMU
1053,8.783333,14401.1,2.599976,60.02798,0,14453.3,0.507561,60.08127,0,14538.6,4.703251,59.87178,0,78.5697,2.454254,59.98135,0,98.0364,0.328972,59.92074,0,54.9086,4.476941,59.83918,0,PMU,14411.9,2.800841,60.00350,0,14413.6,0.710210,60.11773,0,14526.8,-1.376405,59.87411,0,79.1105,2.654277,59.94988,0,104.656,0.463697,58.34866,0,56.7437,4.555898,56.93581,0,PMU,14496.3,-0.352224,59.97435,0,14369.1,3.834408,59.87178,0,14505.6,1.760671,60.10724,0,79.1663,-0.494273,60.05129,0,97.0747,3.661910,60.91235,0,54.7371,1.532258,61.40561,0,PMU,14390.4,2.810301,60.01399,0,14161.1,0.705327,60.21449,0,14456.8,-1.368915,59.93356,0,81.1357,2.646160,60.00933,0,174.744,0.233617,59.43348,0,72.9238,4.349911,52.30035,0,POW,14413,2.865574,59.99301,0,14424.4,0.774826,60.09675,0,14553.8,-1.310690,59.88143,0,79.415,2.724814,60.00466,0,98.535,0.600202,59.98368,0,54.4809,-1.519870,60.01632,0,PMU
1054,8.791667,14487.8,2.597657,59.95570,0,14390.4,0.502513,59.90358,0,14520.6,4.709233,60.11424,0,78.6894,2.454437,60.00350,0,98.4942,0.332451,60.06644,0,54.6249,4.483775,60.13052,0,PMU,14504.3,2.799559,59.97552,0,14377.9,0.702947,59.86129,0,14512.2,-1.370851,60.10608,0,78.9662,2.656230,60.03730,0,93.6158,0.547049,61.59190,0,54.6575,4.711308,62.96811,0,PMU,14404.4,-0.351858,60.00699,0,14409.6,3.840206,60.11074,0,14526,1.754079,59.87411,0,79.0319,-0.497630,59.93589,0,102.287,3.614628,59.09698,0,55.8125,1.461284,58.64451,0,PMU,14491.7,2.809752,59.98951,0,14210.1,0.702337,59.94288,0,14464.9,-1.362384,60.12473,0,80.5581,2.657146,60.20982,0,119.68,0.346001,62.14637,0,61.353,-1.530732,67.68800,0,POW,14502.3,2.864903,59.98718,0,14376.6,0.768723,59.88344,0,14507.2,-1.305459,60.09992,0,79.2822,2.723654,59.97785,0,98.7817,0.600202,60.00000,0,54.5483,-1.521640,59.96620,0,PMU
1055,8.800000,14401.2,2.599183,60.02914,0,14453.4,0.506768,60.08127,0,14539.3,4.702458,59.87061,0,78.5721,2.453521,59.98251,0,98.046,0.328667,59.92773,0,54.8489,4.476575,59.86249,0,PMU,14411.7,2.799865,60.00583,0,14414.2,0.709172,60.11889,0,14527.3,-1.377382,59.87527,0,79.0857,2.653362,59.94521,0,104.181,0.466016,58.45240,0,56.609,4.562734,57.16244,0,PMU,14496.6,-0.353078,59.97669,0,14370.1,3.833553,59.87294,0,14506.3,1.759694,60.10724,0,79.1415,-0.495433,60.04196,0,97.2098,3.660018,60.86689,0,54.7028,1.529511,61.30303,0,PMU,14398.2,2.810973,60.02331,0,14281.4,0.716191,60.26460,0,14471.4,-1.366718,59.91724,0,79.6407,2.656780,59.99301,0,138.16,0.302261,59.16464,0,66.1488,4.370905,52.71296,0,POW,14412.1,2.864475,59.99184,0,14423.7,0.773727,60.09558,0,14553,-1.311789,59.87910,0,79.3915,2.723593,59.99883,0,98.5696,0.598859,59.97435,0,54.4726,-1.521334,60.00583,0,PMU
1056,8.808333,14488.3,2.596924,59.95687,0,14390.9,0.501719,59.90358,0,14521.2,4.708439,60.11424,0,78.753,2.453826,60.00583,0,98.5337,0.331841,60.06062,0,54.6704,4.482737,60.11769,0,PMU,14504.4,2.798583,59.97552,0,14378.1,0.702092,59.86479,0,14512.5,-1.371767,60.10724,0,78.9768,2.656108,60.05246,0,94.0084,0.544851,61.50563,0,54.6921,4.706608,62.74780,0,PMU,14404.9,-0.352651,60.00816,0,14411,3.839413,60.11191,0,14527.4,1.753225,59.87644,0,79.0438,-0.498424,59.94288,0,102.106,3.615175,59.14356,0,55.7621,1.463968,58.74822,0,PMU,14490.7,2.810118,59.98368,0,14280.5,0.711309,59.90675,0,14475.5,-1.362140,60.08743,0,78.9829,2.657878,60.02098,0,99.3152,0.468214,63.16946,0,59.8114,-1.513461,67.61689,0,POW,14501.7,2.863743,59.98601,0,14375.9,0.767563,59.88227,0,14506.5,-1.306618,60.09875,0,79.2795,2.722861,59.98601,0,98.7498,0.598981,60.00233,0,54.5329,-1.522982,59.96853,0,PMU
1057,8.816667,14401.7,2.598450,60.02914,0,14454.6,0.506036,60.08243,0,14539.8,4.701725,59.87178,0,78.6027,2.453277,59.98951,0,98.0304,0.327446,59.91607,0,54.7107,4.474499,59.84267,0,PMU,14411.2,2.798888,60.00583,0,14414.5,0.708257,60.11773,0,14527.8,-1.378297,59.87527,0,79.118,2.652446,59.93006,0,103.757,0.467909,58.53050,0,56.5149,4.568715,57.36644,0,PMU,14496.8,-0.353872,59.97669,0,14370.9,3.832821,59.87411,0,14507.2,1.758962,60.10957,0,79.1381,-0.496287,60.04080,0,97.3792,3.657882,60.81564,0,54.6929,1.527131,61.20632,0,PMU,14398.5,2.810728,60.01166,0,14327.8,0.719914,60.16436,0,14490.7,-1.367694,59.89392,0,78.8229,2.656841,59.98018,0,124.437,0.372304,58.16826,0,64.4837,4.410250,53.13454,0,POW,14411.2,2.863316,59.99184,0,14423.8,0.772567,60.09558,0,14552.4,-1.312949,59.87910,0,79.3828,2.722433,59.99184,0,98.7211,0.597943,59.98018,0,54.4624,-1.522616,60.00699,0,PMU
1058,8.825000,14488.2,2.596192,59.95687,0,14391.2,0.501048,59.90475,0,14521.2,4.707707,60.11424,0,78.7086,2.452850,59.99184,0,98.2835,0.330559,60.05945,0,54.5666,4.483164,60.16549,0,PMU,14503.3,2.797667,59.97669,0,14376.1,0.701116,59.86362,0,14511,-1.372743,60.10608,0,79.0853,2.655559,60.05945,0,94.293,0.542044,61.41588,0,54.7187,4.702031,62.54614,0,PMU,14406.3,-0.353445,60.00816,0,14412.4,3.838619,60.11074,0,14528.8,1.752431,59.87528,0,78.9965,-0.499217,59.94405,0,101.764,3.615175,59.18436,0,55.6982,1.465860,58.82982,0,PMU,14494.6,2.809264,59.97202,0,14322,0.710027,59.81116,0,14493.7,-1.362689,60.09559,0,79.1643,2.660381,60.06761,0,95.5896,0.528801,62.98887,0,57.9747,-1.505099,67.02515,0,POW,14501.7,2.862644,59.98718,0,14376,0.766464,59.88344,0,14506.2,-1.307700,60.10025,0,79.2505,2.721762,59.98718,0,98.7663,0.597943,60.00000,0,54.5012,-1.523959,59.97435,0,PMU
1059,8.833333,14401.3,2.597718,60.02914,0,14454.5,0.505364,60.08243,0,14540.3,4.700993,59.87178,0,78.5895,2.452606,59.99534,0,97.8585,0.326714,59.92656,0,54.7426,4.473828,59.82169,0,PMU,14410,2.797911,60.00466,0,14411.3,0.706975,60.11190,0,14527.1,-1.379274,59.87527,0,79.1951,2.651653,59.92540,0,104.221,0.465711,58.54216,0,56.4306,4.574191,57.55844,0,PMU,14498.9,-0.354665,59.97669,0,14373,3.832045,59.87443,0,14509.1,1.758168,60.10957,0,79.1317,-0.497203,60.03847,0,97.4842,3.656783,60.79466,0,54.7021,1.524691,61.12360,0,PMU,14401.4,2.809386,60.00233,0,14363.4,0.717473,60.14221,0,14503.9,-1.368061,59.89742,0,80.082,2.655803,59.91257,0,119.529,0.392611,57.39897,0,61.0041,4.431671,53.38396,0,POW,14411,2.862217,59.99185,0,14424,0.771408,60.09442,0,14552.6,-1.314047,59.87877,0,79.3586,2.720908,59.98368,0,98.6612,0.597396,59.98955,0,54.462,-1.523471,60.00933,0,PMU
1060,8.841667,14488.3,2.595399,59.95570,0,14390.8,0.500255,59.90242,0,14521.3,4.706974,60.11424,0,78.7224,2.451934,59.98718,0,98.2878,0.329827,60.05945,0,54.5126,4.481455,60.14567,0,PMU,14502.7,2.796630,59.97552,0,14373.2,0.699895,59.86479,0,14510.4,-1.373720,60.10608,0,79.1165,2.654888,60.06178,0,95.3308,0.533562,61.29585,0,54.7065,4.697531,62.35563,0,PMU,14407.8,-0.354238,60.00816,0,14414.8,3.837826,60.11041,0,14531,1.751638,59.87528,0,79.0087,-0.500072,59.94521,0,101.623,3.615664,59.21467,0,55.6937,1.467325,58.90438,0,PMU,14497.5,2.808043,59.97436,0,14345.3,0.709600,59.84963,0,14500,-1.362628,60.10375,0,80.3546,2.655864,60.00117,0,93.373,0.538687,62.78983,0,55.9788,-1.504123,66.63469,0,POW,14501.8,2.861546,59.98718,0,14376,0.765366,59.88460,0,14506.7,-1.308798,60.10025,0,79.2525,2.720602,59.99417,0,98.8635,0.597030,59.99301,0,54.4347,-1.525910,59.95341,0,PMU
1061,8.850000,14401.4,2.596863,60.02798,0,14454.5,0.504527,60.08160,0,14540.1,4.700139,59.86944,0,78.631,2.451812,59.99767,0,97.8897,0.325981,59.92656,0,54.7132,4.473523,59.84850,0,PMU,14408.8,2.796874,60.00466,0,14410.7,0.705938,60.11540,0,14526.8,-1.380312,59.87411,0,79.1234,2.650310,59.91258,0,103.849,0.466444,58.71813,0,56.2766,4.578891,57.73413,0,PMU,14501.3,-0.355459,59.97669,0,14376.2,3.831251,59.87443,0,14511.5,1.757314,60.10840,0,79.183,-0.498363,60.03264,0,97.6347,3.655502,60.76085,0,54.7958,1.522555,61.05482,0,PMU,14403.4,2.808653,60.01165,0,14376.6,0.718511,60.17019,0,14506.7,-1.368305,59.89159,0,80.3965,2.653972,59.96386,0,115.98,0.406954,57.48410,0,59.9201,4.447051,53.65906,0,POW,14411,2.861119,59.99184,0,14424.3,0.770309,60.09442,0,14553,-1.315146,59.87877,0,79.4251,2.719809,59.98485,0,98.7241,0.596420,59.98834,0,54.3642,-1.525238,60.01282,0,PMU
1062,8.858333,14488.3,2.594544,59.95570,0,14391.3,0.499400,59.90208,0,14521.6,4.706120,60.11424,0,78.7345,2.451019,59.98485,0,98.3895,0.328972,60.05712,0,54.6201,4.480723,60.13751,0,PMU,14500.5,2.795592,59.97552,0,14371.9,0.698980,59.86711,0,14508.9,-1.374757,60.10608,0,79.0776,2.654216,60.07460,0,95.5371,0.531121,61.23524,0,54.6602,4.693747,62.19360,0,PMU,14410.5,-0.354971,60.00933,0,14418,3.837093,60.11158,0,14533.6,1.750783,59.87528,0,79.0603,-0.500621,59.95687,0,101.518,3.616396,59.25314,0,55.8621,1.468301,58.96383,0,PMU,14496.7,2.807555,59.97902,0,14347.7,0.710881,59.85429,0,14500.5,-1.363178,60.09792,0,79.8321,2.652141,59.96503,0,92.0316,0.544668,62.63014,0,55.7678,-1.514682,66.13929,0,POW,14502.6,2.860508,59.98834,0,14376.9,0.764328,59.88577,0,14507.4,-1.309897,60.10025,0,79.3586,2.720114,60.00583,0,98.8895,0.596420,60.00000,0,54.4221,-1.526398,59.97785,0,PMU
1063,8.866667,14401.6,2.596070,60.02914,0,14455.1,0.503734,60.08276,0,14540.7,4.699345,59.87061,0,78.6379,2.451141,60.00233,0,97.9262,0.325371,59.93122,0,54.6984,4.472424,59.84151,0,PMU,14406.5,2.795836,60.00466,0,14408.8,0.704961,60.11424,0,14525.7,-1.381288,59.87527,0,79.0965,2.649944,59.91841,0,103.377,0.467603,58.78691,0,56.1691,4.583407,57.89266,0,PMU,14502.5,-0.356191,59.97669,0,14377.6,3.830519,59.87443,0,14512.4,1.756520,60.10957,0,79.1436,-0.499034,60.03031,0,97.7432,3.654830,60.73404,0,54.8681,1.519748,60.98255,0,PMU,14402.9,2.808043,60.00933,0,14381.9,0.717961,60.13522,0,14510.8,-1.369403,59.88110,0,79.9328,2.653911,60.03380,0,113.344,0.421234,57.64259,0,59.7571,4.475964,54.41291,0,PMU,14411.4,2.860142,59.99301,0,14425,0.769272,60.09442,0,14553.1,-1.316122,59.88110,0,79.4553,2.718771,59.97435,0,98.8305,0.595809,59.98834,0,54.4135,-1.526032,60.00699,0,PMU
1064,8.875000,14488.9,2.593812,59.95687,0,14391.8,0.498668,59.90325,0,14522.2,4.705327,60.11424,0,78.7012,2.450364,59.98517,0,98.3617,0.328423,60.05828,0,54.6334,4.481272,60.16898,0,PMU,14498.1,2.794493,59.97435,0,14369.4,0.697942,59.86595,0,14506.8,-1.375856,60.10375,0,79.1324,2.653850,60.07460,0,95.8253,0.529168,61.17579,0,54.6704,4.690390,62.04323,0,PMU,14410.8,-0.355825,60.00699,0,14419.2,3.836239,60.10925,0,14533.8,1.749929,59.87411,0,78.9731,-0.501414,59.95454,0,101.149,3.617495,59.28694,0,55.748,1.469400,59.03843,0,PMU,14496.8,2.806700,59.97435,0,14357.2,0.709355,59.83564,0,14504.1,-1.364154,60.10025,0,80.0031,2.653484,59.99184,0,92.6741,0.549551,62.45067,0,56.0646,-1.522494,65.43788,0,PMU,14502.7,2.859471,59.98718,0,14377.1,0.763290,59.88577,0,14507.6,-1.310874,60.10025,0,79.3214,2.718893,60.00233,0,98.8366,0.595321,59.99067,0,54.4177,-1.527314,59.97552,0,PMU
1065,8.883333,14402,2.595399,60.03031,0,14455.6,0.503001,60.08276,0,14540.9,4.698613,59.87177,0,78.6134,2.450714,60.00667,0,97.9924,0.324883,59.93239,0,54.7465,4.471692,59.81703,0,PMU,14403.7,2.794738,60.00466,0,14406.7,0.703740,60.11074,0,14523.3,-1.382448,59.87411,0,79.0966,2.649212,59.91141,0,103.258,0.469556,58.86151,0,56.0892,4.588168,58.04770,0,PMU,14502.4,-0.357168,59.97436,0,14378.5,3.829542,59.87210,0,14512,1.755544,60.10724,0,79.0963,-0.499949,60.02798,0,97.639,3.654281,60.70257,0,54.798,1.517855,60.92543,0,PMU,14405.2,2.807006,60.00583,0,14392.8,0.716496,60.13638,0,14515,-1.370241,59.88376,0,79.7124,2.652995,59.99067,0,111.529,0.425934,57.63909,0,58.9997,4.482737,54.69147,0,PMU,14411.8,2.859166,59.99417,0,14425.4,0.768295,60.09559,0,14553.2,-1.317160,59.87994,0,79.3842,2.717307,59.96969,0,98.7594,0.595077,59.99534,0,54.4095,-1.527192,60.00233,0,PMU
1066,8.891667,14488.3,2.593079,59.95570,0,14391.7,0.497996,59.90441,0,14522.3,4.704655,60.11540,0,78.6755,2.449815,59.98284,0,98.3516,0.327751,60.05479,0,54.5573,4.479565,60.15037,0,PMU,14495.5,2.793334,59.97319,0,14367.2,0.696721,59.86595,0,14504.4,-1.377016,60.10375,0,79.1237,2.652507,60.06294,0,96.1841,0.527459,61.10585,0,54.6469,4.686667,61.88120,0,PMU,14411.2,-0.356863,60.00583,0,14420.9,3.835262,60.10925,0,14534.1,1.748891,59.87294,0,79.0135,-0.501597,59.96853,0,100.673,3.618166,59.31025,0,55.7279,1.471292,59.11070,0,PMU,14501.2,2.805846,59.97785,0,14364.4,0.708867,59.85429,0,14507,-1.364704,60.10575,0,79.7663,2.658367,60.10258,0,92.2159,0.551748,62.40287,0,55.4087,-1.526703,65.22814,0,PMU,14503.1,2.858433,59.98601,0,14377,0.762253,59.88460,0,14508,-1.311911,60.10025,0,79.3065,2.717795,60.00933,0,98.9188,0.594222,59.98368,0,54.4056,-1.528534,59.97435,0,PMU
1067,8.900000,14401.6,2.594666,60.03031,0,14455.7,0.502269,60.08160,0,14540.5,4.697819,59.86944,0,78.6243,2.450059,60.00466,0,97.9082,0.324272,59.93356,0,54.7036,4.471753,59.85079,0,PMU,14402.9,2.793517,60.00350,0,14406.8,0.702459,60.10957,0,14522.9,-1.383668,59.87294,0,79.0631,2.647747,59.90908,0,103.014,0.470106,58.90464,0,56.0065,4.591891,58.18990,0,PMU,14501.7,-0.358266,59.97319,0,14379.7,3.828627,59.87327,0,14512.5,1.754507,60.10724,0,79.5657,-0.500926,60.01282,0,97.3788,3.653854,60.68159,0,54.8409,1.516940,60.87181,0,PMU,14408.8,2.806456,60.01166,0,14398.2,0.716252,60.14105,0,14518.4,-1.370790,59.88376,0,79.4996,2.656841,59.97086,0,110.184,0.437347,57.81511,0,58.385,4.499643,55.09475,0,PMU,14412.2,2.858189,59.99534,0,14426.2,0.767258,60.09559,0,14553.9,-1.318137,59.88110,0,79.4338,2.716147,59.96853,0,98.753,0.593734,59.99067,0,54.4132,-1.528534,60.00000,0,PMU
1068,8.908333,14487.8,2.592286,59.95454,0,14391,0.497203,59.90325,0,14521.9,4.703801,60.11424,0,78.7218,2.449327,59.98601,0,98.3559,0.327019,60.05246,0,54.6572,4.478711,60.13289,0,PMU,14495.6,2.792176,59.97440,0,14367.6,0.695623,59.86944,0,14504.8,-1.378175,60.10491,0,79.154,2.650982,60.06178,0,96.3182,0.524773,61.04407,0,54.7128,4.683799,61.75531,0,PMU,14410.4,-0.357961,60.00583,0,14421.8,3.834347,60.10925,0,14534.4,1.747915,59.87411,0,79.5877,-0.503978,59.94172,0,100.257,3.619082,59.33590,0,55.7529,1.473306,59.16666,0,PMU,14502.3,2.805297,59.97785,0,14367.9,0.708562,59.85312,0,14509.3,-1.365253,60.10575,0,79.1744,2.657146,60.00583,0,92.3468,0.553640,62.22103,0,54.9784,-1.535370,64.73973,0,PMU,14503.9,2.857457,59.98601,0,14377.8,0.761337,59.88693,0,14508.6,-1.312766,60.10258,0,79.4473,2.717245,60.02098,0,98.8392,0.593551,59.99650,0,54.4098,-1.529145,59.98834,0,PMU
1069,8.916667,14400.9,2.593812,60.02914,0,14455.2,0.501414,60.08043,0,14539.6,4.696982,59.86978,0,78.788,2.449998,60.01282,0,97.8973,0.323418,59.93123,0,54.6394,4.470532,59.84380,0,PMU,14403,2.792481,60.00583,0,14407.4,0.701482,60.11191,0,14524.1,-1.384706,59.87527,0,79.0736,2.646587,59.91607,0,102.612,0.470472,58.96293,0,56.0196,4.595797,58.31930,0,PMU,14501.6,-0.359243,59.97552,0,14379.7,3.827772,59.87443,0,14512.4,1.753591,60.10841,0,79.7003,-0.503245,60.01399,0,97.289,3.653915,60.66527,0,54.8591,1.515658,60.80886,0,PMU,14410.2,2.805785,60.00933,0,14402.7,0.715398,60.13056,0,14522.1,-1.371522,59.88026,0,79.0861,2.656535,59.98834,0,108.525,0.439972,57.82910,0,57.7365,4.510080,55.45960,0,PMU,14412.8,2.857335,59.99767,0,14427.1,0.766403,60.09675,0,14553.8,-1.318991,59.88110,0,79.4094,2.715292,59.96270,0,98.7921,0.592757,59.98485,0,54.4035,-1.529389,59.99534,0,PMU
1070,8.925000,14487.4,2.591431,59.95454,0,14390.4,0.496348,59.90325,0,14521.1,4.703007,60.11507,0,78.7605,2.448167,59.96503,0,98.2368,0.326103,60.05129,0,54.5919,4.478772,60.15737,0,PMU,14496.2,2.791200,59.97552,0,14368.3,0.694707,59.87061,0,14505.5,-1.379091,60.10724,0,79.1924,2.649578,60.05712,0,96.4724,0.523735,61.01726,0,54.7688,4.680320,61.61427,0,PMU,14410,-0.358877,60.00699,0,14422.4,3.833370,60.10692,0,14534.6,1.746999,59.87411,0,79.5723,-0.504588,59.97435,0,100.048,3.621096,59.37320,0,55.6876,1.474222,59.20862,0,PMU,14504.2,2.804564,59.97669,0,14371.6,0.707707,59.85312,0,14512,-1.365863,60.10808,0,79.1484,2.658733,60.04196,0,92.2777,0.550955,62.11962,0,54.8264,-1.540741,64.43782,0,PMU,14504.4,2.856663,59.98718,0,14378.3,0.760483,59.88693,0,14508.3,-1.313620,60.10258,0,79.3473,2.716208,60.01749,0,98.647,0.591720,59.98018,0,54.3763,-1.530121,59.98601,0,PMU
1071,8.933333,14400.2,2.592835,60.02681,0,14454.5,0.500499,60.07927,0,14538.7,4.696067,59.86744,0,78.7024,2.448411,60.00466,0,97.8788,0.322747,59.93589,0,54.6865,4.469678,59.82631,0,PMU,14403.8,2.791627,60.00816,0,14408.6,0.700567,60.11191,0,14524.9,-1.385621,59.87528,0,79.0747,2.645549,59.92306,0,102.693,0.471388,59.00023,0,55.9556,4.597567,58.41954,0,PMU,14501.2,-0.360220,59.97435,0,14380.2,3.826734,59.87327,0,14512.3,1.752614,60.10724,0,79.6259,-0.504649,59.99883,0,97.4745,3.653915,60.62680,0,54.8075,1.513949,60.75874,0,PMU,14411.7,2.805052,60.00933,0,14406.7,0.714421,60.12823,0,14524,-1.372255,59.87793,0,79.2162,2.657878,59.98368,0,108.047,0.447584,58.02577,0,57.5391,4.522515,55.79965,0,PMU,14412.6,2.856480,59.99650,0,14427.2,0.765549,60.09675,0,14553.4,-1.319907,59.87994,0,79.2873,2.713828,59.95454,0,98.5538,0.591964,60.00466,0,54.4303,-1.530732,59.98834,0,PMU
1072,8.941667,14486.9,2.590394,59.95337,0,14389.9,0.495372,59.90208,0,14520.8,4.702031,60.11390,0,78.8899,2.448106,59.99417,0,98.3806,0.325554,60.05362,0,54.5956,4.476880,60.13755,0,PMU,14496.1,2.790345,59.97552,0,14368.6,0.693792,59.87061,0,14505.4,-1.380006,60.10724,0,79.1339,2.648235,60.05129,0,96.8016,0.521965,60.96597,0,54.6994,4.675986,61.49770,0,PMU,14409.3,-0.359975,60.00466,0,14422.8,3.832289,60.10608,0,14534.6,1.745962,59.87294,0,79.5756,-0.505852,59.97702,0,99.977,3.621706,59.38486,0,55.627,1.474893,59.25408,0,PMU,14504.9,2.803771,59.97552,0,14374.3,0.706853,59.85546,0,14511.9,-1.366718,60.10575,0,79.1662,2.658916,60.01982,0,93.4406,0.554434,62.04067,0,54.8491,-1.547821,64.06513,0,PMU,14503.9,2.855748,59.98601,0,14378.6,0.759567,59.88576,0,14508.4,-1.314658,60.10025,0,79.3198,2.714865,60.01981,0,98.6833,0.590987,59.98135,0,54.4682,-1.531037,59.99417,0,PMU
1073,8.950000,14400.1,2.591920,60.02914,0,14454.3,0.499522,60.07927,0,14538.1,4.695090,59.86744,0,78.8018,2.447679,59.99184,0,98.1249,0.321892,59.93006,0,54.7077,4.469983,59.86828,0,PMU,14404.1,2.790711,60.00699,0,14408.8,0.699529,60.10957,0,14525.5,-1.386537,59.87528,0,79.0323,2.644634,59.93122,0,102.538,0.472547,59.05618,0,55.8491,4.600253,58.55359,0,PMU,14501.3,-0.361318,59.97435,0,14379.9,3.825697,59.87411,0,14512.2,1.751577,60.10724,0,79.6965,-0.505547,60.00583,0,97.6271,3.652389,60.58600,0,54.8007,1.512606,60.72027,0,PMU,14412.4,2.804137,60.00699,0,14410.2,0.713506,60.12706,0,14525.2,-1.373231,59.87560,0,79.183,2.657268,59.96853,0,107.348,0.453749,58.07706,0,57.2983,4.531608,56.10855,0,PMU,14413.3,2.855504,59.99534,0,14427.7,0.764572,60.09559,0,14554.1,-1.320883,59.88110,0,79.3604,2.713339,59.97086,0,98.5616,0.590682,59.99417,0,54.5221,-1.530915,60.00233,0,PMU
1074,8.958333,14486.7,2.589601,59.95571,0,14389.4,0.494456,59.90325,0,14520.5,4.701176,60.11624,0,78.78,2.446702,59.98135,0,98.4314,0.324456,60.04896,0,54.6666,4.476147,60.11773,0,PMU,14496.3,2.789369,59.97435,0,14369.1,0.692815,59.87178,0,14505.6,-1.380922,60.10724,0,79.1663,2.647319,60.05129,0,97.0747,0.520318,60.91235,0,54.7371,4.673850,61.40561,0,PMU,14409.4,-0.360952,60.00699,0,14422.8,3.831312,60.10724,0,14534.4,1.744985,59.87411,0,79.6606,-0.506646,59.97902,0,99.9609,3.621584,59.41167,0,55.6262,1.475870,59.29838,0,PMU,14505.3,2.802855,59.97552,0,14377,0.706182,59.86012,0,14512.8,-1.367633,60.10692,0,79.0761,2.657634,60.00699,0,92.7492,0.550772,61.85300,0,54.7449,-1.555023,63.75390,0,PMU,14504.9,2.854771,59.98601,0,14379.1,0.758713,59.88809,0,14509.4,-1.315512,60.10258,0,79.3871,2.714255,60.01749,0,98.6238,0.590194,59.99067,0,54.5385,-1.531403,59.99067,0,PMU
1075,8.966667,14400,2.591065,60.02797,0,14454.1,0.498668,60.08043,0,14537.8,4.694297,59.86861,0,78.8388,2.446824,60.00233,0,98.0359,0.320816,59.93048,0,54.6305,4.468457,59.85312,0,PMU,14404.4,2.789735,60.00699,0,14409.6,0.698614,60.11074,0,14526,-1.387513,59.87411,0,79.0319,2.643963,59.93589,0,102.287,0.473035,59.09698,0,55.8125,4.602877,58.64451,0,PMU,14500.4,-0.362295,59.97435,0,14379.8,3.824720,59.87411,0,14511.6,1.750478,60.10491,0,79.6688,-0.506829,59.99650,0,97.797,3.650985,60.56152,0,54.7938,1.511142,60.67364,0,PMU,14412.4,2.803099,60.00466,0,14412.2,0.712651,60.12356,0,14526.2,-1.374147,59.87560,0,79.2652,2.656413,59.97669,0,105.474,0.454786,58.16681,0,57.1704,4.541984,56.44427,0,PMU,14413.6,2.854649,59.99767,0,14427.8,0.763657,60.09442,0,14553.9,-1.321799,59.87993,0,79.3518,2.712485,59.96620,0,98.6335,0.589645,59.98951,0,54.5181,-1.532196,59.98485,0,PMU
1076,8.975000,14487.3,2.588746,59.95571,0,14390.3,0.493602,59.90325,0,14521.3,4.700261,60.11390,0,78.7621,2.445176,59.96853,0,98.4426,0.323052,60.04271,0,54.6482,4.475354,60.13172,0,PMU,14496.6,2.788514,59.97669,0,14370.1,0.691961,59.87294,0,14506.3,-1.381898,60.10724,0,79.1415,2.646160,60.04196,0,97.2098,0.518426,60.86689,0,54.7028,4.671104,61.30303,0,PMU,14408.5,-0.362051,60.00466,0,14422.8,3.830213,60.10491,0,14534.6,1.743886,59.87411,0,79.6243,-0.508233,59.97319,0,99.8632,3.622072,59.44780,0,55.5655,1.476541,59.33918,0,PMU,14504.7,2.801757,59.97435,0,14377.7,0.705205,59.85779,0,14512.5,-1.368671,60.10459,0,79.1289,2.657634,60.02331,0,92.6566,0.550711,61.83202,0,54.8413,-1.559889,63.46281,0,PMU,14504.7,2.853917,59.98601,0,14379.7,0.757797,59.88809,0,14509.1,-1.316489,60.10141,0,79.3473,2.712973,60.00933,0,98.554,0.588851,59.98485,0,54.4898,-1.532929,59.98601,0,PMU
1077,8.983333,14400.2,2.590211,60.02797,0,14454.6,0.497813,60.08043,0,14538.5,4.693442,59.86978,0,78.732,2.445237,60.00117,0,97.985,0.319351,59.92932,0,54.6933,4.467053,59.84147,0,PMU,14404.9,2.788941,60.00816,0,14411,0.697820,60.11191,0,14527.4,-1.388368,59.87644,0,79.0438,2.643169,59.94288,0,102.106,0.473583,59.14356,0,55.7621,4.605561,58.74822,0,PMU,14499.7,-0.363393,59.97435,0,14379.2,3.823683,59.87527,0,14511.7,1.749441,60.10608,0,79.6183,-0.508111,60.00233,0,97.9067,3.650009,60.53354,0,54.7657,1.510043,60.63984,0,PMU,14412.1,2.802001,60.00466,0,14413,0.711431,60.11889,0,14526,-1.375246,59.87443,0,79.1897,2.655559,59.96037,0,105.091,0.461378,58.29387,0,56.9506,4.549551,56.68169,0,PMU,14413.6,2.853734,59.99650,0,14428.2,0.762741,60.09442,0,14553.9,-1.322714,59.88110,0,79.2499,2.711203,59.96620,0,98.5127,0.588607,59.99534,0,54.4625,-1.533417,59.99067,0,PMU
1078,8.991667,14486.8,2.587769,59.95338,0,14389.8,0.492747,59.90325,0,14521.6,4.699406,60.11390,0,78.8626,2.444749,59.99067,0,98.3663,0.322258,60.05553,0,54.567,4.473340,60.12006,0,PMU,14496.8,2.787721,59.97669,0,14370.9,0.691228,59.87411,0,14507.2,-1.382631,60.10957,0,79.1381,2.645305,60.04080,0,97.3792,0.516289,60.81564,0,54.6929,4.668723,61.20632,0,PMU,14407.9,-0.363088,60.00583,0,14422.7,3.829176,60.10491,0,14534.5,1.742849,59.87411,0,79.7119,-0.509026,59.98251,0,99.6702,3.621767,59.46063,0,55.5249,1.477396,59.37648,0,PMU,14504.2,2.800658,59.97436,0,14378,0.704046,59.85896,0,14512,-1.369813,60.10375,0,79.0069,2.656902,60.02565,0,93.3906,0.550161,61.69564,0,54.7005,-1.566847,63.18542,0,PMU,14504.1,2.852879,59.98368,0,14379.2,0.756821,59.88693,0,14509.2,-1.317404,60.10141,0,79.2833,2.711631,60.00816,0,98.6003,0.587814,59.98485,0,54.4625,-1.534028,59.98834,0,PMU
1079,9.000000,14400.4,2.589295,60.02914,0,14454.9,0.496898,60.07927,0,14538.4,4.692527,59.86861,0,78.8158,2.444566,59.99650,0,98.0709,0.318801,59.93398,0,54.6572,4.467053,59.87994,0,PMU,14406.3,2.788148,60.00816,0,14412.4,0.697027,60.11074,0,14528.8,-1.389161,59.87528,0,78.9965,2.642376,59.94405,0,101.764,0.473583,59.18436,0,55.6982,4.607453,58.82982,0,PMU,14499.5,-0.364370,59.97553,0,14379.1,3.822706,59.87644,0,14511.3,1.748464,60.10724,0,79.728,-0.508904,60.00233,0,97.8657,3.648483,60.51023,0,54.7571,1.509433,60.61186,0,PMU,14411.9,2.800841,60.00350,0,14413.6,0.710210,60.11773,0,14526.8,-1.376405,59.87411,0,79.1105,2.654277,59.94988,0,104.656,0.463697,58.34866,0,56.7437,4.555898,56.93581,0,PMU,14413.1,2.852696,59.99650,0,14427.6,0.761703,60.09325,0,14553.7,-1.323752,59.87877,0,79.2478,2.710349,59.97552,0,98.5083,0.587447,59.99301,0,54.4347,-1.534455,59.99184,0,PMU
1080,9.008333,14487.2,2.586915,59.95454,0,14390,0.491893,59.90441,0,14522.1,4.698552,60.11507,0,78.8889,2.444322,59.99534,0,98.4137,0.321609,60.05362,0,54.6259,4.472241,60.09908,0,PMU,14498.9,2.786927,59.97669,0,14373,0.690452,59.87443,0,14509.1,-1.383424,60.10957,0,79.1317,2.644390,60.03847,0,97.4842,0.515191,60.79466,0,54.7021,4.666284,61.12360,0,PMU,14407.5,-0.364004,60.00699,0,14423,3.828260,60.10608,0,14533.9,1.741872,59.87411,0,79.7461,-0.509942,59.98018,0,99.5567,3.621584,59.48627,0,55.4822,1.478189,59.40329,0,PMU,14504.3,2.799559,59.97552,0,14377.9,0.702947,59.86129,0,14512.2,-1.370851,60.10608,0,78.9662,2.656230,60.03730,0,93.6158,0.547049,61.59190,0,54.6575,4.711308,62.96811,0,PMU,14503.4,2.851719,59.98135,0,14378.1,0.755722,59.88576,0,14509,-1.318503,60.10024,0,79.2858,2.710715,60.00699,0,98.65,0.586837,59.98834,0,54.4396,-1.535126,59.98718,0,PMU
1081,9.016667,14400.5,2.588441,60.02914,0,14454.9,0.496043,60.07927,0,14538.4,4.691672,59.86861,0,78.7831,2.443528,59.98485,0,98.0482,0.317825,59.92773,0,54.5718,4.465344,59.86828,0,PMU,14407.8,2.787354,60.00816,0,14414.8,0.696233,60.11041,0,14531,-1.389955,59.87528,0,79.0087,2.641521,59.94521,0,101.623,0.474071,59.21467,0,55.6937,4.608917,58.90438,0,PMU,14498.7,-0.365346,59.97436,0,14378.5,3.821791,59.87644,0,14510.4,1.747488,60.10724,0,79.7137,-0.509820,60.00233,0,97.8452,3.647018,60.48575,0,54.7365,1.507846,60.56641,0,PMU,14411.7,2.799865,60.00583,0,14414.2,0.709172,60.11889,0,14527.3,-1.377382,59.87527,0,79.0857,2.653362,59.94521,0,104.181,0.466016,58.45240,0,56.609,4.562734,57.16244,0,PMU,14412.4,2.851475,59.99534,0,14426.6,0.760483,60.09092,0,14553.2,-1.324911,59.87761,0,79.2214,2.709372,59.97435,0,98.6758,0.585738,59.97902,0,54.4149,-1.535920,59.98485,0,PMU
1082,9.025000,14487.1,2.586060,59.95454,0,14390.5,0.491038,59.90441,0,14522.2,4.697636,60.11390,0,78.8112,2.442918,59.98834,0,98.357,0.320510,60.05129,0,54.5721,4.472302,60.13289,0,PMU,14501.3,2.786134,59.97669,0,14376.2,0.689658,59.87443,0,14511.5,-1.384279,60.10840,0,79.183,2.643230,60.03264,0,97.6347,0.513909,60.76085,0,54.7958,4.664148,61.05482,0,PMU,14407.2,-0.365041,60.00583,0,14422.9,3.827223,60.10375,0,14533.5,1.740835,59.87294,0,79.7424,-0.511224,59.97319,0,99.374,3.621706,59.51658,0,55.5776,1.477823,59.42660,0,PMU,14504.4,2.798583,59.97552,0,14378.1,0.702092,59.86479,0,14512.5,-1.371767,60.10724,0,78.9768,2.656108,60.05246,0,94.0084,0.544851,61.50563,0,54.6921,4.706608,62.74780,0,PMU,14503.3,2.850560,59.98251,0,14378.5,0.754501,59.88576,0,14509,-1.319724,60.09908,0,79.2711,2.709616,60.00466,0,98.64,0.585372,59.99301,0,54.4705,-1.535859,60.00117,0,PMU
1083,9.033333,14400.5,2.587586,60.02914,0,14455.3,0.495250,60.08043,0,14538.9,4.690818,59.86978,0,78.7461,2.442491,59.99184,0,97.904,0.316787,59.92889,0,54.6508,4.464673,59.85429,0,PMU,14410.5,2.786622,60.00933,0,14418,0.695501,60.11158,0,14533.6,-1.390809,59.87528,0,79.0603,2.640972,59.95687,0,101.518,0.474803,59.25314,0,55.8621,4.609894,58.96383,0,PMU,14499.3,-0.366323,59.97552,0,14378.8,3.820814,59.87760,0,14510.7,1.746511,60.10841,0,79.7449,-0.510735,60.00933,0,97.9527,3.645876,60.46160,0,54.9823,1.505954,60.53726,0,PMU,14411.2,2.798888,60.00583,0,14414.5,0.708257,60.11773,0,14527.8,-1.378297,59.87527,0,79.118,2.652446,59.93006,0,103.757,0.467909,58.53050,0,56.5149,4.568715,57.36644,0,PMU,14412.9,2.850377,59.99650,0,14426.7,0.759445,60.09442,0,14554,-1.326010,59.87994,0,79.2674,2.708518,59.97902,0,98.6207,0.584579,59.98485,0,54.4751,-1.536225,59.99301,0,PMU
1084,9.041667,14487,2.585206,59.95454,0,14390.2,0.490184,59.90325,0,14522.2,4.696799,60.11424,0,78.8536,2.442125,59.99301,0,98.3437,0.319961,60.06061,0,54.543,4.470837,60.11773,0,PMU,14502.5,2.785401,59.97669,0,14377.6,0.688926,59.87443,0,14512.4,-1.385072,60.10957,0,79.1436,2.642559,60.03031,0,97.7432,0.513238,60.73404,0,54.8681,4.661340,60.98255,0,PMU,14407,-0.365957,60.00699,0,14424.1,3.826368,60.10608,0,14534,1.739921,59.87415,0,79.7875,-0.512139,59.97319,0,99.0903,3.622499,59.55355,0,55.7031,1.478067,59.46740,0,PMU,14503.3,2.797667,59.97669,0,14376.1,0.701116,59.86362,0,14511,-1.372743,60.10608,0,79.0853,2.655559,60.05945,0,94.293,0.542044,61.41588,0,54.7187,4.702031,62.54614,0,PMU,14503.4,2.849583,59.98485,0,14378.4,0.753525,59.88693,0,14509.4,-1.320700,60.10141,0,79.318,2.708640,60.00233,0,98.8066,0.584579,60.00000,0,54.4972,-1.536652,59.99184,0,PMU
1085,9.050000,14400.5,2.586732,60.02914,0,14455.4,0.494334,60.07927,0,14538.5,4.689902,59.86828,0,78.8997,2.441820,59.99417,0,98.0516,0.316055,59.92540,0,54.6866,4.465161,59.89159,0,PMU,14410.8,2.785768,60.00699,0,14419.2,0.694646,60.10925,0,14533.8,-1.391664,59.87411,0,78.9731,2.640178,59.95454,0,101.149,0.475902,59.28694,0,55.748,4.610993,59.03843,0,PMU,14499.1,-0.367177,59.97669,0,14380.3,3.820082,59.87994,0,14511.4,1.745595,60.10837,0,79.7741,-0.511529,60.01166,0,97.7818,3.645815,60.44529,0,55.0322,1.504916,60.51278,0,PMU,14410,2.797911,60.00466,0,14411.3,0.706975,60.11190,0,14527.1,-1.379274,59.87527,0,79.1951,2.651653,59.92540,0,104.221,0.465711,58.54216,0,56.4306,4.574191,57.55844,0,PMU,14412.5,2.849461,59.99767,0,14426.7,0.758408,60.09325,0,14553.6,-1.326986,59.87994,0,79.2658,2.707480,59.97785,0,98.6846,0.583724,59.98368,0,54.4663,-1.537323,59.98718,0,PMU
1086,9.058333,14486.6,2.584351,59.95454,0,14391.1,0.489390,59.90558,0,14522.5,4.695884,60.11424,0,78.9556,2.441026,59.98485,0,98.3303,0.319107,60.05828,0,54.709,4.470959,60.11074,0,PMU,14502.4,2.784425,59.97436,0,14378.5,0.687949,59.87210,0,14512,-1.386049,60.10724,0,79.0963,2.641643,60.02798,0,97.639,0.512688,60.70257,0,54.798,4.659448,60.92543,0,PMU,14407.2,-0.366750,60.00816,0,14424.9,3.825575,60.10491,0,14534.9,1.739006,59.87415,0,79.7394,-0.513238,59.96736,0,99.0729,3.622438,59.55355,0,55.7093,1.478189,59.48955,0,PMU,14502.7,2.796630,59.97552,0,14373.2,0.699895,59.86479,0,14510.4,-1.373720,60.10608,0,79.1165,2.654888,60.06178,0,95.3308,0.533562,61.29585,0,54.7065,4.697531,62.35563,0,PMU,14502.8,2.848546,59.98251,0,14378.6,0.752505,59.88726,0,14509.1,-1.321738,60.10024,0,79.3025,2.707602,60.00233,0,98.7346,0.583785,60.00117,0,54.4964,-1.537934,59.98834,0,PMU
1087,9.066667,14400.5,2.585938,60.03031,0,14455.7,0.493541,60.07927,0,14538.8,4.689109,59.87061,0,78.8947,2.440843,59.99650,0,97.937,0.315261,59.92656,0,54.7055,4.464185,59.87061,0,PMU,14411.2,2.784730,60.00583,0,14420.9,0.693670,60.10925,0,14534.1,-1.392701,59.87294,0,79.0135,2.639995,59.96853,0,100.673,0.476573,59.31025,0,55.7279,4.612885,59.11070,0,PMU,14499.7,-0.368032,59.97552,0,14381.6,3.819227,59.87877,0,14512.2,1.744680,60.10837,0,79.7013,-0.512383,60.01632,0,97.8616,3.644411,60.41964,0,55.0414,1.503940,60.49180,0,PMU,14408.8,2.796874,60.00466,0,14410.7,0.705938,60.11540,0,14526.8,-1.380312,59.87411,0,79.1234,2.650310,59.91258,0,103.849,0.466444,58.71813,0,56.2766,4.578891,57.73413,0,PMU,14412.3,2.848423,59.99767,0,14426.8,0.757370,60.09292,0,14553.3,-1.328085,59.87877,0,79.2209,2.706382,59.97669,0,98.6643,0.582748,59.98018,0,54.4587,-1.538422,59.99067,0,PMU
1088,9.075000,14486.7,2.583497,59.95337,0,14391,0.488475,59.90325,0,14522.2,4.695029,60.11307,0,78.8581,2.440294,59.98951,0,98.4429,0.318557,60.06295,0,54.6584,4.470044,60.11190,0,PMU,14501.7,2.783326,59.97319,0,14379.7,0.687034,59.87327,0,14512.5,-1.387086,60.10724,0,79.5657,2.640667,60.01282,0,97.3788,0.512261,60.68159,0,54.8409,4.658533,60.87181,0,PMU,14408,-0.367544,60.00933,0,14426.4,3.824781,60.10608,0,14536.3,1.738151,59.87531,0,79.681,-0.514031,59.96853,0,98.924,3.622622,59.58386,0,55.7163,1.478616,59.51636,0,PMU,14500.5,2.795592,59.97552,0,14371.9,0.698980,59.86711,0,14508.9,-1.374757,60.10608,0,79.0776,2.654216,60.07460,0,95.5371,0.531121,61.23524,0,54.6602,4.693747,62.19360,0,PMU,14502.5,2.847508,59.98251,0,14378.8,0.751467,59.88726,0,14508.9,-1.322836,60.10024,0,79.3288,2.706687,60.00583,0,98.6941,0.582870,60.00233,0,54.4861,-1.538910,59.99067,0,PMU
1089,9.083333,14400.1,2.585023,60.02914,0,14455.4,0.492625,60.07926,0,14538.7,4.688193,59.86944,0,78.884,2.439988,59.99417,0,97.9979,0.314590,59.92423,0,54.7529,4.463575,59.87644,0,PMU,14410.4,2.783631,60.00583,0,14421.8,0.692754,60.10925,0,14534.4,-1.393678,59.87411,0,79.5877,2.637615,59.94172,0,100.257,0.477489,59.33590,0,55.7529,4.614899,59.16666,0,PMU,14500.5,-0.368825,59.97552,0,14382.3,3.818434,59.87877,0,14513.3,1.743886,60.10953,0,79.6616,-0.512810,60.02331,0,97.9586,3.643984,60.40798,0,55.0654,1.503207,60.46965,0,PMU,14406.5,2.795836,60.00466,0,14408.8,0.704961,60.11424,0,14525.7,-1.381288,59.87527,0,79.0965,2.649944,59.91841,0,103.377,0.467603,58.78691,0,56.1691,4.583407,57.89266,0,PMU,14411.8,2.847325,59.99650,0,14426.7,0.756332,60.09292,0,14552.7,-1.329123,59.87994,0,79.2434,2.705527,59.97785,0,98.6497,0.581954,59.98251,0,54.4679,-1.539032,59.99767,0,PMU
1090,9.091667,14486,2.582581,59.95337,0,14390.5,0.487621,59.90442,0,14522.1,4.694114,60.11307,0,78.8737,2.438768,59.97669,0,98.3485,0.317886,60.06295,0,54.6136,4.468945,60.10258,0,PMU,14501.6,2.782350,59.97552,0,14379.7,0.686179,59.87443,0,14512.4,-1.388002,60.10841,0,79.7003,2.638347,60.01399,0,97.289,0.512322,60.66527,0,54.8591,4.657251,60.80886,0,PMU,14408.6,-0.368276,60.01049,0,14427.2,3.823988,60.10608,0,14536.7,1.737358,59.87531,0,79.6662,-0.514519,59.96736,0,98.8916,3.622316,59.58619,0,55.7239,1.479226,59.54200,0,PMU,14498.1,2.794493,59.97435,0,14369.4,0.697942,59.86595,0,14506.8,-1.375856,60.10375,0,79.1324,2.653850,60.07460,0,95.8253,0.529168,61.17579,0,54.6704,4.690390,62.04323,0,PMU,14502,2.846411,59.98256,0,14378,0.750368,59.88610,0,14508.3,-1.323935,60.09908,0,79.2907,2.705710,60.00350,0,98.7099,0.581954,60.00000,0,54.4881,-1.539704,59.98718,0,PMU
1091,9.100000,14400.2,2.584168,60.03031,0,14455.2,0.491771,60.07926,0,14538.6,4.687339,59.87061,0,78.8542,2.439012,60.00466,0,97.9656,0.313675,59.91957,0,54.7271,4.463330,59.89276,0,PMU,14410,2.782716,60.00699,0,14422.4,0.691778,60.10692,0,14534.6,-1.394593,59.87411,0,79.5723,2.637005,59.97435,0,100.048,0.479503,59.37320,0,55.6876,4.615814,59.20862,0,PMU,14500.6,-0.369619,59.97435,0,14382.7,3.817640,59.87877,0,14513.4,1.743032,60.10837,0,79.6261,-0.513177,60.02565,0,97.9024,3.642946,60.39399,0,55.1156,1.502963,60.45334,0,PMU,14403.7,2.794738,60.00466,0,14406.7,0.703740,60.11074,0,14523.3,-1.382448,59.87411,0,79.0966,2.649212,59.91141,0,103.258,0.469556,58.86151,0,56.0892,4.588168,58.04770,0,PMU,14411.3,2.846289,59.99767,0,14426.2,0.755234,60.09292,0,14551.9,-1.330221,59.87993,0,79.2328,2.704856,59.98368,0,98.6632,0.581039,59.98252,0,54.4428,-1.540192,59.99067,0,PMU
1092,9.108333,14485.8,2.581727,59.95337,0,14390.7,0.486766,59.90442,0,14522.2,4.693198,60.11191,0,78.8947,2.438463,59.98951,0,98.3627,0.317276,60.06878,0,54.6906,4.468457,60.09791,0,PMU,14501.2,2.781373,59.97435,0,14380.2,0.685142,59.87327,0,14512.3,-1.388978,60.10724,0,79.6259,2.636943,59.99883,0,97.4745,0.512322,60.62680,0,54.8075,4.655542,60.75874,0,PMU,14409,-0.369069,60.01049,0,14427.5,3.823194,60.10608,0,14537.1,1.736503,59.87531,0,79.5374,-0.515252,59.96037,0,98.7647,3.622255,59.60484,0,55.6992,1.478921,59.54084,0,PMU,14495.5,2.793334,59.97319,0,14367.2,0.696721,59.86595,0,14504.4,-1.377016,60.10375,0,79.1237,2.652507,60.06294,0,96.1841,0.527459,61.10585,0,54.6469,4.686667,61.88120,0,PMU,14501.1,2.845374,59.98251,0,14377.8,0.749270,59.88610,0,14507.6,-1.325033,60.09908,0,79.3201,2.704917,60.00117,0,98.7128,0.581161,60.00233,0,54.4581,-1.540741,59.98951,0,PMU
1093,9.116667,14399.7,2.583314,60.03031,0,14455,0.490977,60.08043,0,14538.7,4.686545,59.87294,0,78.8761,2.438218,59.99534,0,98.0069,0.312942,59.91724,0,54.6745,4.462110,59.87877,0,PMU,14409.3,2.781617,60.00466,0,14422.8,0.690696,60.10608,0,14534.6,-1.395631,59.87294,0,79.5756,2.635740,59.97702,0,99.977,0.480113,59.38486,0,55.627,4.616486,59.25408,0,PMU,14501,-0.370473,59.97319,0,14382.2,3.816847,59.87877,0,14513.5,1.742239,60.10953,0,79.4605,-0.513848,60.02681,0,97.8759,3.641847,60.37418,0,55.018,1.501926,60.43935,0,PMU,14402.9,2.793517,60.00350,0,14406.8,0.702459,60.10957,0,14522.9,-1.383668,59.87294,0,79.0631,2.647747,59.90908,0,103.014,0.470106,58.90464,0,56.0065,4.591891,58.18990,0,PMU,14410.7,2.845191,59.99650,0,14426.1,0.754135,60.09292,0,14551.7,-1.331320,59.87994,0,79.2021,2.703818,59.97902,0,98.648,0.580062,59.97902,0,54.4169,-1.541351,59.98834,0,PMU
1094,9.125000,14485.1,2.580934,59.95454,0,14389.8,0.485973,59.90442,0,14521.1,4.692405,60.11191,0,78.8041,2.437547,59.98718,0,98.268,0.316299,60.06411,0,54.5919,4.467725,60.10724,0,PMU,14501.3,2.780274,59.97435,0,14379.9,0.684104,59.87411,0,14512.2,-1.390016,60.10724,0,79.6965,2.636045,60.00583,0,97.6271,0.510796,60.58600,0,54.8007,4.654199,60.72027,0,PMU,14408.9,-0.369985,60.00933,0,14427.6,3.822279,60.10374,0,14537.2,1.735588,59.87298,0,79.4181,-0.516045,59.95804,0,98.582,3.621828,59.61766,0,55.5663,1.479104,59.56415,0,PMU,14495.6,2.792176,59.97440,0,14367.6,0.695623,59.86944,0,14504.8,-1.378175,60.10491,0,79.154,2.650982,60.06178,0,96.3182,0.524773,61.04407,0,54.7128,4.683799,61.75531,0,PMU,14500.9,2.844336,59.98368,0,14377.4,0.748232,59.88726,0,14507.4,-1.326071,60.10025,0,79.2969,2.703635,59.99650,0,98.6369,0.579879,59.99650,0,54.4455,-1.541657,59.99417,0,PMU
1095,9.133333,14399,2.582459,60.02914,0,14454.5,0.490123,60.07926,0,14538.4,4.685630,59.87061,0,78.8381,2.437547,60.00000,0,97.8974,0.312027,59.91840,0,54.7244,4.461194,59.87528,0,PMU,14409.4,2.780641,60.00699,0,14422.8,0.689719,60.10724,0,14534.4,-1.396608,59.87411,0,79.6606,2.634947,59.97902,0,99.9609,0.479991,59.41167,0,55.6262,4.617462,59.29838,0,PMU,14500.3,-0.371450,59.97202,0,14382.1,3.815871,59.87761,0,14513.5,1.741262,60.10837,0,79.404,-0.514397,60.03147,0,97.8807,3.640627,60.35902,0,54.8797,1.500339,60.40555,0,PMU,14403,2.792481,60.00583,0,14407.4,0.701482,60.11191,0,14524.1,-1.384706,59.87527,0,79.0736,2.646587,59.91607,0,102.612,0.470472,58.96293,0,56.0196,4.595797,58.31930,0,PMU,14410.5,2.844214,59.99767,0,14426,0.753176,60.09442,0,14551.8,-1.332358,59.87994,0,79.1816,2.702780,59.98368,0,98.6312,0.579391,59.99067,0,54.4154,-1.542267,59.98834,0,PMU
1096,9.141667,14484.6,2.580018,59.95337,0,14389.9,0.485057,59.90325,0,14521.3,4.691489,60.11191,0,78.9513,2.436448,59.97902,0,98.3746,0.315567,60.06761,0,54.6261,4.466687,60.10491,0,PMU,14500.4,2.779298,59.97435,0,14379.8,0.683128,59.87411,0,14511.6,-1.391114,60.10491,0,79.6688,2.634764,59.99650,0,97.797,0.509392,60.56152,0,54.7938,4.652734,60.67364,0,PMU,14408.5,-0.370961,60.00933,0,14427.5,3.821241,60.10258,0,14537.5,1.734611,59.87298,0,79.4443,-0.516839,59.95337,0,98.5507,3.621706,59.63864,0,55.4353,1.478311,59.57930,0,PMU,14496.2,2.791200,59.97552,0,14368.3,0.694707,59.87061,0,14505.5,-1.379091,60.10724,0,79.1924,2.649578,60.05712,0,96.4724,0.523735,61.01726,0,54.7688,4.680320,61.61427,0,PMU,14499.5,2.843360,59.98368,0,14376.7,0.747317,59.88809,0,14506.6,-1.326986,60.10258,0,79.2469,2.702536,59.99534,0,98.6367,0.579147,59.99534,0,54.4141,-1.542755,59.99067,0,PMU
1097,9.150000,14399.1,2.581605,60.03031,0,14455.1,0.489268,60.08043,0,14538.8,4.684775,59.87178,0,79.0049,2.436021,59.99184,0,98.0383,0.311538,59.92306,0,54.7821,4.460645,59.88460,0,PMU,14408.5,2.779542,60.00466,0,14422.8,0.688621,60.10491,0,14534.6,-1.397706,59.87411,0,79.6243,2.633360,59.97319,0,99.8632,0.480480,59.44780,0,55.5655,4.618134,59.33918,0,PMU,14499.9,-0.372426,59.97202,0,14382.3,3.814894,59.87877,0,14513.3,1.740288,60.10841,0,79.4641,-0.514947,60.03614,0,98.0193,3.640505,60.35902,0,54.8332,1.499911,60.41254,0,PMU,14403.8,2.791627,60.00816,0,14408.6,0.700567,60.11191,0,14524.9,-1.385621,59.87528,0,79.0747,2.645549,59.92306,0,102.693,0.471388,59.00023,0,55.9556,4.597567,58.41954,0,PMU,14409.4,2.843238,59.99767,0,14424.1,0.752261,60.09442,0,14550.3,-1.333212,59.88110,0,79.1585,2.702109,59.99184,0,98.499,0.577804,59.97435,0,54.3958,-1.542938,59.99650,0,PMU
1098,9.158333,14485.1,2.579225,59.95454,0,14390.8,0.484264,59.90442,0,14522.4,4.690696,60.11307,0,79.0229,2.435472,59.98951,0,98.4732,0.314834,60.06295,0,54.7237,4.465588,60.09442,0,PMU,14499.7,2.778199,59.97435,0,14379.2,0.682090,59.87527,0,14511.7,-1.392152,60.10608,0,79.6183,2.633482,60.00233,0,97.9067,0.508416,60.53354,0,54.7657,4.651636,60.63984,0,PMU,14408.1,-0.371938,60.00932,0,14427.4,3.820265,60.10258,0,14536.9,1.733696,59.87411,0,79.4232,-0.517876,59.94405,0,98.6286,3.621584,59.63864,0,55.3703,1.478921,59.59912,0,PMU,14496.1,2.790345,59.97552,0,14368.6,0.693792,59.87061,0,14505.4,-1.380006,60.10724,0,79.1339,2.648235,60.05129,0,96.8016,0.521965,60.96597,0,54.6994,4.675986,61.49770,0,PMU,14497.8,2.842383,59.98368,0,14374.2,0.746340,59.88693,0,14504.6,-1.327963,60.10025,0,79.2619,2.701804,59.99417,0,98.5407,0.578170,60.00699,0,54.4467,-1.543121,59.99650,0,PMU
1099,9.166667,14399.9,2.580873,60.03147,0,14456.3,0.488536,60.08160,0,14540.5,4.684043,59.87294,0,79.0151,2.434862,59.98835,0,98.1386,0.310501,59.91724,0,54.7167,4.458875,59.87178,0,PMU,14407.9,2.778504,60.00583,0,14422.7,0.687583,60.10491,0,14534.5,-1.398744,59.87411,0,79.7119,2.632566,59.98251,0,99.6702,0.480174,59.46063,0,55.5249,4.618988,59.37648,0,PMU,14499.4,-0.373464,59.97086,0,14381.9,3.813856,59.87761,0,14513.1,1.739250,60.10608,0,79.4144,-0.516167,60.03264,0,98.0065,3.639223,60.33688,0,54.7505,1.499667,60.39622,0,PMU,14404.1,2.790711,60.00699,0,14408.8,0.699529,60.10957,0,14525.5,-1.386537,59.87528,0,79.0323,2.644634,59.93122,0,102.538,0.472547,59.05618,0,55.8491,4.600253,58.55359,0,PMU,14406.9,2.842200,59.99650,0,14421.3,0.751162,60.09209,0,14547.5,-1.334311,59.87877,0,79.1495,2.701438,59.99301,0,98.5279,0.577438,59.98601,0,54.4149,-1.543671,59.98951,0,PMU
1100,9.175000,14486.3,2.578553,59.95570,0,14391.6,0.483592,59.90558,0,14523.2,4.690024,60.11424,0,78.9682,2.434373,59.99067,0,98.4276,0.313430,60.05595,0,54.6322,4.464673,60.11073,0,PMU,14499.5,2.777223,59.97553,0,14379.1,0.681114,59.87644,0,14511.3,-1.393129,60.10724,0,79.728,2.632688,60.00233,0,97.8657,0.506890,60.51023,0,54.7571,4.651025,60.61186,0,PMU,14408.1,-0.373037,60.00816,0,14427.4,3.819227,60.10258,0,14537.3,1.732597,59.87294,0,79.3828,-0.519280,59.94055,0,98.4635,3.621157,59.65496,0,55.2947,1.478433,59.59446,0,PMU,14496.3,2.789369,59.97435,0,14369.1,0.692815,59.87178,0,14505.6,-1.380922,60.10724,0,79.1663,2.647319,60.05129,0,97.0747,0.520318,60.91235,0,54.7371,4.673850,61.40561,0,PMU,14495.1,2.841224,59.98135,0,14371.3,0.745180,59.88576,0,14501.7,-1.329123,60.09908,0,79.2468,2.700766,59.98718,0,98.5939,0.577987,60.01049,0,54.4412,-1.543793,59.99767,0,PMU
1101,9.183333,14400.2,2.580140,60.03031,0,14456.6,0.487804,60.08043,0,14540.8,4.683310,59.87178,0,79.0001,2.434129,59.99534,0,98.0294,0.309463,59.92424,0,54.7426,4.457837,59.86945,0,PMU,14407.5,2.777589,60.00699,0,14423,0.686668,60.10608,0,14533.9,-1.399720,59.87411,0,79.7461,2.631651,59.98018,0,99.5567,0.479991,59.48627,0,55.4822,4.619782,59.40329,0,PMU,14499.1,-0.374501,59.97202,0,14381.8,3.812819,59.87761,0,14513.4,1.738212,60.10724,0,79.382,-0.517022,60.04313,0,98.0933,3.638063,60.32289,0,54.7331,1.498569,60.38456,0,PMU,14404.4,2.789735,60.00699,0,14409.6,0.698614,60.11074,0,14526,-1.387513,59.87411,0,79.0319,2.643963,59.93589,0,102.287,0.473035,59.09698,0,55.8125,4.602877,58.64451,0,PMU,14405.4,2.840979,59.99534,0,14420.2,0.749941,60.09092,0,14545.4,-1.335531,59.87760,0,79.1865,2.700766,60.00000,0,98.6128,0.577194,59.98485,0,54.4445,-1.544586,59.98485,0,PMU
1102,9.191667,14486.2,2.577760,59.95454,0,14391.7,0.482799,59.90441,0,14523.3,4.689231,60.11307,0,78.9764,2.433580,59.98951,0,98.439,0.312637,60.06061,0,54.5847,4.463330,60.10491,0,PMU,14498.7,2.776246,59.97436,0,14378.5,0.680198,59.87644,0,14510.4,-1.394105,60.10724,0,79.7137,2.631773,60.00233,0,97.8452,0.505425,60.48575,0,54.7365,4.649439,60.56641,0,PMU,14408.7,-0.373952,60.01049,0,14427.7,3.818190,60.10258,0,14537.5,1.731621,59.87411,0,79.274,-0.520074,59.94172,0,98.3462,3.620424,59.66312,0,55.2913,1.478372,59.61427,0,PMU,14496.6,2.788514,59.97669,0,14370.1,0.691961,59.87294,0,14506.3,-1.381898,60.10724,0,79.1415,2.646160,60.04196,0,97.2098,0.518426,60.86689,0,54.7028,4.671104,61.30303,0,PMU,14494.7,2.840064,59.98251,0,14371.2,0.743960,59.88576,0,14501.4,-1.330282,60.10025,0,79.2655,2.699424,59.97435,0,98.7435,0.577072,59.99767,0,54.4755,-1.545197,59.98834,0,PMU
1103,9.200000,14400.7,2.579286,60.02914,0,14457.4,0.486949,60.07927,0,14541.1,4.682456,59.87061,0,78.9989,2.433275,59.99417,0,98.0221,0.308609,59.92307,0,54.7314,4.457532,59.88926,0,PMU,14407.2,2.776552,60.00583,0,14422.9,0.685630,60.10375,0,14533.5,-1.400758,59.87294,0,79.7424,2.630369,59.97319,0,99.374,0.480113,59.51658,0,55.5776,4.619415,59.42660,0,PMU,14499.8,-0.375356,59.97319,0,14382.5,3.811964,59.88111,0,14513.7,1.737297,60.10841,0,79.32,-0.518120,60.03730,0,98.0517,3.637087,60.31823,0,54.7835,1.498325,60.38106,0,PMU,14404.9,2.788941,60.00816,0,14411,0.697820,60.11191,0,14527.4,-1.388368,59.87644,0,79.0438,2.643169,59.94288,0,102.106,0.473583,59.14356,0,55.7621,4.605561,58.74822,0,PMU,14405.3,2.839942,59.99767,0,14420.6,0.748904,60.09442,0,14545.9,-1.336569,59.87994,0,79.2011,2.699668,60.00466,0,98.6087,0.575729,59.97435,0,54.4193,-1.545807,59.98834,0,PMU
1104,9.208333,14486.5,2.576905,59.95454,0,14392.3,0.481944,59.90441,0,14523.5,4.688376,60.11307,0,78.9941,2.433214,59.99883,0,98.4232,0.311782,60.06061,0,54.7012,4.463025,60.10491,0,PMU,14499.3,2.775270,59.97552,0,14378.8,0.679221,59.87760,0,14510.7,-1.395082,60.10841,0,79.7449,2.630857,60.00933,0,97.9527,0.504283,60.46160,0,54.9823,4.647547,60.53726,0,PMU,14408.5,-0.374807,60.01049,0,14428.2,3.817335,60.10258,0,14537.3,1.730766,59.87527,0,79.1653,-0.521355,59.93822,0,98.3462,3.619875,59.67128,0,55.3226,1.478616,59.62360,0,PMU,14496.8,2.787721,59.97669,0,14370.9,0.691228,59.87411,0,14507.2,-1.382631,60.10957,0,79.1381,2.645305,60.04080,0,97.3792,0.516289,60.81564,0,54.6929,4.668723,61.20632,0,PMU,14495.6,2.839209,59.98601,0,14371.9,0.743105,59.88926,0,14502.1,-1.331137,60.10375,0,79.2653,2.698159,59.97118,0,98.6623,0.576095,60.00699,0,54.4662,-1.546112,59.99417,0,PMU
1105,9.216667,14400.6,2.578492,60.03031,0,14457.9,0.486156,60.08043,0,14541.4,4.681602,59.87061,0,78.9744,2.432359,59.98368,0,98.0038,0.307937,59.92657,0,54.6951,4.456128,59.86828,0,PMU,14407,2.775636,60.00699,0,14424.1,0.684776,60.10608,0,14534,-1.401671,59.87415,0,79.7875,2.629454,59.97319,0,99.0903,0.480907,59.55355,0,55.7031,4.619660,59.46740,0,PMU,14499.3,-0.376272,59.97202,0,14382.2,3.811049,59.87994,0,14513,1.736320,60.10608,0,79.2077,-0.518975,60.04546,0,98.0663,3.635866,60.30540,0,54.7841,1.497409,60.35892,0,PMU,14406.3,2.788148,60.00816,0,14412.4,0.697027,60.11074,0,14528.8,-1.389161,59.87528,0,78.9965,2.642376,59.94405,0,101.764,0.473583,59.18436,0,55.6982,4.607453,58.82982,0,PMU,14405.5,2.839148,59.99883,0,14421.3,0.748110,60.09559,0,14546,-1.337423,59.87993,0,79.1972,2.698586,60.00816,0,98.6682,0.574813,59.97552,0,54.4218,-1.546967,59.98368,0,PMU
1106,9.225000,14486.1,2.576051,59.95337,0,14392.2,0.481151,59.90441,0,14523.4,4.687522,60.11307,0,78.973,2.432359,60.00000,0,98.355,0.310989,60.05828,0,54.6259,4.463269,60.13638,0,PMU,14499.1,2.774415,59.97669,0,14380.3,0.678489,59.87994,0,14511.4,-1.395997,60.10837,0,79.7741,2.630064,60.01166,0,97.7818,0.504222,60.44529,0,55.0322,4.646509,60.51278,0,PMU,14408.3,-0.375783,60.00933,0,14428.2,3.816359,60.10141,0,14537.5,1.729729,59.87411,0,79.0848,-0.521782,59.94638,0,98.2508,3.619265,59.68294,0,55.2721,1.477945,59.62826,0,PMU,14498.9,2.786927,59.97669,0,14373,0.690452,59.87443,0,14509.1,-1.383424,60.10957,0,79.1317,2.644390,60.03847,0,97.4842,0.515191,60.79466,0,54.7021,4.666284,61.12360,0,PMU,14495.8,2.838416,59.98601,0,14372.9,0.742251,59.88809,0,14502.5,-1.331991,60.10375,0,79.2058,2.696755,59.96503,0,98.6629,0.574630,59.99650,0,54.4508,-1.547516,59.98951,0,PMU
1107,9.233333,14399.9,2.577577,60.02914,0,14457.8,0.485301,60.07927,0,14541.3,4.680686,59.86945,0,78.986,2.431566,59.98485,0,97.9731,0.307144,59.92657,0,54.7718,4.455884,59.85895,0,PMU,14407.2,2.774843,60.00816,0,14424.9,0.683982,60.10491,0,14534.9,-1.402587,59.87415,0,79.7394,2.628355,59.96736,0,99.0729,0.480846,59.55355,0,55.7093,4.619782,59.48955,0,PMU,14499.6,-0.377248,59.97202,0,14382.2,3.810072,59.87993,0,14513.5,1.735344,60.10724,0,79.2367,-0.519341,60.04662,0,98.0647,3.634706,60.29491,0,54.7782,1.496677,60.35775,0,PMU,14407.8,2.787354,60.00816,0,14414.8,0.696233,60.11041,0,14531,-1.389955,59.87528,0,79.0087,2.641521,59.94521,0,101.623,0.474071,59.21467,0,55.6937,4.608917,58.90438,0,PMU,14406,2.838355,59.99883,0,14422,0.747256,60.09559,0,14546.6,-1.338278,59.87993,0,79.1525,2.697426,60.01282,0,98.5851,0.573898,59.98601,0,54.44,-1.547821,59.99417,0,PMU
1108,9.241667,14486.2,2.575135,59.95337,0,14392,0.480296,59.90441,0,14523.8,4.686728,60.11540,0,78.9897,2.431871,60.00583,0,98.3946,0.310318,60.06062,0,54.621,4.461438,60.10608,0,PMU,14499.7,2.773561,59.97552,0,14381.6,0.677635,59.87877,0,14512.2,-1.396913,60.10837,0,79.7013,2.629209,60.01632,0,97.8616,0.502818,60.41964,0,55.0414,4.645532,60.49180,0,PMU,14408.5,-0.376760,60.00933,0,14428.1,3.815382,60.10141,0,14537.6,1.728752,59.87411,0,79.1338,-0.522393,59.94172,0,98.1718,3.618776,59.69576,0,55.2701,1.477762,59.63875,0,PMU,14501.3,2.786134,59.97669,0,14376.2,0.689658,59.87443,0,14511.5,-1.384279,60.10840,0,79.183,2.643230,60.03264,0,97.6347,0.513909,60.76085,0,54.7958,4.664148,61.05482,0,PMU,14496.1,2.837500,59.98368,0,14373.7,0.741396,59.88809,0,14503.4,-1.332907,60.10258,0,79.1806,2.695595,59.96503,0,98.7501,0.573898,60.00000,0,54.4891,-1.548370,59.98951,0,PMU
1109,9.250000,14400.2,2.576722,60.03031,0,14457.6,0.484386,60.07810,0,14540.9,4.679832,59.86828,0,79.048,2.431261,59.98834,0,98.0379,0.306595,59.92889,0,54.7883,4.456128,59.89859,0,PMU,14408,2.774049,60.00933,0,14426.4,0.683189,60.10608,0,14536.3,-1.403441,59.87531,0,79.681,2.627562,59.96853,0,98.924,0.481029,59.58386,0,55.7163,4.620209,59.51636,0,PMU,14499.1,-0.378225,59.97202,0,14382.1,3.809096,59.87994,0,14513.1,1.734367,60.10724,0,79.255,-0.520806,60.03031,0,98.1381,3.634157,60.29375,0,54.7684,1.496493,60.35775,0,PMU,14410.5,2.786622,60.00933,0,14418,0.695501,60.11158,0,14533.6,-1.390809,59.87528,0,79.0603,2.640972,59.95687,0,101.518,0.474803,59.25314,0,55.8621,4.609894,58.96383,0,PMU,14407,2.837439,59.99883,0,14423.2,0.746462,60.09675,0,14548.1,-1.339069,59.88231,0,79.1991,2.696389,60.01515,0,98.6241,0.572799,59.97902,0,54.4846,-1.548615,59.99534,0,PMU
1110,9.258333,14486.1,2.574286,59.95348,0,14392,0.479442,59.90558,0,14523.6,4.685874,60.11540,0,79.0386,2.431139,59.99767,0,98.3898,0.309585,60.05712,0,54.7403,4.460950,60.09209,0,PMU,14500.5,2.772767,59.97552,0,14382.3,0.676841,59.87877,0,14513.3,-1.397706,60.10953,0,79.6616,2.628782,60.02331,0,97.9586,0.502391,60.40798,0,55.0654,4.644800,60.46965,0,PMU,14408.5,-0.377675,60.01049,0,14428.6,3.814467,60.10258,0,14537.8,1.727836,59.87527,0,79.1226,-0.523430,59.94988,0,98.27,3.618593,59.70276,0,55.2572,1.477579,59.63875,0,PMU,14502.5,2.785401,59.97669,0,14377.6,0.688926,59.87443,0,14512.4,-1.385072,60.10957,0,79.1436,2.642559,60.03031,0,97.7432,0.513238,60.73404,0,54.8681,4.661340,60.98255,0,PMU,14496.4,2.836646,59.98485,0,14373.5,0.740603,59.88809,0,14503.8,-1.333639,60.10370,0,79.2205,2.694619,59.96620,0,98.6001,0.572982,60.00350,0,54.5242,-1.548920,59.99417,0,PMU
1111,9.266667,14399.9,2.575868,60.03020,0,14457.5,0.483531,60.07810,0,14540.5,4.679038,59.86945,0,79.0204,2.430345,59.98485,0,97.983,0.305862,59.92889,0,54.7256,4.454175,59.87061,0,PMU,14408.6,2.773317,60.01049,0,14427.2,0.682395,60.10608,0,14536.7,-1.404235,59.87531,0,79.6662,2.627073,59.96736,0,98.8916,0.480724,59.58619,0,55.7239,4.620819,59.54200,0,PMU,14499,-0.379079,59.97319,0,14382.2,3.808241,59.88110,0,14513.3,1.733513,60.10841,0,79.253,-0.521782,60.03147,0,98.2994,3.631715,60.25062,0,54.7631,1.495761,60.34726,0,PMU,14410.8,2.785768,60.00699,0,14419.2,0.694646,60.10925,0,14533.8,-1.391664,59.87411,0,78.9731,2.640178,59.95454,0,101.149,0.475902,59.28694,0,55.748,4.610993,59.03843,0,PMU,14406.5,2.836585,59.99883,0,14422.2,0.745486,60.09325,0,14547.7,-1.339985,59.87881,0,79.2451,2.695595,60.01865,0,98.5825,0.571518,59.97202,0,54.4668,-1.549835,59.98251,0,PMU
1112,9.275000,14485.4,2.573432,59.95348,0,14391.4,0.478588,59.90558,0,14522.5,4.684958,60.11307,0,79.0491,2.430467,60.00233,0,98.3305,0.308609,60.05246,0,54.6709,4.461072,60.13172,0,PMU,14500.6,2.771974,59.97435,0,14382.7,0.676048,59.87877,0,14513.4,-1.398561,60.10837,0,79.6261,2.628416,60.02565,0,97.9024,0.501353,60.39399,0,55.1156,4.644556,60.45334,0,PMU,14408,-0.378530,60.01049,0,14427.9,3.813551,60.10141,0,14537.6,1.726982,59.87527,0,79.0742,-0.524285,59.95221,0,98.2489,3.617800,59.73423,0,55.2332,1.477273,59.64691,0,PMU,14502.4,2.784425,59.97436,0,14378.5,0.687949,59.87210,0,14512,-1.386049,60.10724,0,79.0963,2.641643,60.02798,0,97.639,0.512688,60.70257,0,54.798,4.659448,60.92543,0,PMU,14496.3,2.835730,59.98368,0,14373.1,0.739565,59.88693,0,14503.9,-1.334677,60.10137,0,79.2908,2.693947,59.96853,0,98.6362,0.571701,60.00350,0,54.5058,-1.550263,59.99184,0,PMU
1113,9.283333,14398.9,2.574891,60.02787,0,14456.9,0.482616,60.07693,0,14539.7,4.678062,59.86828,0,79.0256,2.429002,59.97202,0,97.959,0.305130,59.93356,0,54.767,4.453321,59.85196,0,PMU,14409,2.772523,60.01049,0,14427.5,0.681602,60.10608,0,14537.1,-1.405089,59.87531,0,79.5374,2.626341,59.96037,0,98.7647,0.480663,59.60484,0,55.6992,4.620514,59.54084,0,PMU,14498,-0.380038,59.97119,0,14381.5,3.807265,59.87994,0,14512.4,1.732597,60.10724,0,79.2001,-0.522942,60.02565,0,98.3179,3.632326,60.27743,0,54.7271,1.495273,60.34376,0,PMU,14411.2,2.784730,60.00583,0,14420.9,0.693670,60.10925,0,14534.1,-1.392701,59.87294,0,79.0135,2.639995,59.96853,0,100.673,0.476573,59.31025,0,55.7279,4.612885,59.11070,0,PMU,14407.9,2.835608,59.99767,0,14423.3,0.744448,60.09325,0,14548.3,-1.340961,59.87998,0,79.3557,2.694985,60.01982,0,98.695,0.571029,59.98718,0,54.487,-1.550568,59.99417,0,PMU
1114,9.291667,14485.1,2.572394,59.95232,0,14390.5,0.477611,59.90441,0,14522.6,4.684043,60.11423,0,78.9883,2.429491,60.00933,0,98.4257,0.308243,60.05945,0,54.5905,4.458753,60.10375,0,PMU,14501,2.771119,59.97319,0,14382.2,0.675254,59.87877,0,14513.5,-1.399354,60.10953,0,79.4605,2.627745,60.02681,0,97.8759,0.500255,60.37418,0,55.018,4.643518,60.43935,0,PMU,14406.9,-0.379506,60.01016,0,14427.7,3.812575,60.10141,0,14536.7,1.725944,59.87294,0,79.0252,-0.524956,59.96153,0,98.2333,3.618166,59.72957,0,55.1877,1.476724,59.64575,0,PMU,14501.7,2.783326,59.97319,0,14379.7,0.687034,59.87327,0,14512.5,-1.387086,60.10724,0,79.5657,2.640667,60.01282,0,97.3788,0.512261,60.68159,0,54.8409,4.658533,60.87181,0,PMU,14498.1,2.834754,59.98368,0,14374.4,0.738650,59.88926,0,14505.3,-1.335531,60.10370,0,79.2955,2.693032,59.96270,0,98.8359,0.570846,59.99650,0,54.523,-1.551300,59.98601,0,PMU
1115,9.300000,14398.4,2.573920,60.02914,0,14456.3,0.481578,60.07577,0,14539,4.677085,59.86712,0,78.9788,2.428392,59.97902,0,98.1139,0.304520,59.92889,0,54.7405,4.453199,59.89392,0,PMU,14408.9,2.771608,60.00933,0,14427.6,0.680686,60.10374,0,14537.2,-1.406005,59.87298,0,79.4181,2.625547,59.95804,0,98.582,0.480235,59.61766,0,55.5663,4.620697,59.56415,0,PMU,14496.9,-0.381076,59.97003,0,14380.4,3.806227,59.87877,0,14511.5,1.731499,60.10608,0,79.1439,-0.524102,60.01632,0,98.3663,3.631471,60.25411,0,54.7415,1.494540,60.34026,0,PMU,14410.4,2.783631,60.00583,0,14421.8,0.692754,60.10925,0,14534.4,-1.393678,59.87411,0,79.5877,2.637615,59.94172,0,100.257,0.477489,59.33590,0,55.7529,4.614899,59.16666,0,PMU,14409.7,2.834693,59.99883,0,14425,0.743594,60.09442,0,14550,-1.341816,59.87998,0,79.3469,2.693825,60.01515,0,98.6535,0.569381,59.97202,0,54.4584,-1.552033,59.98601,0,PMU
1116,9.308333,14484.8,2.571479,59.95337,0,14390.5,0.476634,59.90558,0,14522.3,4.683005,60.11307,0,78.9652,2.428941,60.01049,0,98.432,0.307022,60.04779,0,54.6756,4.458081,60.09325,0,PMU,14500.3,2.770143,59.97202,0,14382.1,0.674278,59.87761,0,14513.5,-1.400331,60.10837,0,79.404,2.627195,60.03147,0,97.8807,0.499034,60.35902,0,54.8797,4.641931,60.40555,0,PMU,14405.8,-0.380649,60.00816,0,14427.1,3.811415,60.09908,0,14535.9,1.724846,59.87295,0,79.0501,-0.525750,59.96853,0,98.328,3.617739,59.73773,0,55.2266,1.476846,59.66207,0,PMU,14501.6,2.782350,59.97552,0,14379.7,0.686179,59.87443,0,14512.4,-1.388002,60.10841,0,79.7003,2.638347,60.01399,0,97.289,0.512322,60.66527,0,54.8591,4.657251,60.80886,0,PMU,14500.5,2.833960,59.98601,0,14377.2,0.737857,59.89043,0,14507.5,-1.336386,60.10370,0,79.2861,2.691811,59.96153,0,98.6506,0.569015,59.99301,0,54.5009,-1.552948,59.98251,0,PMU
1117,9.316667,14398.5,2.573066,60.03031,0,14456.9,0.480724,60.07810,0,14539,4.676169,59.86945,0,78.8881,2.427415,59.97086,0,97.9422,0.303299,59.92889,0,54.6418,4.451062,59.86595,0,PMU,14408.5,2.770631,60.00933,0,14427.5,0.679649,60.10258,0,14537.5,-1.406981,59.87298,0,79.4443,2.624754,59.95337,0,98.5507,0.480113,59.63864,0,55.4353,4.619904,59.57930,0,PMU,14496.6,-0.382174,59.97086,0,14380.4,3.805128,59.87994,0,14511.3,1.730400,60.10607,0,79.1991,-0.524834,60.01749,0,98.4628,3.630373,60.24130,0,54.7681,1.493814,60.32405,0,PMU,14410,2.782716,60.00699,0,14422.4,0.691778,60.10692,0,14534.6,-1.394593,59.87411,0,79.5723,2.637005,59.97435,0,100.048,0.479503,59.37320,0,55.6876,4.615814,59.20862,0,PMU,14411.3,2.833899,59.99883,0,14427.6,0.742861,60.09558,0,14552,-1.342731,59.87881,0,79.3677,2.692788,60.01865,0,98.4857,0.567428,59.96969,0,54.4533,-1.553253,59.99417,0,PMU
1118,9.325000,14484.5,2.570624,59.95337,0,14390.4,0.475780,59.90558,0,14521.9,4.682151,60.11423,0,78.8661,2.427904,60.00933,0,98.2402,0.305984,60.05129,0,54.584,4.458081,60.13405,0,PMU,14499.9,2.769166,59.97202,0,14382.3,0.673301,59.87877,0,14513.3,-1.401305,60.10841,0,79.4641,2.626646,60.03614,0,98.0193,0.498912,60.35902,0,54.8332,4.641504,60.41254,0,PMU,14406.1,-0.381625,60.01049,0,14427.6,3.810438,60.10141,0,14536.3,1.723808,59.87411,0,79.0861,-0.526238,59.97319,0,98.1634,3.617067,59.74588,0,55.2047,1.476236,59.66429,0,PMU,14501.2,2.781373,59.97435,0,14380.2,0.685142,59.87327,0,14512.3,-1.388978,60.10724,0,79.6259,2.636943,59.99883,0,97.4745,0.512322,60.62680,0,54.8075,4.655542,60.75874,0,PMU,14501.3,2.833167,59.98601,0,14378.4,0.737063,59.88927,0,14508.9,-1.337240,60.10487,0,79.2759,2.691140,59.96853,0,98.4955,0.567245,59.99650,0,54.4869,-1.553803,59.98951,0,PMU
1119,9.333333,14397.9,2.572150,60.02914,0,14456.4,0.479808,60.07694,0,14538.5,4.675193,59.86712,0,78.8083,2.426073,59.96503,0,97.8723,0.302383,59.93123,0,54.7098,4.450513,59.85546,0,PMU,14408.1,2.769655,60.00932,0,14427.4,0.678672,60.10258,0,14536.9,-1.407897,59.87411,0,79.4232,2.623716,59.94405,0,98.6286,0.479991,59.63864,0,55.3703,4.620514,59.59912,0,PMU,14496.9,-0.383151,59.97086,0,14380.4,3.804213,59.88110,0,14511.7,1.729423,60.10724,0,79.2131,-0.525689,60.01049,0,98.2941,3.628908,60.22614,0,54.735,1.492776,60.31589,0,PMU,14409.3,2.781617,60.00466,0,14422.8,0.690696,60.10608,0,14534.6,-1.395631,59.87294,0,79.5756,2.635740,59.97702,0,99.977,0.480113,59.38486,0,55.627,4.616486,59.25408,0,PMU,14412.3,2.833045,59.99767,0,14428.5,0.742068,60.09558,0,14553.3,-1.343586,59.87881,0,79.3634,2.691689,60.01049,0,98.4013,0.566396,59.98379,0,54.4496,-1.553925,59.99767,0,PMU
1120,9.341667,14484.8,2.569648,59.95221,0,14390.3,0.474803,59.90441,0,14522.3,4.681235,60.11540,0,78.9223,2.427171,60.02098,0,98.2989,0.305191,60.05362,0,54.5907,4.456800,60.12006,0,PMU,14499.4,2.768129,59.97086,0,14381.9,0.672264,59.87761,0,14513.1,-1.402343,60.10608,0,79.4144,2.625425,60.03264,0,98.0065,0.497630,60.33688,0,54.7505,4.641260,60.39622,0,PMU,14406.9,-0.382602,60.01049,0,14428.3,3.809584,60.10258,0,14537.2,1.722893,59.87528,0,79.1394,-0.527092,59.97319,0,97.9954,3.615908,59.75171,0,55.1896,1.475442,59.66895,0,PMU,14501.3,2.780274,59.97435,0,14379.9,0.684104,59.87411,0,14512.2,-1.390016,60.10724,0,79.6965,2.636045,60.00583,0,97.6271,0.510796,60.58600,0,54.8007,4.654199,60.72027,0,PMU,14502.3,2.832251,59.98485,0,14379,0.736209,59.88810,0,14509.6,-1.338095,60.10487,0,79.2347,2.689980,59.96736,0,98.5889,0.566641,60.00466,0,54.4959,-1.554901,59.98135,0,PMU
1121,9.350000,14398.4,2.571235,60.03031,0,14456.7,0.478832,60.07694,0,14538.3,4.674277,59.86711,0,78.8807,2.425584,59.96969,0,97.9194,0.301773,59.93472,0,54.7561,4.451123,59.89159,0,PMU,14408.1,2.768556,60.00816,0,14427.4,0.677635,60.10258,0,14537.3,-1.408995,59.87294,0,79.3828,2.622313,59.94055,0,98.4635,0.479564,59.65496,0,55.2947,4.620026,59.59446,0,PMU,14497.2,-0.384006,59.97319,0,14380.9,3.803297,59.87994,0,14512.1,1.728508,60.10724,0,79.2181,-0.526787,60.00583,0,98.3325,3.627810,60.22731,0,54.7463,1.491616,60.30890,0,PMU,14409.4,2.780641,60.00699,0,14422.8,0.689719,60.10724,0,14534.4,-1.396608,59.87411,0,79.6606,2.634947,59.97902,0,99.9609,0.479991,59.41167,0,55.6262,4.617462,59.29838,0,PMU,14412.6,2.832068,59.99650,0,14429,0.741152,60.09442,0,14553.2,-1.344501,59.87764,0,79.3385,2.690652,60.01282,0,98.4504,0.565481,59.97785,0,54.4309,-1.555145,59.99534,0,PMU
1122,9.358333,14484.6,2.568732,59.95221,0,14390.6,0.473949,59.90675,0,14522.4,4.680259,60.11424,0,78.9203,2.426317,60.01399,0,98.3049,0.304214,60.04663,0,54.7004,4.456006,60.09325,0,PMU,14499.1,2.767091,59.97202,0,14381.8,0.671226,59.87761,0,14513.4,-1.403380,60.10724,0,79.382,2.624571,60.04313,0,98.0933,0.496470,60.32289,0,54.7331,4.640161,60.38456,0,PMU,14407.6,-0.383517,60.00933,0,14429.1,3.808607,60.10141,0,14537.5,1.721916,59.87411,0,79.1791,-0.528191,59.97319,0,98.0279,3.615236,59.75987,0,55.2107,1.474832,59.67944,0,PMU,14500.4,2.779298,59.97435,0,14379.8,0.683128,59.87411,0,14511.6,-1.391114,60.10491,0,79.6688,2.634764,59.99650,0,97.797,0.509392,60.56152,0,54.7938,4.652734,60.67364,0,PMU,14502.6,2.831275,59.98485,0,14379.1,0.735232,59.88693,0,14509.7,-1.339130,60.10258,0,79.2263,2.689126,59.97086,0,98.5948,0.565969,60.00933,0,54.4821,-1.555756,59.98834,0,PMU
1123,9.366667,14398,2.570380,60.03147,0,14456.4,0.477977,60.07694,0,14538.2,4.673362,59.86828,0,78.7935,2.424486,59.96503,0,97.7707,0.300552,59.93006,0,54.6853,4.449292,59.87177,0,PMU,14408.7,2.767640,60.01049,0,14427.7,0.676597,60.10258,0,14537.5,-1.409972,59.87411,0,79.274,2.621519,59.94172,0,98.3462,0.478832,59.66312,0,55.2913,4.619965,59.61427,0,PMU,14497.7,-0.384982,59.97202,0,14381.4,3.802443,59.88227,0,14512.8,1.727592,60.10840,0,79.2868,-0.527642,60.01049,0,98.3207,3.626833,60.22148,0,54.7765,1.491006,60.30890,0,PMU,14408.5,2.779542,60.00466,0,14422.8,0.688621,60.10491,0,14534.6,-1.397706,59.87411,0,79.6243,2.633360,59.97319,0,99.8632,0.480480,59.44780,0,55.5655,4.618134,59.33918,0,PMU,14412.6,2.831092,59.99651,0,14429.7,0.740115,60.09325,0,14553.3,-1.345539,59.87760,0,79.3937,2.689736,60.01166,0,98.6508,0.565481,59.99067,0,54.4607,-1.555512,60.00466,0,PMU
1124,9.375000,14484.7,2.567817,59.95104,0,14390.3,0.473035,59.90562,0,14522.3,4.679404,60.11540,0,78.8953,2.425035,60.01049,0,98.192,0.303177,60.05012,0,54.6662,4.456006,60.12823,0,PMU,14499.8,2.766237,59.97319,0,14382.5,0.670372,59.88111,0,14513.7,-1.404296,60.10841,0,79.32,2.623472,60.03730,0,98.0517,0.495494,60.31823,0,54.7835,4.639917,60.38106,0,PMU,14408.5,-0.384372,60.01166,0,14429.7,3.807692,60.10025,0,14538.3,1.721062,59.87528,0,79.1834,-0.528862,59.97669,0,97.9496,3.614689,59.76807,0,55.1954,1.474161,59.67828,0,PMU,14499.7,2.778199,59.97435,0,14379.2,0.682090,59.87527,0,14511.7,-1.392152,60.10608,0,79.6183,2.633482,60.00233,0,97.9067,0.508416,60.53354,0,54.7657,4.651636,60.63984,0,PMU,14502.6,2.830360,59.98601,0,14379.3,0.734255,59.88810,0,14509.9,-1.340107,60.10375,0,79.2595,2.688515,59.97669,0,98.7098,0.565847,60.00699,0,54.5093,-1.556166,59.98751,0,PMU
1125,9.383333,14398.5,2.569465,60.03147,0,14456.3,0.477062,60.07689,0,14538.2,4.672507,59.86828,0,78.7676,2.423509,59.97086,0,97.8926,0.299698,59.93356,0,54.7637,4.448333,59.85346,0,PMU,14408.5,2.766786,60.01049,0,14428.2,0.675742,60.10258,0,14537.3,-1.410827,59.87527,0,79.1653,2.620238,59.93822,0,98.3462,0.478282,59.67128,0,55.3226,4.620209,59.62360,0,PMU,14498,-0.385837,59.97202,0,14381.6,3.801527,59.88227,0,14512.8,1.726738,60.10840,0,79.2782,-0.528496,60.00699,0,98.3125,3.625856,60.21328,0,54.7362,1.489907,60.30074,0,PMU,14407.9,2.778504,60.00583,0,14422.7,0.687583,60.10491,0,14534.5,-1.398744,59.87411,0,79.7119,2.632566,59.98251,0,99.6702,0.480174,59.46063,0,55.5249,4.618988,59.37648,0,PMU,14411.9,2.830237,59.99767,0,14429.8,0.739199,60.09442,0,14553,-1.346454,59.87877,0,79.3681,2.688759,60.00466,0,98.6634,0.565298,59.98951,0,54.4694,-1.556288,59.99767,0,PMU
1126,9.391667,14484.7,2.566962,59.95221,0,14390.5,0.472120,59.90562,0,14522.4,4.678489,60.11424,0,78.8423,2.424059,60.01049,0,98.3251,0.302566,60.05479,0,54.5903,4.454114,60.11041,0,PMU,14499.3,2.765321,59.97202,0,14382.2,0.669456,59.87994,0,14513,-1.405272,60.10608,0,79.2077,2.622618,60.04546,0,98.0663,0.494273,60.30540,0,54.7841,4.639002,60.35892,0,PMU,14408.5,-0.385287,60.01049,0,14430.4,3.806837,60.10141,0,14538.6,1.720207,59.87528,0,79.152,-0.529534,59.98018,0,97.9251,3.614201,59.77740,0,55.1437,1.473550,59.68760,0,PMU,14499.5,2.777223,59.97553,0,14379.1,0.681114,59.87644,0,14511.3,-1.393129,60.10724,0,79.728,2.632688,60.00233,0,97.8657,0.506890,60.51023,0,54.7571,4.651025,60.61186,0,PMU,14502,2.829444,59.98485,0,14378.8,0.733340,59.88810,0,14509.6,-1.341022,60.10375,0,79.2182,2.687661,59.97902,0,98.7248,0.565237,59.99883,0,54.4954,-1.557508,59.97669,0,PMU
1127,9.400000,14398.5,2.568610,60.03147,0,14457,0.476146,60.07689,0,14538,4.671592,59.86828,0,78.69,2.422655,59.97319,0,97.9521,0.299209,59.93589,0,54.7159,4.448394,59.89076,0,PMU,14408.3,2.765809,60.00933,0,14428.2,0.674766,60.10141,0,14537.5,-1.411864,59.87411,0,79.0848,2.619810,59.94638,0,98.2508,0.477672,59.68294,0,55.2721,4.619538,59.62826,0,PMU,14498.7,-0.386691,59.97319,0,14381.9,3.800675,59.88231,0,14513.4,1.725883,60.10840,0,79.2512,-0.529106,60.00816,0,98.3592,3.625063,60.20745,0,54.7187,1.489175,60.29841,0,PMU,14407.5,2.777589,60.00699,0,14423,0.686668,60.10608,0,14533.9,-1.399720,59.87411,0,79.7461,2.631651,59.98018,0,99.5567,0.479991,59.48627,0,55.4822,4.619782,59.40329,0,PMU,14410.6,2.829261,59.99650,0,14429,0.738222,60.09325,0,14551.8,-1.347431,59.87760,0,79.3729,2.687661,60.00000,0,98.6141,0.564199,59.98018,0,54.4402,-1.557203,60.00583,0,PMU
1128,9.408333,14484.8,2.566108,59.95221,0,14390.9,0.471265,59.90679,0,14522.7,4.677634,60.11540,0,78.8095,2.422899,60.00466,0,98.3226,0.301651,60.04663,0,54.7042,4.453504,60.09758,0,PMU,14499.6,2.764345,59.97202,0,14382.2,0.668480,59.87993,0,14513.5,-1.406249,60.10724,0,79.2367,2.622251,60.04662,0,98.0647,0.493114,60.29491,0,54.7782,4.638269,60.35775,0,PMU,14409.1,-0.386142,60.01049,0,14430.9,3.805922,60.10021,0,14539,1.719353,59.87528,0,79.1588,-0.530144,59.98018,0,98.0142,3.613774,59.78439,0,55.137,1.473489,59.70042,0,PMU,14498.7,2.776246,59.97436,0,14378.5,0.680198,59.87644,0,14510.4,-1.394105,60.10724,0,79.7137,2.631773,60.00233,0,97.8452,0.505425,60.48575,0,54.7365,4.649439,60.56641,0,PMU,14501,2.828406,59.98368,0,14378,0.732363,59.88810,0,14508.3,-1.342060,60.10258,0,79.2397,2.687173,59.99067,0,98.6163,0.564321,60.00233,0,54.483,-1.557936,59.98601,0,PMU
1129,9.416667,14399,2.567817,60.03264,0,14457.4,0.475353,60.07806,0,14538.5,4.670798,59.86944,0,78.6724,2.421922,59.98135,0,97.9332,0.298355,59.93705,0,54.7165,4.447112,59.87794,0,PMU,14408.5,2.764833,60.00933,0,14428.1,0.673790,60.10141,0,14537.6,-1.412841,59.87411,0,79.1338,2.619200,59.94172,0,98.1718,0.477184,59.69576,0,55.2701,4.619354,59.63875,0,PMU,14499,-0.387546,59.97319,0,14382.3,3.799759,59.88231,0,14513.7,1.725029,60.10841,0,79.2505,-0.530083,60.00117,0,98.3763,3.624331,60.20162,0,54.7109,1.488992,60.29608,0,PMU,14407.2,2.776552,60.00583,0,14422.9,0.685630,60.10375,0,14533.5,-1.400758,59.87294,0,79.7424,2.630369,59.97319,0,99.374,0.480113,59.51658,0,55.5776,4.619415,59.42660,0,PMU,14409.7,2.828284,59.99767,0,14428.3,0.737185,60.09209,0,14550.7,-1.348469,59.87760,0,79.4159,2.686623,59.98951,0,98.6387,0.563711,59.98834,0,54.4624,-1.557752,60.00350,0,PMU
1130,9.425000,14485.1,2.565314,59.95221,0,14391,0.470472,59.90679,0,14523,4.676780,60.11424,0,78.7712,2.421861,59.99883,0,98.33,0.300796,60.04663,0,54.6925,4.453260,60.11740,0,PMU,14499.1,2.763368,59.97202,0,14382.1,0.667503,59.87994,0,14513.1,-1.407225,60.10724,0,79.255,2.620787,60.03031,0,98.1381,0.492564,60.29375,0,54.7684,4.638086,60.35775,0,PMU,14408.9,-0.386996,60.01049,0,14431.2,3.805067,60.10137,0,14539.5,1.718437,59.87411,0,79.1358,-0.531121,59.98018,0,97.8792,3.613407,59.79138,0,55.0903,1.472757,59.68993,0,PMU,14499.3,2.775270,59.97552,0,14378.8,0.679221,59.87760,0,14510.7,-1.395082,60.10841,0,79.7449,2.630857,60.00933,0,97.9527,0.504283,60.46160,0,54.9823,4.647547,60.53726,0,PMU,14501.2,2.827430,59.98368,0,14378.1,0.731326,59.88809,0,14508.3,-1.343036,60.10375,0,79.2733,2.686135,59.99067,0,98.7565,0.563711,60.00000,0,54.4769,-1.559095,59.97435,0,PMU
1131,9.433333,14399.1,2.567023,60.03264,0,14457.5,0.474559,60.07806,0,14538.7,4.669944,59.86944,0,78.6275,2.421251,59.98834,0,97.8776,0.297501,59.93705,0,54.7659,4.445892,59.85928,0,PMU,14408.5,2.763917,60.01049,0,14428.6,0.672874,60.10258,0,14537.8,-1.413756,59.87527,0,79.1226,2.618162,59.94988,0,98.27,0.477001,59.70276,0,55.2572,4.619171,59.63875,0,PMU,14499,-0.388400,59.97319,0,14382.3,3.798905,59.88231,0,14514.1,1.724114,60.10841,0,79.2346,-0.530999,60.00233,0,98.3605,3.623354,60.18996,0,54.7027,1.488443,60.29958,0,PMU,14407,2.775636,60.00699,0,14424.1,0.684776,60.10608,0,14534,-1.401671,59.87415,0,79.7875,2.629454,59.97319,0,99.0903,0.480907,59.55355,0,55.7031,4.619660,59.46740,0,PMU,14410,2.827369,59.99883,0,14428.8,0.736209,60.09325,0,14550.5,-1.349384,59.87877,0,79.3439,2.684914,59.97669,0,98.6783,0.562612,59.97902,0,54.415,-1.559278,59.99650,0,PMU
1132,9.441667,14485.2,2.564460,59.95104,0,14391.3,0.469618,59.90562,0,14523.4,4.675986,60.11540,0,78.8145,2.421312,60.00117,0,98.3168,0.300064,60.04896,0,54.6523,4.451429,60.10574,0,PMU,14499,2.762514,59.97319,0,14382.2,0.666649,59.88110,0,14513.3,-1.408080,60.10841,0,79.253,2.619810,60.03147,0,98.2994,0.490123,60.25062,0,54.7631,4.637354,60.34726,0,PMU,14408.9,-0.387912,60.00933,0,14431,3.804152,60.10021,0,14539.6,1.717522,59.87411,0,79.2138,-0.531609,59.98834,0,97.8601,3.612980,59.80188,0,55.1198,1.472513,59.69576,0,PMU,14499.1,2.774415,59.97669,0,14380.3,0.678489,59.87994,0,14511.4,-1.395997,60.10837,0,79.7741,2.630064,60.01166,0,97.7818,0.504222,60.44529,0,55.0322,4.646509,60.51278,0,PMU,14501,2.826453,59.98251,0,14378.8,0.730410,59.88926,0,14508.5,-1.344013,60.10258,0,79.183,2.684853,59.99883,0,98.596,0.562185,59.99184,0,54.4199,-1.560682,59.97319,0,PMU
1133,9.450000,14399.4,2.566169,60.03264,0,14457.8,0.473705,60.07806,0,14538.7,4.669150,59.86944,0,78.7257,2.421129,59.99650,0,98.0687,0.297073,59.94288,0,54.798,4.446197,59.90008,0,PMU,14408,2.763063,60.01049,0,14427.9,0.671959,60.10141,0,14537.6,-1.414611,59.87527,0,79.0742,2.617308,59.95221,0,98.2489,0.476207,59.73423,0,55.2332,4.618866,59.64691,0,PMU,14498.5,-0.389316,59.97319,0,14381.9,3.797989,59.88231,0,14513.5,1.723198,60.10841,0,79.3184,-0.531609,60.00000,0,98.4773,3.622744,60.18647,0,54.7168,1.487832,60.29258,0,PMU,14407.2,2.774843,60.00816,0,14424.9,0.683982,60.10491,0,14534.9,-1.402587,59.87415,0,79.7394,2.628355,59.96736,0,99.0729,0.480846,59.55355,0,55.7093,4.619782,59.48955,0,PMU,14410,2.826392,59.99883,0,14428.8,0.735293,60.09325,0,14550.8,-1.350300,59.87994,0,79.3187,2.683633,59.97669,0,98.4405,0.561269,59.98251,0,54.4274,-1.560011,60.01282,0,PMU
1134,9.458333,14485.4,2.563666,59.95221,0,14391,0.468824,59.90679,0,14523.3,4.675193,60.11540,0,78.8076,2.420396,59.98601,0,98.4263,0.299332,60.04313,0,54.7691,4.450635,60.08476,0,PMU,14498,2.761554,59.97119,0,14381.5,0.665672,59.87994,0,14512.4,-1.408995,60.10724,0,79.2001,2.618651,60.02565,0,98.3179,0.490733,60.27743,0,54.7271,4.636865,60.34376,0,PMU,14408.7,-0.388827,60.00933,0,14431.1,3.803175,60.09904,0,14538.8,1.716606,59.87411,0,79.2588,-0.532524,59.98251,0,97.9497,3.612431,59.80304,0,55.0875,1.472024,59.69809,0,PMU,14499.7,2.773561,59.97552,0,14381.6,0.677635,59.87877,0,14512.2,-1.396913,60.10837,0,79.7013,2.629209,60.01632,0,97.8616,0.502818,60.41964,0,55.0414,4.645532,60.49180,0,PMU,14501.9,2.825538,59.98368,0,14379.1,0.729556,59.89043,0,14509.3,-1.344868,60.10375,0,79.2441,2.683999,60.00699,0,98.4871,0.560964,59.99417,0,54.4671,-1.561109,59.97902,0,PMU
1135,9.466667,14399.4,2.565436,60.03380,0,14457.9,0.472913,60.07810,0,14538.4,4.668357,59.86944,0,78.6933,2.420213,59.99650,0,98.0192,0.296158,59.93938,0,54.7261,4.444000,59.87327,0,PMU,14406.9,2.762086,60.01016,0,14427.7,0.670982,60.10141,0,14536.7,-1.415648,59.87294,0,79.0252,2.616637,59.96153,0,98.2333,0.476573,59.72957,0,55.1877,4.618317,59.64575,0,PMU,14498.2,-0.390292,59.97202,0,14382.6,3.797074,59.88347,0,14513.4,1.722221,60.10724,0,79.3507,-0.533013,59.99067,0,98.4682,3.621889,60.18064,0,54.6877,1.486978,60.28559,0,PMU,14408,2.774049,60.00933,0,14426.4,0.683189,60.10608,0,14536.3,-1.403441,59.87531,0,79.681,2.627562,59.96853,0,98.924,0.481029,59.58386,0,55.7163,4.620209,59.51636,0,PMU,14411.2,2.825599,60.00117,0,14429.7,0.734439,60.09325,0,14551.6,-1.351154,59.87994,0,79.355,2.682717,59.97553,0,98.4845,0.559927,59.98018,0,54.4647,-1.560987,60.00233,0,PMU
1136,9.475000,14485.1,2.562873,59.95104,0,14391,0.468031,59.90675,0,14522.9,4.674338,60.11424,0,78.8456,2.419725,59.99067,0,98.3504,0.298233,60.03963,0,54.6881,4.450025,60.11507,0,PMU,14496.9,2.760517,59.97003,0,14380.4,0.664634,59.87877,0,14511.5,-1.410094,60.10608,0,79.1439,2.617491,60.01632,0,98.3663,0.489879,60.25411,0,54.7415,4.636133,60.34026,0,PMU,14408.2,-0.389804,60.00933,0,14431.7,3.802199,60.09788,0,14538.7,1.715630,59.87411,0,79.2795,-0.533684,59.98718,0,97.872,3.611637,59.80421,0,55.0303,1.471292,59.70042,0,PMU,14500.5,2.772767,59.97552,0,14382.3,0.676841,59.87877,0,14513.3,-1.397706,60.10953,0,79.6616,2.628782,60.02331,0,97.9586,0.502391,60.40798,0,55.0654,4.644800,60.46965,0,PMU,14502.8,2.824744,59.98368,0,14380.2,0.728701,59.89043,0,14510.2,-1.345722,60.10375,0,79.2769,2.683816,60.02098,0,98.6057,0.560110,60.00350,0,54.4715,-1.562208,59.97669,0,PMU
1137,9.483333,14399.1,2.564521,60.03147,0,14457.3,0.472059,60.07694,0,14538.4,4.667503,59.86944,0,78.6887,2.419178,59.98955,0,97.9548,0.294937,59.93705,0,54.7631,4.443084,59.86744,0,PMU,14405.8,2.760944,60.00816,0,14427.1,0.669822,60.09908,0,14535.9,-1.416747,59.87295,0,79.0501,2.615843,59.96853,0,98.328,0.476146,59.73773,0,55.2266,4.618439,59.66207,0,PMU,14498.1,-0.391269,59.97202,0,14382.5,3.796097,59.88347,0,14513.5,1.721245,60.10724,0,79.2802,-0.534355,59.98718,0,98.3693,3.620668,60.17248,0,54.6503,1.486123,60.28326,0,PMU,14408.6,2.773317,60.01049,0,14427.2,0.682395,60.10608,0,14536.7,-1.404235,59.87531,0,79.6662,2.627073,59.96736,0,98.8916,0.480724,59.58619,0,55.7239,4.620819,59.54200,0,PMU,14412.2,2.824866,60.00233,0,14430.8,0.733645,60.09442,0,14552.5,-1.351948,59.88110,0,79.3152,2.682046,59.96620,0,98.5266,0.559377,59.98601,0,54.4881,-1.561903,60.00583,0,PMU
1138,9.491667,14484.9,2.562018,59.95221,0,14390.4,0.467176,59.90675,0,14522.8,4.673484,60.11424,0,78.7313,2.418751,59.99184,0,98.3958,0.297745,60.05362,0,54.5872,4.447845,60.09092,0,PMU,14496.6,2.759418,59.97086,0,14380.4,0.663536,59.87994,0,14511.3,-1.411193,60.10607,0,79.1991,2.616759,60.01749,0,98.4628,0.488780,60.24130,0,54.7681,4.635406,60.32405,0,PMU,14408.2,-0.390780,60.00933,0,14432,3.801224,60.09792,0,14538.9,1.714653,59.87411,0,79.2483,-0.534966,59.98834,0,97.8123,3.611210,59.81936,0,55.0042,1.470804,59.70742,0,PMU,14500.6,2.771974,59.97435,0,14382.7,0.676048,59.87877,0,14513.4,-1.398561,60.10837,0,79.6261,2.628416,60.02565,0,97.9024,0.501353,60.39399,0,55.1156,4.644556,60.45334,0,PMU,14503.5,2.823951,59.98251,0,14380.5,0.727908,59.89043,0,14510.7,-1.346515,60.10375,0,79.2288,2.683022,60.01865,0,98.6167,0.559499,60.00233,0,54.4753,-1.562879,59.98135,0,PMU
1139,9.500000,14399,2.563666,60.03147,0,14457.3,0.471143,60.07577,0,14537.8,4.666648,59.86944,0,78.737,2.418934,60.00350,0,98.0552,0.294573,59.93943,0,54.7082,4.443206,59.91141,0,PMU,14406.1,2.759967,60.01049,0,14427.6,0.668846,60.10141,0,14536.3,-1.417784,59.87411,0,79.0861,2.615355,59.97319,0,98.1634,0.475475,59.74588,0,55.2047,4.617829,59.66429,0,PMU,14498.1,-0.392245,59.97202,0,14382.3,3.795060,59.88227,0,14513.3,1.720329,60.10841,0,79.2129,-0.535637,59.98718,0,98.4548,3.620119,60.17015,0,54.6583,1.485452,60.27976,0,PMU,14409,2.772523,60.01049,0,14427.5,0.681602,60.10608,0,14537.1,-1.405089,59.87531,0,79.5374,2.626341,59.96037,0,98.7647,0.480663,59.60484,0,55.6992,4.620514,59.54084,0,PMU,14412.7,2.824073,60.00233,0,14431.3,0.732913,60.09559,0,14553.1,-1.352741,59.88110,0,79.2658,2.681252,59.96620,0,98.4992,0.558340,59.97785,0,54.4836,-1.562757,60.00233,0,PMU
1140,9.508333,14484.3,2.561103,59.95104,0,14390,0.466261,59.90675,0,14522.3,4.672568,60.11307,0,78.7727,2.417713,59.97669,0,98.3018,0.296707,60.04076,0,54.6636,4.447112,60.07460,0,PMU,14496.9,2.758442,59.97086,0,14380.4,0.662620,59.88110,0,14511.7,-1.412169,60.10724,0,79.2131,2.615904,60.01049,0,98.2941,0.487315,60.22614,0,54.735,4.634369,60.31589,0,PMU,14407.5,-0.391757,60.00933,0,14431.7,3.800126,60.09675,0,14538,1.713616,59.87178,0,79.1673,-0.536306,59.98722,0,97.8523,3.610478,59.81586,0,55.0086,1.470377,59.71208,0,PMU,14501,2.771119,59.97319,0,14382.2,0.675254,59.87877,0,14513.5,-1.399354,60.10953,0,79.4605,2.627745,60.02681,0,97.8759,0.500255,60.37418,0,55.018,4.643518,60.43935,0,PMU,14503.8,2.823218,59.98368,0,14380.6,0.727114,59.88926,0,14510.6,-1.347309,60.10375,0,79.2052,2.682473,60.02331,0,98.6045,0.558645,60.00583,0,54.4722,-1.563612,59.98368,0,PMU
1141,9.516667,14398.5,2.562751,60.03147,0,14456.6,0.470228,60.07577,0,14537.3,4.665735,59.86948,0,78.7385,2.417835,60.00233,0,97.899,0.293352,59.93593,0,54.6562,4.441253,59.88809,0,PMU,14406.9,2.758991,60.01049,0,14428.3,0.667991,60.10258,0,14537.2,-1.418700,59.87528,0,79.1394,2.614500,59.97319,0,97.9954,0.474315,59.75171,0,55.1896,4.617035,59.66895,0,PMU,14497.5,-0.393283,59.97086,0,14382.6,3.793961,59.88227,0,14512.5,1.719109,60.10491,0,79.1467,-0.536856,59.98951,0,98.4421,3.619020,60.16315,0,54.6529,1.484475,60.26927,0,PMU,14408.9,2.771608,60.00933,0,14427.6,0.680686,60.10374,0,14537.2,-1.406005,59.87298,0,79.4181,2.625547,59.95804,0,98.582,0.480235,59.61766,0,55.5663,4.620697,59.56415,0,PMU,14413,2.823280,60.00117,0,14431.4,0.732058,60.09442,0,14553.1,-1.353534,59.88110,0,79.2961,2.680642,59.96503,0,98.6254,0.557913,59.98601,0,54.4738,-1.563856,59.99534,0,PMU
1142,9.525000,14484,2.560126,59.94988,0,14390,0.465284,59.90558,0,14522.1,4.671592,60.11186,0,78.8893,2.417408,59.99184,0,98.2669,0.295669,60.04425,0,54.6578,4.447418,60.11773,0,PMU,14497.2,2.757587,59.97319,0,14380.9,0.661705,59.87994,0,14512.1,-1.413085,60.10724,0,79.2181,2.614805,60.00583,0,98.3325,0.486217,60.22731,0,54.7463,4.633209,60.30890,0,PMU,14407.1,-0.392917,60.00699,0,14431.3,3.799027,60.09675,0,14537.9,1.712456,59.87294,0,79.1597,-0.537527,59.98718,0,97.8057,3.609806,59.82402,0,54.9785,1.469766,59.71908,0,PMU,14500.3,2.770143,59.97202,0,14382.1,0.674278,59.87761,0,14513.5,-1.400331,60.10837,0,79.404,2.627195,60.03147,0,97.8807,0.499034,60.35902,0,54.8797,4.641931,60.40555,0,PMU,14504,2.822364,59.98251,0,14381.3,0.726260,59.88926,0,14511.1,-1.348102,60.10375,0,79.2816,2.682046,60.02681,0,98.74,0.558035,60.00233,0,54.4485,-1.564527,59.98718,0,PMU
1143,9.533333,14398.6,2.561713,60.03031,0,14456.8,0.469251,60.07577,0,14537.9,4.664697,59.86832,0,78.7761,2.416614,59.98485,0,97.9068,0.292315,59.93593,0,54.7677,4.440765,59.87294,0,PMU,14407.6,2.758075,60.00933,0,14429.1,0.667015,60.10141,0,14537.5,-1.419676,59.87411,0,79.1791,2.613402,59.97319,0,98.0279,0.473644,59.75987,0,55.2107,4.616425,59.67944,0,PMU,14497.3,-0.394381,59.97202,0,14382.1,3.792924,59.88343,0,14512.6,1.718071,60.10724,0,79.1247,-0.537832,59.99417,0,98.354,3.617983,60.15616,0,54.6445,1.483560,60.26344,0,PMU,14408.5,2.770631,60.00933,0,14427.5,0.679649,60.10258,0,14537.5,-1.406981,59.87298,0,79.4443,2.624754,59.95337,0,98.5507,0.480113,59.63864,0,55.4353,4.619904,59.57930,0,PMU,14413.4,2.822486,60.00233,0,14431.8,0.731265,60.09559,0,14553.5,-1.354328,59.88111,0,79.261,2.680093,59.96270,0,98.6537,0.557424,59.98834,0,54.4522,-1.564771,59.99534,0,PMU
1144,9.541667,14484.3,2.559150,59.95105,0,14390,0.464369,59.90675,0,14522.8,4.670676,60.11420,0,78.7953,2.416187,59.99184,0,98.3206,0.294876,60.04892,0,54.5674,4.445342,60.08743,0,PMU,14497.7,2.756611,59.97202,0,14381.4,0.660850,59.88227,0,14512.8,-1.414000,60.10840,0,79.2868,2.613951,60.01049,0,98.3207,0.485240,60.22148,0,54.7765,4.632599,60.30890,0,PMU,14406.7,-0.393954,60.00816,0,14430.6,3.797989,60.09675,0,14537.5,1.711479,59.87411,0,79.1648,-0.538626,59.98485,0,97.7191,3.609257,59.83335,0,54.9897,1.469400,59.72957,0,PMU,14499.9,2.769166,59.97202,0,14382.3,0.673301,59.87877,0,14513.3,-1.401305,60.10841,0,79.4641,2.626646,60.03614,0,98.0193,0.498912,60.35902,0,54.8332,4.641504,60.41254,0,PMU,14503.8,2.821571,59.98251,0,14381.1,0.725466,59.88926,0,14511,-1.348896,60.10374,0,79.1899,2.681252,60.02215,0,98.7317,0.557241,59.99650,0,54.4139,-1.565382,59.98834,0,PMU
1145,9.550000,14398.2,2.560737,60.03030,0,14456.8,0.468336,60.07577,0,14537.9,4.663782,59.86832,0,78.7323,2.415943,59.99534,0,98.0158,0.291521,59.93593,0,54.7031,4.440582,59.90908,0,PMU,14408.5,2.757221,60.01166,0,14429.7,0.666099,60.10025,0,14538.3,-1.420531,59.87528,0,79.1834,2.612730,59.97669,0,97.9496,0.473097,59.76807,0,55.1954,4.615753,59.67828,0,PMU,14496.1,-0.395419,59.97202,0,14381.1,3.791886,59.88343,0,14511.1,1.717034,60.10608,0,79.1337,-0.538565,60.00117,0,98.4871,3.617128,60.15033,0,54.6744,1.482766,60.25528,0,PMU,14408.1,2.769655,60.00932,0,14427.4,0.678672,60.10258,0,14536.9,-1.407897,59.87411,0,79.4232,2.623716,59.94405,0,98.6286,0.479991,59.63864,0,55.3703,4.620514,59.59912,0,PMU,14412.9,2.821632,60.00117,0,14430.5,0.730349,60.09325,0,14552.8,-1.355243,59.87877,0,79.2496,2.679238,59.96153,0,98.5595,0.556265,59.98135,0,54.4654,-1.565443,59.99883,0,PMU
1146,9.558333,14484.2,2.558174,59.95105,0,14389.9,0.463453,59.90675,0,14522.1,4.669700,60.11303,0,78.6951,2.415821,59.99767,0,98.2843,0.293719,60.04196,0,54.6449,4.444671,60.07810,0,PMU,14498,2.755756,59.97202,0,14381.6,0.659935,59.88227,0,14512.8,-1.414855,60.10840,0,79.2782,2.613097,60.00699,0,98.3125,0.484264,60.21328,0,54.7362,4.631500,60.30074,0,PMU,14405,-0.394870,60.01049,0,14429.2,3.796952,60.09675,0,14535.1,1.710503,59.87527,0,79.1519,-0.539724,59.97785,0,97.7033,3.608403,59.83335,0,54.9787,1.468790,59.73306,0,PMU,14499.4,2.768129,59.97086,0,14381.9,0.672264,59.87761,0,14513.1,-1.402343,60.10608,0,79.4144,2.625425,60.03264,0,98.0065,0.497630,60.33688,0,54.7505,4.641260,60.39622,0,PMU,14503.4,2.820655,59.98135,0,14378.9,0.724368,59.88576,0,14510.3,-1.349872,60.10258,0,79.2721,2.680398,60.02215,0,98.5781,0.556204,59.99883,0,54.47,-1.565565,59.99767,0,PMU
1147,9.566667,14398.1,2.559821,60.03147,0,14456.4,0.467298,60.07344,0,14537.3,4.662744,59.86715,0,78.616,2.415760,59.99883,0,98.0285,0.290117,59.93122,0,54.6962,4.439117,59.89392,0,PMU,14408.5,2.756305,60.01049,0,14430.4,0.665245,60.10141,0,14538.6,-1.421385,59.87528,0,79.152,2.612059,59.98018,0,97.9251,0.472608,59.77740,0,55.1437,4.615143,59.68760,0,PMU,14493.8,-0.396456,59.96970,0,14379.1,3.790848,59.88343,0,14508.5,1.715935,60.10375,0,79.1082,-0.539419,60.00583,0,98.3794,3.616335,60.15150,0,54.6419,1.481790,60.24829,0,PMU,14408.1,2.768556,60.00816,0,14427.4,0.677635,60.10258,0,14537.3,-1.408995,59.87294,0,79.3828,2.622313,59.94055,0,98.4635,0.479564,59.65496,0,55.2947,4.620026,59.59446,0,PMU,14412.7,2.820716,60.00117,0,14429.5,0.729129,60.09092,0,14552.4,-1.356159,59.87994,0,79.2544,2.678384,59.96153,0,98.6092,0.555898,59.99417,0,54.4905,-1.566419,59.98368,0,PMU
1148,9.575000,14483.7,2.557258,59.95105,0,14390.3,0.462415,59.90675,0,14522,4.668601,60.11186,0,78.694,2.414783,59.98135,0,98.3332,0.292681,60.04896,0,54.6671,4.445342,60.11890,0,PMU,14498.7,2.754902,59.97319,0,14381.9,0.659082,59.88231,0,14513.4,-1.415709,60.10840,0,79.2512,2.612486,60.00816,0,98.3592,0.483470,60.20745,0,54.7187,4.630768,60.29841,0,PMU,14402.2,-0.396090,60.00699,0,14426.5,3.795792,60.09442,0,14532.9,1.709361,59.87444,0,79.137,-0.540701,59.97552,0,97.6479,3.607853,59.83801,0,54.9328,1.468179,59.74006,0,PMU,14499.1,2.767091,59.97202,0,14381.8,0.671226,59.87761,0,14513.4,-1.403380,60.10724,0,79.382,2.624571,60.04313,0,98.0933,0.496470,60.32289,0,54.7331,4.640161,60.38456,0,PMU,14503.5,2.819701,59.98061,0,14379.2,0.723330,59.88926,0,14510.1,-1.350788,60.10258,0,79.3265,2.679849,60.02798,0,98.7843,0.555837,59.99883,0,54.4772,-1.566725,59.99417,0,PMU
1149,9.583333,14397.8,2.558845,60.03031,0,14456.7,0.466322,60.07460,0,14537.4,4.661706,59.86832,0,78.5779,2.414356,59.99184,0,97.9048,0.289141,59.93239,0,54.7787,4.438201,59.86362,0,PMU,14409.1,2.755451,60.01049,0,14430.9,0.664329,60.10021,0,14539,-1.422240,59.87528,0,79.1588,2.611449,59.98018,0,98.0142,0.472181,59.78439,0,55.137,4.615082,59.70042,0,PMU,14490.7,-0.397738,59.96853,0,14375.4,3.789567,59.88110,0,14505.6,1.714653,60.10108,0,79.074,-0.540213,60.00933,0,98.3577,3.615664,60.14917,0,54.5617,1.480386,60.23313,0,PMU,14408.7,2.767640,60.01049,0,14427.7,0.676597,60.10258,0,14537.5,-1.409972,59.87411,0,79.274,2.621519,59.94172,0,98.3462,0.478832,59.66312,0,55.2913,4.619965,59.61427,0,PMU,14412.3,2.819823,60.00233,0,14428.8,0.728335,60.09559,0,14552.6,-1.357074,59.87994,0,79.2436,2.677651,59.95804,0,98.6763,0.555349,59.99067,0,54.4803,-1.567457,59.98601,0,PMU
1150,9.591667,14483.2,2.556220,59.94988,0,14389.9,0.461500,59.90791,0,14521.9,4.667686,60.11420,0,78.6237,2.413563,59.98485,0,98.2619,0.292010,60.05479,0,54.5512,4.443023,60.09209,0,PMU,14499,2.754047,59.97319,0,14382.3,0.658167,59.88231,0,14513.7,-1.416564,60.10841,0,79.2505,2.611510,60.00117,0,98.3763,0.482738,60.20162,0,54.7109,4.630585,60.29608,0,PMU,14400.4,-0.397433,60.00583,0,14424.8,3.794449,60.09325,0,14531.4,1.708018,59.87327,0,79.1292,-0.541922,59.96736,0,97.7826,3.607548,59.84501,0,54.9311,1.467020,59.74472,0,PMU,14499.8,2.766237,59.97319,0,14382.5,0.670372,59.88111,0,14513.7,-1.404296,60.10841,0,79.32,2.623472,60.03730,0,98.0517,0.495494,60.31823,0,54.7835,4.639917,60.38106,0,PMU,14503,2.818785,59.98018,0,14376.9,0.722537,59.88926,0,14510.1,-1.351581,60.10491,0,79.2803,2.678872,60.02331,0,98.6842,0.554922,59.99184,0,54.4309,-1.567579,59.99767,0,PMU
1151,9.600000,14397.1,2.557868,60.03147,0,14456.3,0.465345,60.07344,0,14536.9,4.660730,59.86715,0,78.5749,2.413441,59.99767,0,97.9904,0.288408,59.93122,0,54.7198,4.438079,59.90558,0,PMU,14408.9,2.754596,60.01049,0,14431.2,0.663475,60.10137,0,14539.5,-1.423155,59.87411,0,79.1358,2.610472,59.98018,0,97.8792,0.471815,59.79138,0,55.0903,4.614350,59.68993,0,PMU,14489.9,-0.399020,59.96969,0,14375,3.788285,59.88227,0,14504.4,1.713371,60.10225,0,79.1155,-0.540945,60.01865,0,98.6192,3.615236,60.14683,0,54.6702,1.479715,60.24246,0,PMU,14408.5,2.766786,60.01049,0,14428.2,0.675742,60.10258,0,14537.3,-1.410827,59.87527,0,79.1653,2.620238,59.93822,0,98.3462,0.478282,59.67128,0,55.3226,4.620209,59.62360,0,PMU,14412.1,2.818907,60.00233,0,14427.5,0.727481,60.09442,0,14552.6,-1.357929,59.87877,0,79.2211,2.676980,59.96386,0,98.5728,0.553945,59.98135,0,54.4384,-1.568617,59.98018,0,PMU
1152,9.608333,14483,2.555244,59.94988,0,14390.2,0.460462,59.90675,0,14521.9,4.666648,60.11303,0,78.7236,2.412708,59.98601,0,98.2811,0.291094,60.05129,0,54.6438,4.442169,60.07810,0,PMU,14499,2.753193,59.97319,0,14382.3,0.657312,59.88231,0,14514.1,-1.417479,60.10841,0,79.2346,2.610594,60.00233,0,98.3605,0.481761,60.18996,0,54.7027,4.630035,60.29958,0,PMU,14399.9,-0.398532,60.00933,0,14424.7,3.793290,60.09559,0,14531.5,1.706858,59.87560,0,79.169,-0.542898,59.96270,0,97.9319,3.606755,59.83801,0,55.0489,1.467020,59.75754,0,PMU,14499.3,2.765321,59.97202,0,14382.2,0.669456,59.87994,0,14513,-1.405272,60.10608,0,79.2077,2.622618,60.04546,0,98.0663,0.494273,60.30540,0,54.7841,4.639002,60.35892,0,PMU,14502.7,2.817870,59.98018,0,14377,0.721684,59.88930,0,14510.2,-1.352558,60.10258,0,79.2897,2.678018,60.01982,0,98.6281,0.553762,59.99650,0,54.4248,-1.568617,60.00000,0,PMU
1153,9.616667,14397.4,2.556892,60.03147,0,14456.5,0.464430,60.07577,0,14537.3,4.659753,59.86832,0,78.687,2.412891,60.00350,0,98.064,0.287615,59.93356,0,54.6981,4.436248,59.88693,0,PMU,14408.9,2.753681,60.00933,0,14431,0.662559,60.10021,0,14539.6,-1.424071,59.87411,0,79.2138,2.609984,59.98834,0,97.8601,0.471388,59.80188,0,55.1198,4.614105,59.69576,0,PMU,14489.7,-0.399996,59.97202,0,14374.5,3.787247,59.88460,0,14504.1,1.712395,60.10574,0,79.1415,-0.541983,60.01749,0,98.6205,3.614262,60.14338,0,54.7178,1.478555,60.22031,0,PMU,14408.3,2.765809,60.00933,0,14428.2,0.674766,60.10141,0,14537.5,-1.411864,59.87411,0,79.0848,2.619810,59.94638,0,98.2508,0.477672,59.68294,0,55.2721,4.619538,59.62826,0,PMU,14412.2,2.817992,60.00233,0,14427.8,0.726565,60.09321,0,14553.1,-1.358844,59.87994,0,79.1868,2.675881,59.95920,0,98.6167,0.553213,59.98951,0,54.4307,-1.569837,59.97669,0,PMU
1154,9.625000,14483,2.554328,59.95104,0,14390.1,0.459547,59.90675,0,14521.4,4.665674,60.11307,0,78.7439,2.411854,59.98018,0,98.4111,0.290301,60.05129,0,54.6311,4.442474,60.11890,0,PMU,14498.5,2.752277,59.97319,0,14381.9,0.656397,59.88231,0,14513.5,-1.418395,60.10841,0,79.3184,2.609984,60.00000,0,98.4773,0.481151,60.18647,0,54.7168,4.629425,60.29258,0,PMU,14398.8,-0.399569,60.00816,0,14424.1,3.792313,60.09675,0,14531.3,1.705820,59.87444,0,79.1292,-0.544119,59.95920,0,97.9164,3.605717,59.83680,0,55.0254,1.465616,59.75288,0,PMU,14499.6,2.764345,59.97202,0,14382.2,0.668480,59.87993,0,14513.5,-1.406249,60.10724,0,79.2367,2.622251,60.04662,0,98.0647,0.493114,60.29491,0,54.7782,4.638269,60.35775,0,PMU,14502.7,2.817076,59.98251,0,14377.3,0.720830,59.89047,0,14510.4,-1.353412,60.10374,0,79.2854,2.676980,60.02098,0,98.745,0.553213,60.00000,0,54.4338,-1.569349,60.00933,0,PMU
1155,9.633333,14396.9,2.555976,60.03147,0,14456.3,0.463453,60.07460,0,14537.1,4.658838,59.86944,0,78.6026,2.411793,59.99883,0,98.0156,0.286455,59.92656,0,54.7542,4.434600,59.84963,0,PMU,14408.7,2.752765,60.00933,0,14431.1,0.661583,60.09904,0,14538.8,-1.424986,59.87411,0,79.2588,2.609068,59.98251,0,97.9497,0.470838,59.80304,0,55.0875,4.613617,59.69809,0,PMU,14489.6,-0.401034,59.97202,0,14375.1,3.786332,59.88576,0,14504.6,1.711357,60.10574,0,79.1023,-0.542715,60.02681,0,98.617,3.613041,60.13988,0,54.6484,1.476724,60.21215,0,PMU,14408.5,2.764833,60.00933,0,14428.1,0.673790,60.10141,0,14537.6,-1.412841,59.87411,0,79.1338,2.619200,59.94172,0,98.1718,0.477184,59.69576,0,55.2701,4.619354,59.63875,0,PMU,14412,2.817198,60.00233,0,14425.3,0.725283,60.08505,0,14546.8,-1.359760,59.87877,0,79.142,2.675027,59.96270,0,99.4685,0.559560,60.12123,0,55.4083,4.707280,59.87478,0,PMU
1156,9.641667,14482.7,2.553413,59.95104,0,14390.3,0.458631,59.90791,0,14521.6,4.664758,60.11307,0,78.6192,2.410694,59.97902,0,98.3516,0.289324,60.05479,0,54.5451,4.439971,60.10258,0,PMU,14498.2,2.751301,59.97202,0,14382.6,0.655481,59.88347,0,14513.4,-1.419371,60.10724,0,79.3507,2.608580,59.99067,0,98.4682,0.480296,60.18064,0,54.6877,4.628570,60.28559,0,PMU,14399.4,-0.400485,60.01049,0,14424.6,3.791398,60.09675,0,14532.2,1.704905,59.87677,0,79.1119,-0.544973,59.95687,0,97.9497,3.604802,59.84263,0,54.987,1.464456,59.76570,0,PMU,14499.1,2.763368,59.97202,0,14382.1,0.667503,59.87994,0,14513.1,-1.407225,60.10724,0,79.255,2.620787,60.03031,0,98.1381,0.492564,60.29375,0,54.7684,4.638086,60.35775,0,PMU,14501.2,2.816039,59.97785,0,14093.1,0.721318,59.92427,0,14378.1,-1.334921,60.47439,0,79.2486,2.675454,60.00816,0,129.659,0.538443,59.59668,0,76.6822,4.313125,52.47220,0,PMU
1157,9.650000,14396.9,2.555061,60.03147,0,14456.5,0.462537,60.07460,0,14536.7,4.657861,59.86828,0,78.5989,2.411060,60.00699,0,98.0377,0.285296,59.92307,0,54.7285,4.434539,59.89625,0,PMU,14408.2,2.751789,60.00933,0,14431.7,0.660606,60.09788,0,14538.7,-1.425963,59.87411,0,79.2795,2.607909,59.98718,0,97.872,0.470045,59.80421,0,55.0303,4.612885,59.70042,0,PMU,14490.3,-0.401950,59.97202,0,14375.7,3.785417,59.88577,0,14504.9,1.710503,60.10691,0,79.1427,-0.543325,60.03147,0,98.6935,3.611943,60.13638,0,54.6548,1.476114,60.22265,0,PMU,14408.5,2.763917,60.01049,0,14428.6,0.672874,60.10258,0,14537.8,-1.413756,59.87527,0,79.1226,2.618162,59.94988,0,98.27,0.477001,59.70276,0,55.2572,4.619171,59.63875,0,PMU,14392.7,2.813597,59.95337,0,11629,0.582137,57.34184,1,11726.7,-1.212957,62.32934,1,79.285,2.667094,59.84034,0,767.867,0.128310,52.16705,1,718.532,3.308642,40.81580,1,PMU
1158,9.658333,14482.8,2.552436,59.94988,0,14390.7,0.457655,59.90675,0,14521.6,4.663782,60.11307,0,78.6619,2.409901,59.97785,0,98.3679,0.288103,60.05362,0,54.677,4.439422,60.09325,0,PMU,14498.1,2.750324,59.97202,0,14382.5,0.654505,59.88347,0,14513.5,-1.420348,60.10724,0,79.2802,2.607237,59.98718,0,98.3693,0.479076,60.17248,0,54.6503,4.627716,60.28326,0,PMU,14400.5,-0.401278,60.01282,0,14425.7,3.790482,60.09675,0,14532.8,1.704050,59.87677,0,79.1527,-0.545828,59.95221,0,97.9343,3.603703,59.84263,0,55.04,1.464212,59.77269,0,PMU,14499,2.762514,59.97319,0,14382.2,0.666649,59.88110,0,14513.3,-1.408080,60.10841,0,79.253,2.619810,60.03147,0,98.2994,0.490123,60.25062,0,54.7631,4.637354,60.34726,0,PMU,14440,2.804625,59.82865,0,10631.6,0.342277,55.41901,1,9267.77,-1.176354,60.69907,1,83.6504,2.652568,59.72257,0,1686.31,0.003034,57.60740,1,1622.42,3.149449,56.95962,1,POW
1159,9.666667,14397.4,2.554145,60.03264,0,14456.9,0.461622,60.07576,0,14537.1,4.656946,59.86944,0,78.6458,2.410206,60.00583,0,97.9097,0.284319,59.92773,0,54.7344,4.433258,59.88227,0,PMU,14408.2,2.750812,60.00933,0,14432,0.659632,60.09792,0,14538.9,-1.426939,59.87411,0,79.2483,2.606627,59.98834,0,97.8123,0.469618,59.81936,0,55.0042,4.612396,59.70742,0,PMU,14491.5,-0.402743,59.97202,0,14376.3,3.784623,59.88810,0,14505.6,1.709770,60.10924,0,79.1611,-0.544302,60.02914,0,98.6667,3.611027,60.13988,0,54.661,1.475564,60.21682,0,PMU,14408,2.763063,60.01049,0,14427.9,0.671959,60.10141,0,14537.6,-1.414611,59.87527,0,79.0742,2.617308,59.95221,0,98.2489,0.476207,59.73423,0,55.2332,4.618866,59.64691,0,PMU,14351.4,2.799926,59.91024,0,13371.6,0.532647,63.63578,1,12735.4,-1.402770,55.67577,1,90.1176,2.646526,59.88460,0,473.911,-0.001142,59.92024,1,192.984,3.046361,58.03117,1,POW
1160,9.675000,14482.9,2.551582,59.95104,0,14390.7,0.456678,59.90558,0,14521.4,4.662866,60.11307,0,78.6171,2.408741,59.97202,0,98.369,0.287310,60.05712,0,54.6733,4.439422,60.11773,0,PMU,14498.1,2.749347,59.97202,0,14382.3,0.653467,59.88227,0,14513.3,-1.421263,60.10841,0,79.2129,2.605955,59.98718,0,98.4548,0.478526,60.17015,0,54.6583,4.627045,60.27976,0,PMU,14400.3,-0.402133,60.01166,0,14426.1,3.789689,60.09675,0,14532.8,1.703135,59.87327,0,79.0876,-0.546988,59.94871,0,97.8564,3.602299,59.83331,0,54.9931,1.462932,59.75875,0,PMU,14498,2.761554,59.97119,0,14381.5,0.665672,59.87994,0,14512.4,-1.408995,60.10724,0,79.2001,2.618651,60.02565,0,98.3179,0.490733,60.27743,0,54.7271,4.636865,60.34376,0,PMU,14458.9,2.802367,60.04663,0,13578.8,0.625958,61.78212,1,14163.9,-1.381166,60.41260,1,87.416,2.631346,59.71008,0,379.064,0.200372,63.84864,1,107.322,4.283770,83.63277,1,POW
1161,9.683333,14397.5,2.553230,60.03147,0,14457.2,0.460645,60.07576,0,14536.9,4.655969,59.86828,0,78.5861,2.409046,60.00583,0,98.0236,0.283282,59.92307,0,54.8036,4.431915,59.85663,0,PMU,14407.5,2.749836,60.00933,0,14431.7,0.658533,60.09675,0,14538,-1.427977,59.87178,0,79.1673,2.605286,59.98722,0,97.8523,0.468885,59.81586,0,55.0086,4.611969,59.71208,0,PMU,14491.1,-0.403659,59.97086,0,14376.9,3.783708,59.88577,0,14505.6,1.708811,60.10841,0,79.1268,-0.545218,60.03380,0,98.4785,3.609562,60.13872,0,54.6145,1.474588,60.22260,0,PMU,14406.9,2.762086,60.01016,0,14427.7,0.670982,60.10141,0,14536.7,-1.415648,59.87294,0,79.0252,2.616637,59.96153,0,98.2333,0.476573,59.72957,0,55.1877,4.618317,59.64575,0,PMU,14346.8,2.808836,60.12356,0,13573.4,0.667747,60.79811,1,14232.5,-1.366901,60.27244,1,85.3548,2.624998,59.87877,0,316.608,0.053978,57.20408,1,89.727,4.080101,56.11021,1,POW
1162,9.691667,14483.2,2.550605,59.94988,0,14391.2,0.455824,59.90792,0,14522,4.662012,60.11540,0,78.5623,2.408009,59.98018,0,98.3406,0.286333,60.05828,0,54.6177,4.437347,60.10374,0,PMU,14497.5,2.748310,59.97086,0,14382.6,0.652368,59.88227,0,14512.5,-1.422484,60.10491,0,79.1467,2.604737,59.98951,0,98.4421,0.477428,60.16315,0,54.6529,4.626068,60.26927,0,PMU,14401.5,-0.403048,60.01166,0,14427.8,3.788834,60.09791,0,14534.6,1.702158,59.87294,0,79.1347,-0.547720,59.95221,0,97.7499,3.601078,59.83797,0,55.0078,1.462200,59.76341,0,PMU,14496.9,2.760517,59.97003,0,14380.4,0.664634,59.87877,0,14511.5,-1.410094,60.10608,0,79.1439,2.617491,60.01632,0,98.3663,0.489879,60.25411,0,54.7415,4.636133,60.34026,0,PMU,14438.7,2.810057,60.02331,0,13710.1,0.683372,60.29841,0,14315.3,-1.362628,60.08160,0,81.3149,2.609923,59.71208,0,222.602,0.125686,61.36951,1,68.3888,4.555288,69.07541,1,POW
1163,9.700000,14396.9,2.552314,60.03264,0,14456.8,0.459791,60.07576,0,14536.2,4.655115,59.86828,0,78.5598,2.407948,59.99883,0,98.0002,0.282427,59.92540,0,54.7651,4.431854,59.89509,0,PMU,14407.1,2.748676,60.00699,0,14431.3,0.657434,60.09675,0,14537.9,-1.429137,59.87294,0,79.1597,2.604066,59.98718,0,97.8057,0.468214,59.82402,0,54.9785,4.611359,59.71908,0,PMU,14493.8,-0.404513,59.97202,0,14378.5,3.782853,59.88577,0,14507.8,1.707957,60.11074,0,79.2349,-0.545889,60.03497,0,98.5494,3.608647,60.14454,0,54.6566,1.474283,60.23076,0,PMU,14405.8,2.760944,60.00816,0,14427.1,0.669822,60.09908,0,14535.9,-1.416747,59.87295,0,79.0501,2.615843,59.96853,0,98.328,0.476146,59.73773,0,55.2266,4.618439,59.66207,0,PMU,14359.3,2.810912,60.01632,0,13902.1,0.697698,60.27361,0,14381.3,-1.368366,59.89043,0,80.4739,2.627989,60.34504,0,230.92,0.175837,60.95781,0,77.9443,4.285234,54.84236,0,POW
1164,9.708333,14482.4,2.549690,59.94988,0,14389.9,0.454847,59.90558,0,14521.1,4.661035,60.11307,0,78.5549,2.407215,59.98601,0,98.2943,0.285235,60.05362,0,54.6766,4.436492,60.08859,0,PMU,14497.3,2.747211,59.97202,0,14382.1,0.651331,59.88343,0,14512.6,-1.423522,60.10724,0,79.1247,2.603760,59.99417,0,98.354,0.476390,60.15616,0,54.6445,4.625152,60.26344,0,PMU,14404.3,-0.403842,60.01282,0,14430.7,3.787980,60.09791,0,14537.1,1.701304,59.87294,0,79.1406,-0.548819,59.94405,0,97.8266,3.599980,59.83447,0,55.0301,1.461223,59.75059,0,PMU,14496.6,2.759418,59.97086,0,14380.4,0.663536,59.87994,0,14511.3,-1.411193,60.10607,0,79.1991,2.616759,60.01749,0,98.4628,0.488780,60.24130,0,54.7681,4.635406,60.32405,0,PMU,14469.7,2.809569,59.97435,0,14019.9,0.694097,59.93122,0,14431.6,-1.365436,60.05595,0,81.8186,2.645671,60.33771,0,165.921,0.263280,61.67004,0,68.5334,-1.530121,68.93489,0,POW
1165,9.716667,14396.7,2.551399,60.03264,0,14456.3,0.458814,60.07576,0,14535.4,4.654077,59.86711,0,78.5065,2.406971,59.99534,0,97.9774,0.281512,59.92889,0,54.6652,4.429840,59.87295,0,PMU,14406.7,2.747638,60.00816,0,14430.6,0.656397,60.09675,0,14537.5,-1.430113,59.87411,0,79.1648,2.602967,59.98485,0,97.7191,0.467664,59.83335,0,54.9897,4.610993,59.72957,0,PMU,14496.8,-0.405245,59.97319,0,14382.4,3.782121,59.88810,0,14511.4,1.707285,60.11424,0,79.1829,-0.547659,60.02215,0,98.5044,3.607487,60.14338,0,54.6279,1.473001,60.22493,0,PMU,14406.1,2.759967,60.01049,0,14427.6,0.668846,60.10141,0,14536.3,-1.417784,59.87411,0,79.0861,2.615355,59.97319,0,98.1634,0.475475,59.74588,0,55.2047,4.617829,59.66429,0,PMU,14390.4,2.810301,60.01399,0,14161.1,0.705327,60.21449,0,14456.8,-1.368915,59.93356,0,81.1357,2.646160,60.00933,0,174.744,0.233617,59.43348,0,72.9238,4.349911,52.30035,0,POW
1166,9.725000,14481.8,2.548774,59.94988,0,14389.7,0.453810,59.90442,0,14520.1,4.660058,60.11424,0,78.4686,2.406422,59.98951,0,98.4542,0.284380,60.05479,0,54.5991,4.436431,60.12589,0,PMU,14496.1,2.746174,59.97202,0,14381.1,0.650293,59.88343,0,14511.1,-1.424559,60.10608,0,79.1337,2.603028,60.00117,0,98.4871,0.475536,60.15033,0,54.6744,4.624359,60.25528,0,PMU,14406.8,-0.404513,60.01399,0,14432.7,3.787308,60.09908,0,14539.2,1.700633,59.87294,0,78.9411,-0.550589,59.94405,0,97.7165,3.599187,59.84147,0,54.9657,1.460186,59.75525,0,PMU,14496.9,2.758442,59.97086,0,14380.4,0.662620,59.88110,0,14511.7,-1.412169,60.10724,0,79.2131,2.615904,60.01049,0,98.2941,0.487315,60.22614,0,54.735,4.634369,60.31589,0,PMU,14491.7,2.809752,59.98951,0,14210.1,0.702337,59.94288,0,14464.9,-1.362384,60.12473,0,80.5581,2.657146,60.20982,0,119.68,0.346001,62.14637,0,61.353,-1.530732,67.68800,0,POW
1167,9.733333,14395.9,2.550422,60.03147,0,14456.1,0.457777,60.07577,0,14534.5,4.653039,59.86595,0,78.445,2.406055,59.99301,0,98.0339,0.280474,59.92540,0,54.7388,4.429107,59.86012,0,PMU,14405,2.746723,60.01049,0,14429.2,0.655359,60.09675,0,14535.1,-1.431090,59.87527,0,79.1519,2.601868,59.97785,0,97.7033,0.466810,59.83335,0,54.9787,4.610382,59.73306,0,PMU,14497.9,-0.405978,59.97202,0,14383.8,3.781388,59.88693,0,14513.2,1.706492,60.11191,0,78.9762,-0.548819,60.03380,0,98.5106,3.606694,60.14337,0,54.5731,1.472757,60.24009,0,PMU,14406.9,2.758991,60.01049,0,14428.3,0.667991,60.10258,0,14537.2,-1.418700,59.87528,0,79.1394,2.614500,59.97319,0,97.9954,0.474315,59.75171,0,55.1896,4.617035,59.66895,0,PMU,14398.2,2.810973,60.02331,0,14281.4,0.716191,60.26460,0,14471.4,-1.366718,59.91724,0,79.6407,2.656780,59.99301,0,138.16,0.302261,59.16464,0,66.1488,4.370905,52.71296,0,POW
1168,9.741667,14480.9,2.547676,59.94754,0,14389,0.452894,59.90675,0,14520.2,4.659021,60.11424,0,78.489,2.405933,59.99767,0,98.3446,0.283648,60.06062,0,54.5937,4.434967,60.11190,0,PMU,14493.8,2.745136,59.96970,0,14379.1,0.649256,59.88343,0,14508.5,-1.425658,60.10375,0,79.1082,2.602173,60.00583,0,98.3794,0.474742,60.15150,0,54.6419,4.623382,60.24829,0,PMU,14407.7,-0.405306,60.01282,0,14433.5,3.786454,60.09675,0,14540,1.699778,59.87178,0,78.8671,-0.551260,59.95337,0,97.6861,3.598637,59.84613,0,54.9269,1.459820,59.75292,0,PMU,14497.2,2.757587,59.97319,0,14380.9,0.661705,59.87994,0,14512.1,-1.413085,60.10724,0,79.2181,2.614805,60.00583,0,98.3325,0.486217,60.22731,0,54.7463,4.633209,60.30890,0,PMU,14490.7,2.810118,59.98368,0,14280.5,0.711309,59.90675,0,14475.5,-1.362140,60.08743,0,78.9829,2.657878,60.02098,0,99.3152,0.468214,63.16946,0,59.8114,-1.513461,67.61689,0,POW
1169,9.750000,14395.7,2.549384,60.03264,0,14455.4,0.456800,60.07460,0,14534.5,4.652063,59.86711,0,78.5136,2.405384,59.98951,0,98.0623,0.279986,59.93006,0,54.7563,4.429413,59.89393,0,PMU,14402.2,2.745502,60.00699,0,14426.5,0.654200,60.09442,0,14532.9,-1.432232,59.87444,0,79.137,2.600892,59.97552,0,97.6479,0.466261,59.83801,0,54.9328,4.609772,59.74006,0,PMU,14498.6,-0.406893,59.96969,0,14384.2,3.780412,59.88460,0,14513.8,1.705576,60.11074,0,79.0161,-0.549551,60.03264,0,98.6079,3.606266,60.14571,0,54.566,1.472757,60.24708,0,PMU,14407.6,2.758075,60.00933,0,14429.1,0.667015,60.10141,0,14537.5,-1.419676,59.87411,0,79.1791,2.613402,59.97319,0,98.0279,0.473644,59.75987,0,55.2107,4.616425,59.67944,0,PMU,14398.5,2.810728,60.01166,0,14327.8,0.719914,60.16436,0,14490.7,-1.367694,59.89392,0,78.8229,2.656841,59.98018,0,124.437,0.372304,58.16826,0,64.4837,4.410250,53.13454,0,POW
1170,9.758333,14481.4,2.546699,59.94871,0,14388.7,0.451918,59.90675,0,14520.7,4.658044,60.11424,0,78.6374,2.405506,60.00233,0,98.4241,0.282610,60.05012,0,54.7343,4.434112,60.08975,0,PMU,14490.7,2.743855,59.96853,0,14375.4,0.647974,59.88110,0,14505.6,-1.426939,60.10108,0,79.074,2.601380,60.00933,0,98.3577,0.474071,60.14917,0,54.5617,4.621979,60.23313,0,PMU,14408.1,-0.406222,60.01282,0,14434.3,3.785478,60.09675,0,14539.8,1.698801,59.87061,0,78.9653,-0.551748,59.95804,0,97.8454,3.597905,59.84031,0,54.9526,1.459881,59.75408,0,PMU,14497.7,2.756611,59.97202,0,14381.4,0.660850,59.88227,0,14512.8,-1.414000,60.10840,0,79.2868,2.613951,60.01049,0,98.3207,0.485240,60.22148,0,54.7765,4.632599,60.30890,0,PMU,14494.6,2.809264,59.97202,0,14322,0.710027,59.81116,0,14493.7,-1.362689,60.09559,0,79.1643,2.660381,60.06761,0,95.5896,0.528801,62.98887,0,57.9747,-1.505099,67.02515,0,POW
1171,9.766667,14396.5,2.548469,60.03380,0,14456.3,0.455885,60.07577,0,14535,4.651147,59.86828,0,78.6066,2.404591,59.98251,0,98.0981,0.279314,59.93705,0,54.7596,4.427521,59.87411,0,PMU,14400.4,2.744160,60.00583,0,14424.8,0.652857,60.09325,0,14531.4,-1.433575,59.87327,0,79.1292,2.599671,59.96736,0,97.7826,0.465955,59.84501,0,54.9311,4.608612,59.74472,0,PMU,14498.8,-0.407870,59.96853,0,14384.7,3.779435,59.88460,0,14514.2,1.704600,60.11074,0,79.0697,-0.550406,60.02564,0,98.5774,3.605473,60.14454,0,54.6002,1.472452,60.24009,0,PMU,14408.5,2.757221,60.01166,0,14429.7,0.666099,60.10025,0,14538.3,-1.420531,59.87528,0,79.1834,2.612730,59.97669,0,97.9496,0.473097,59.76807,0,55.1954,4.615753,59.67828,0,PMU,14401.4,2.809386,60.00233,0,14363.4,0.717473,60.14221,0,14503.9,-1.368061,59.89742,0,80.082,2.655803,59.91257,0,119.529,0.392611,57.39897,0,61.0041,4.431671,53.38396,0,POW
1172,9.775000,14481.9,2.545783,59.94871,0,14389.9,0.451002,59.90675,0,14521.3,4.657129,60.11424,0,78.5917,2.403858,59.98601,0,98.4499,0.282000,60.05129,0,54.6989,4.433807,60.12006,0,PMU,14489.9,2.742573,59.96969,0,14375,0.646692,59.88227,0,14504.4,-1.428221,60.10225,0,79.1155,2.600648,60.01865,0,98.6192,0.473644,60.14683,0,54.6702,4.621307,60.24246,0,PMU,14408.2,-0.407199,60.01282,0,14434.9,3.784501,60.09675,0,14539.9,1.697764,59.86944,0,78.9289,-0.552908,59.95221,0,97.8095,3.597294,59.84380,0,54.9768,1.459209,59.74709,0,PMU,14498,2.755756,59.97202,0,14381.6,0.659935,59.88227,0,14512.8,-1.414855,60.10840,0,79.2782,2.613097,60.00699,0,98.3125,0.484264,60.21328,0,54.7362,4.631500,60.30074,0,PMU,14497.5,2.808043,59.97436,0,14345.3,0.709600,59.84963,0,14500,-1.362628,60.10375,0,80.3546,2.655864,60.00117,0,93.373,0.538687,62.78983,0,55.9788,-1.504123,66.63469,0,POW
1173,9.783333,14397.4,2.547614,60.03497,0,14457.9,0.455091,60.07810,0,14536.6,4.650293,59.86945,0,78.5809,2.403187,59.98718,0,98.0156,0.278216,59.92773,0,54.8311,4.426727,59.86479,0,PMU,14399.9,2.743061,60.00933,0,14424.7,0.651697,60.09559,0,14531.5,-1.434735,59.87560,0,79.169,2.598694,59.96270,0,97.9319,0.465162,59.83801,0,55.0489,4.608612,59.75754,0,PMU,14499.1,-0.408846,59.96853,0,14384.8,3.778397,59.88343,0,14514.8,1.703562,60.11074,0,79.0493,-0.551809,60.02098,0,98.6226,3.604496,60.13755,0,54.6449,1.471841,60.24125,0,PMU,14408.5,2.756305,60.01049,0,14430.4,0.665245,60.10141,0,14538.6,-1.421385,59.87528,0,79.152,2.612059,59.98018,0,97.9251,0.472608,59.77740,0,55.1437,4.615143,59.68760,0,PMU,14403.4,2.808653,60.01165,0,14376.6,0.718511,60.17019,0,14506.7,-1.368305,59.89159,0,80.3965,2.653972,59.96386,0,115.98,0.406954,57.48410,0,59.9201,4.447051,53.65906,0,POW
1174,9.791667,14482.9,2.544990,59.94988,0,14390.9,0.450270,59.90791,0,14523.3,4.656396,60.11656,0,78.6284,2.402760,59.99184,0,98.3047,0.280657,60.04662,0,54.652,4.432098,60.10258,0,PMU,14489.7,2.741596,59.97202,0,14374.5,0.645655,59.88460,0,14504.1,-1.429198,60.10574,0,79.1415,2.599610,60.01749,0,98.6205,0.472669,60.14338,0,54.7178,4.620148,60.22031,0,PMU,14408.4,-0.408175,60.01282,0,14435.1,3.783524,60.09792,0,14539.7,1.696787,59.87061,0,78.9282,-0.554006,59.95804,0,97.788,3.596501,59.84730,0,54.9727,1.458477,59.74476,0,PMU,14498.7,2.754902,59.97319,0,14381.9,0.659082,59.88231,0,14513.4,-1.415709,60.10840,0,79.2512,2.612486,60.00816,0,98.3592,0.483470,60.20745,0,54.7187,4.630768,60.29841,0,PMU,14496.7,2.807555,59.97902,0,14347.7,0.710881,59.85429,0,14500.5,-1.363178,60.09792,0,79.8321,2.652141,59.96503,0,92.0316,0.544668,62.63014,0,55.7678,-1.514682,66.13929,0,POW
1175,9.800000,14398,2.546821,60.03497,0,14458.8,0.454298,60.07694,0,14537.3,4.649500,59.86828,0,78.5645,2.402272,59.99067,0,97.9253,0.277178,59.93356,0,54.7608,4.426422,59.89159,0,PMU,14398.8,2.742023,60.00816,0,14424.1,0.650721,60.09675,0,14531.3,-1.435772,59.87444,0,79.1292,2.597474,59.95920,0,97.9164,0.464124,59.83680,0,55.0254,4.607208,59.75288,0,PMU,14499.1,-0.409762,59.96969,0,14385.1,3.777482,59.88460,0,14514.6,1.702647,60.11191,0,79.0949,-0.552541,60.02798,0,98.5938,3.603764,60.13871,0,54.6106,1.470987,60.23892,0,PMU,14409.1,2.755451,60.01049,0,14430.9,0.664329,60.10021,0,14539,-1.422240,59.87528,0,79.1588,2.611449,59.98018,0,98.0142,0.472181,59.78439,0,55.137,4.615082,59.70042,0,PMU,14402.9,2.808043,60.00933,0,14381.9,0.717961,60.13522,0,14510.8,-1.369403,59.88110,0,79.9328,2.653911,60.03380,0,113.344,0.421234,57.64259,0,59.7571,4.475964,54.41291,0,PMU
1176,9.808333,14483.3,2.544138,59.94875,0,14391.4,0.449476,59.90791,0,14523.8,4.655542,60.11540,0,78.6434,2.401966,59.99417,0,98.1102,0.279192,60.03846,0,54.6763,4.430816,60.08393,0,PMU,14489.6,2.740559,59.97202,0,14375.1,0.644739,59.88576,0,14504.6,-1.430235,60.10574,0,79.1023,2.598878,60.02681,0,98.617,0.471449,60.13988,0,54.6484,4.618317,60.21215,0,PMU,14408,-0.409091,60.01282,0,14435.9,3.782609,60.09792,0,14539.1,1.695811,59.86944,0,78.9586,-0.554556,59.96153,0,97.8082,3.595708,59.84613,0,54.9675,1.457867,59.74942,0,PMU,14499,2.754047,59.97319,0,14382.3,0.658167,59.88231,0,14513.7,-1.416564,60.10841,0,79.2505,2.611510,60.00117,0,98.3763,0.482738,60.20162,0,54.7109,4.630585,60.29608,0,PMU,14496.8,2.806700,59.97435,0,14357.2,0.709355,59.83564,0,14504.1,-1.364154,60.10025,0,80.0031,2.653484,59.99184,0,92.6741,0.549551,62.45067,0,56.0646,-1.522494,65.43788,0,PMU
1177,9.816667,14398.5,2.545967,60.03493,0,14459.5,0.453505,60.07693,0,14537.7,4.648645,59.86828,0,78.6105,2.401722,59.99534,0,97.7276,0.276507,59.94872,0,54.7062,4.424896,59.88693,0,PMU,14399.4,2.741108,60.01049,0,14424.6,0.649805,60.09675,0,14532.2,-1.436688,59.87677,0,79.1119,2.596619,59.95687,0,97.9497,0.463209,59.84263,0,54.987,4.606049,59.76570,0,PMU,14498.4,-0.410678,59.96969,0,14385.1,3.776566,59.88460,0,14514.6,1.701670,60.11191,0,79.0639,-0.553701,60.01632,0,98.4889,3.602726,60.13405,0,54.6281,1.470071,60.23310,0,PMU,14408.9,2.754596,60.01049,0,14431.2,0.663475,60.10137,0,14539.5,-1.423155,59.87411,0,79.1358,2.610472,59.98018,0,97.8792,0.471815,59.79138,0,55.0903,4.614350,59.68993,0,PMU,14405.2,2.807006,60.00583,0,14392.8,0.716496,60.13638,0,14515,-1.370241,59.88376,0,79.7124,2.652995,59.99067,0,111.529,0.425934,57.63909,0,58.9997,4.482737,54.69147,0,PMU
1178,9.825000,14483,2.543283,59.94875,0,14391.2,0.448561,59.90558,0,14523.3,4.654626,60.11423,0,78.6402,2.400990,59.98601,0,98.2474,0.279009,60.04779,0,54.6264,4.431305,60.12240,0,PMU,14490.3,2.739643,59.97202,0,14375.7,0.643824,59.88577,0,14504.9,-1.431090,60.10691,0,79.1427,2.598267,60.03147,0,98.6935,0.470350,60.13638,0,54.6548,4.617706,60.22265,0,PMU,14408.1,-0.410006,60.01282,0,14436,3.781693,60.09792,0,14539,1.694895,59.87061,0,78.9299,-0.555593,59.96386,0,97.6546,3.594731,59.84730,0,54.9363,1.456768,59.74592,0,PMU,14499,2.753193,59.97319,0,14382.3,0.657312,59.88231,0,14514.1,-1.417479,60.10841,0,79.2346,2.610594,60.00233,0,98.3605,0.481761,60.18996,0,54.7027,4.630035,60.29958,0,PMU,14501.2,2.805846,59.97785,0,14364.4,0.708867,59.85429,0,14507,-1.364704,60.10575,0,79.7663,2.658367,60.10258,0,92.2159,0.551748,62.40287,0,55.4087,-1.526703,65.22814,0,PMU
1179,9.833333,14397.9,2.545051,60.03376,0,14459.5,0.452467,60.07460,0,14537.1,4.647669,59.86712,0,78.6378,2.400624,59.99301,0,97.9719,0.275958,59.94172,0,54.7604,4.424103,59.86245,0,PMU,14400.5,2.740314,60.01282,0,14425.7,0.648890,60.09675,0,14532.8,-1.437542,59.87677,0,79.1527,2.595765,59.95221,0,97.9343,0.462110,59.84263,0,55.04,4.605805,59.77269,0,PMU,14498,-0.411652,59.96857,0,14384.4,3.775651,59.88460,0,14514.9,1.700694,60.11074,0,79.0461,-0.554800,60.01515,0,98.4891,3.601872,60.13638,0,54.6059,1.469095,60.23543,0,PMU,14408.9,2.753681,60.00933,0,14431,0.662559,60.10021,0,14539.6,-1.424071,59.87411,0,79.2138,2.609984,59.98834,0,97.8601,0.471388,59.80188,0,55.1198,4.614105,59.69576,0,PMU,14408.8,2.806456,60.01166,0,14398.2,0.716252,60.14105,0,14518.4,-1.370790,59.88376,0,79.4996,2.656841,59.97086,0,110.184,0.437347,57.81511,0,58.385,4.499643,55.09475,0,PMU
1180,9.841667,14482.4,2.542246,59.94642,0,14390.5,0.447523,59.90558,0,14523.2,4.653650,60.11423,0,78.7377,2.400318,59.99417,0,98.3308,0.278277,60.04430,0,54.5681,4.429474,60.10258,0,PMU,14491.5,2.738850,59.97202,0,14376.3,0.643030,59.88810,0,14505.6,-1.431822,60.10924,0,79.1611,2.597291,60.02914,0,98.6667,0.469434,60.13988,0,54.661,4.617157,60.21682,0,PMU,14407.9,-0.411044,60.01162,0,14435.8,3.780656,60.09559,0,14539.1,1.693980,59.87177,0,78.859,-0.556509,59.96736,0,97.7122,3.594548,59.86012,0,54.9379,1.455974,59.74942,0,PMU,14498.5,2.752277,59.97319,0,14381.9,0.656397,59.88231,0,14513.5,-1.418395,60.10841,0,79.3184,2.609984,60.00000,0,98.4773,0.481151,60.18647,0,54.7168,4.629425,60.29258,0,PMU,14502.3,2.805297,59.97785,0,14367.9,0.708562,59.85312,0,14509.3,-1.365253,60.10575,0,79.1744,2.657146,60.00583,0,92.3468,0.553640,62.22103,0,54.9784,-1.535370,64.73973,0,PMU
1181,9.850000,14397.4,2.543955,60.03264,0,14458.9,0.451429,60.07460,0,14536.3,4.646692,59.86712,0,78.6893,2.399891,59.99184,0,98.0688,0.275164,59.94055,0,54.7322,4.423614,59.88809,0,PMU,14400.3,2.739460,60.01166,0,14426.1,0.648096,60.09675,0,14532.8,-1.438458,59.87327,0,79.0876,2.594605,59.94871,0,97.8564,0.460706,59.83331,0,54.9931,4.604525,59.75875,0,PMU,14497.9,-0.412628,59.96973,0,14384.2,3.774613,59.88460,0,14514.7,1.699717,60.10957,0,79.0547,-0.555349,60.02215,0,98.6237,3.601384,60.13055,0,54.6265,1.468240,60.23426,0,PMU,14408.7,2.752765,60.00933,0,14431.1,0.661583,60.09904,0,14538.8,-1.424986,59.87411,0,79.2588,2.609068,59.98251,0,97.9497,0.470838,59.80304,0,55.0875,4.613617,59.69809,0,PMU,14410.2,2.805785,60.00933,0,14402.7,0.715398,60.13056,0,14522.1,-1.371522,59.88026,0,79.0861,2.656535,59.98834,0,108.525,0.439972,57.82910,0,57.7365,4.510080,55.45960,0,PMU
1182,9.858333,14481.8,2.541208,59.94754,0,14390.2,0.446547,59.90675,0,14523.1,4.652551,60.11190,0,78.7575,2.399159,59.98601,0,98.3324,0.276812,60.03147,0,54.7164,4.429230,60.10724,0,PMU,14491.1,2.737934,59.97086,0,14376.9,0.642115,59.88577,0,14505.6,-1.432781,60.10841,0,79.1268,2.596375,60.03380,0,98.4785,0.467970,60.13872,0,54.6145,4.616181,60.22260,0,PMU,14407.4,-0.411896,60.01399,0,14435.8,3.779679,60.09675,0,14537.7,1.693003,59.87178,0,78.8939,-0.556570,59.97669,0,97.8232,3.593632,59.85196,0,54.9699,1.455303,59.75292,0,PMU,14498.2,2.751301,59.97202,0,14382.6,0.655481,59.88347,0,14513.4,-1.419371,60.10724,0,79.3507,2.608580,59.99067,0,98.4682,0.480296,60.18064,0,54.6877,4.628570,60.28559,0,PMU,14504.2,2.804564,59.97669,0,14371.6,0.707707,59.85312,0,14512,-1.365863,60.10808,0,79.1484,2.658733,60.04196,0,92.2777,0.550955,62.11962,0,54.8264,-1.540741,64.43782,0,PMU
1183,9.866667,14397.5,2.542978,60.03380,0,14458.8,0.450453,60.07460,0,14536.8,4.645715,59.86945,0,78.7232,2.399098,59.99883,0,97.9361,0.274004,59.94638,0,54.7804,4.423187,59.88460,0,PMU,14401.5,2.738544,60.01166,0,14427.8,0.647242,60.09791,0,14534.6,-1.439434,59.87294,0,79.1347,2.593873,59.95221,0,97.7499,0.459486,59.83797,0,55.0078,4.603793,59.76341,0,PMU,14496.8,-0.413605,59.96736,0,14383.4,3.773637,59.88460,0,14513.5,1.698679,60.10840,0,79.039,-0.556448,60.00233,0,98.5038,3.600041,60.12239,0,54.6379,1.467081,60.22493,0,PMU,14408.2,2.751789,60.00933,0,14431.7,0.660606,60.09788,0,14538.7,-1.425963,59.87411,0,79.2795,2.607909,59.98718,0,97.872,0.470045,59.80421,0,55.0303,4.612885,59.70042,0,PMU,14411.7,2.805052,60.00933,0,14406.7,0.714421,60.12823,0,14524,-1.372255,59.87793,0,79.2162,2.657878,59.98368,0,108.047,0.447584,58.02577,0,57.5391,4.522515,55.79965,0,PMU
1184,9.875000,14481.8,2.540292,59.94871,0,14389.8,0.445631,59.90791,0,14522.7,4.651697,60.11423,0,78.6879,2.397938,59.97785,0,98.2583,0.275530,60.02914,0,54.716,4.429779,60.12589,0,PMU,14493.8,2.737080,59.97202,0,14378.5,0.641260,59.88577,0,14507.8,-1.433636,60.11074,0,79.2349,2.595704,60.03497,0,98.5494,0.467054,60.14454,0,54.6566,4.615875,60.23076,0,PMU,14406.4,-0.412995,60.01166,0,14435.5,3.778642,60.09559,0,14537.3,1.691905,59.87061,0,78.8163,-0.557668,59.97669,0,97.6748,3.592534,59.85663,0,54.9392,1.453716,59.74476,0,PMU,14498.1,2.750324,59.97202,0,14382.5,0.654505,59.88347,0,14513.5,-1.420348,60.10724,0,79.2802,2.607237,59.98718,0,98.3693,0.479076,60.17248,0,54.6503,4.627716,60.28326,0,PMU,14504.9,2.803771,59.97552,0,14374.3,0.706853,59.85546,0,14511.9,-1.366718,60.10575,0,79.1662,2.658916,60.01982,0,93.4406,0.554434,62.04067,0,54.8491,-1.547821,64.06513,0,PMU
1185,9.883333,14397.4,2.542123,60.03497,0,14459,0.449598,60.07577,0,14536.2,4.644739,59.86712,0,78.6163,2.397572,59.99301,0,97.6064,0.272357,59.93938,0,54.8278,4.422272,59.85662,0,PMU,14404.3,2.737751,60.01282,0,14430.7,0.646387,60.09791,0,14537.1,-1.440289,59.87294,0,79.1406,2.592774,59.94405,0,97.8266,0.458387,59.83447,0,55.0301,4.602816,59.75059,0,PMU,14495.9,-0.414704,59.96736,0,14382.7,3.772599,59.88460,0,14513.1,1.697581,60.10840,0,78.9806,-0.557607,60.00117,0,98.4611,3.598759,60.11890,0,54.6041,1.465494,60.22493,0,PMU,14408.2,2.750812,60.00933,0,14432,0.659632,60.09792,0,14538.9,-1.426939,59.87411,0,79.2483,2.606627,59.98834,0,97.8123,0.469618,59.81936,0,55.0042,4.612396,59.70742,0,PMU,14412.4,2.804137,60.00699,0,14410.2,0.713506,60.12706,0,14525.2,-1.373231,59.87560,0,79.183,2.657268,59.96853,0,107.348,0.453749,58.07706,0,57.2983,4.531608,56.10855,0,PMU
1186,9.891667,14481.2,2.539316,59.94638,0,14390,0.444838,59.90908,0,14523,4.650720,60.11423,0,78.612,2.396595,59.98135,0,97.8373,0.274371,60.03847,0,54.6416,4.427826,60.10608,0,PMU,14496.8,2.736347,59.97319,0,14382.4,0.640528,59.88810,0,14511.4,-1.434307,60.11424,0,79.1829,2.593934,60.02215,0,98.5044,0.465894,60.14338,0,54.6279,4.614594,60.22493,0,PMU,14405.8,-0.414032,60.01282,0,14435,3.777604,60.09559,0,14536.9,1.690928,59.87295,0,78.8363,-0.557974,59.99301,0,97.6288,3.591740,59.86595,0,54.9258,1.452984,59.76108,0,PMU,14498.1,2.749347,59.97202,0,14382.3,0.653467,59.88227,0,14513.3,-1.421263,60.10841,0,79.2129,2.605955,59.98718,0,98.4548,0.478526,60.17015,0,54.6583,4.627045,60.27976,0,PMU,14505.3,2.802855,59.97552,0,14377,0.706182,59.86012,0,14512.8,-1.367633,60.10692,0,79.0761,2.657634,60.00699,0,92.7492,0.550772,61.85300,0,54.7449,-1.555023,63.75390,0,PMU
1187,9.900000,14397.1,2.541086,60.03380,0,14458.9,0.448683,60.07344,0,14536.2,4.643762,59.86712,0,78.5937,2.396412,59.99650,0,97.5474,0.271258,59.94055,0,54.7882,4.421844,59.88576,0,PMU,14406.8,2.737080,60.01399,0,14432.7,0.645716,60.09908,0,14539.2,-1.440960,59.87294,0,78.9411,2.591004,59.94405,0,97.7165,0.457594,59.84147,0,54.9657,4.601779,59.75525,0,PMU,14494.9,-0.415680,59.96853,0,14382.1,3.771623,59.88576,0,14512.3,1.696604,60.10840,0,78.9639,-0.558401,59.99184,0,98.4585,3.598210,60.12356,0,54.5978,1.464883,60.22727,0,PMU,14407.5,2.749836,60.00933,0,14431.7,0.658533,60.09675,0,14538,-1.427977,59.87178,0,79.1673,2.605286,59.98722,0,97.8523,0.468885,59.81586,0,55.0086,4.611969,59.71208,0,PMU,14412.4,2.803099,60.00466,0,14412.2,0.712651,60.12356,0,14526.2,-1.374147,59.87560,0,79.2652,2.656413,59.97669,0,105.474,0.454786,58.16681,0,57.1704,4.541984,56.44427,0,PMU
1188,9.908333,14481,2.538400,59.94871,0,14389.8,0.443861,59.90791,0,14522.8,4.649744,60.11424,0,78.5852,2.395619,59.98485,0,97.8121,0.273394,60.04080,0,54.7327,4.426788,60.09442,0,PMU,14497.9,2.735615,59.97202,0,14383.8,0.639796,59.88693,0,14513.2,-1.435101,60.11191,0,78.9762,2.592774,60.03380,0,98.5106,0.465101,60.14337,0,54.5731,4.614350,60.24009,0,PMU,14404.3,-0.415009,60.01282,0,14433.8,3.776628,60.09559,0,14535.9,1.689952,59.87295,0,78.7946,-0.558950,59.98951,0,97.6785,3.591252,59.86711,0,54.9397,1.452190,59.75758,0,PMU,14497.5,2.748310,59.97086,0,14382.6,0.652368,59.88227,0,14512.5,-1.422484,60.10491,0,79.1467,2.604737,59.98951,0,98.4421,0.477428,60.16315,0,54.6529,4.626068,60.26927,0,PMU,14504.7,2.801757,59.97435,0,14377.7,0.705205,59.85779,0,14512.5,-1.368671,60.10459,0,79.1289,2.657634,60.02331,0,92.6566,0.550711,61.83202,0,54.8413,-1.559889,63.46281,0,PMU
1189,9.916667,14397.2,2.540170,60.03380,0,14459.2,0.447706,60.07344,0,14536.2,4.642786,59.86711,0,78.6102,2.395680,60.00117,0,97.5644,0.270709,59.94871,0,54.7733,4.420257,59.87527,0,PMU,14407.7,2.736286,60.01282,0,14433.5,0.644861,60.09675,0,14540,-1.441815,59.87178,0,78.8671,2.590333,59.95337,0,97.6861,0.457045,59.84613,0,54.9269,4.601412,59.75292,0,PMU,14493.2,-0.416718,59.96736,0,14380.7,3.770646,59.88576,0,14511.1,1.695506,60.10607,0,78.8878,-0.559927,59.98135,0,98.4001,3.597356,60.11657,0,54.6631,1.463907,60.22377,0,PMU,14407.1,2.748676,60.00699,0,14431.3,0.657434,60.09675,0,14537.9,-1.429137,59.87294,0,79.1597,2.604066,59.98718,0,97.8057,0.468214,59.82402,0,54.9785,4.611359,59.71908,0,PMU,14412.1,2.802001,60.00466,0,14413,0.711431,60.11889,0,14526,-1.375246,59.87443,0,79.1897,2.655559,59.96037,0,105.091,0.461378,58.29387,0,56.9506,4.549551,56.68169,0,PMU
1190,9.925000,14480.8,2.537485,59.94871,0,14389.9,0.442884,59.90791,0,14522.5,4.648767,60.11424,0,78.578,2.394764,59.98251,0,97.9557,0.272967,60.04313,0,54.739,4.426910,60.12706,0,PMU,14498.6,2.734699,59.96969,0,14384.2,0.638819,59.88460,0,14513.8,-1.436016,60.11074,0,79.0161,2.592042,60.03264,0,98.6079,0.464674,60.14571,0,54.566,4.614350,60.24708,0,PMU,14403.5,-0.416107,60.01166,0,14432.9,3.775590,60.09442,0,14535.4,1.688853,59.87295,0,78.7493,-0.559805,60.00233,0,97.6419,3.590459,59.86828,0,54.9876,1.451275,59.75875,0,PMU,14497.3,2.747211,59.97202,0,14382.1,0.651331,59.88343,0,14512.6,-1.423522,60.10724,0,79.1247,2.603760,59.99417,0,98.354,0.476390,60.15616,0,54.6445,4.625152,60.26344,0,PMU,14504.2,2.800658,59.97436,0,14378,0.704046,59.85896,0,14512,-1.369813,60.10375,0,79.0069,2.656902,60.02565,0,93.3906,0.550161,61.69564,0,54.7005,-1.566847,63.18542,0,PMU
1191,9.933333,14396.5,2.539133,60.03147,0,14458.7,0.446669,60.07227,0,14535.3,4.641748,59.86595,0,78.5724,2.394825,60.00117,0,97.5987,0.269732,59.93822,0,54.8229,4.418793,59.84496,0,PMU,14408.1,2.735371,60.01282,0,14434.3,0.643885,60.09675,0,14539.8,-1.442791,59.87061,0,78.9653,2.589845,59.95804,0,97.8454,0.456312,59.84031,0,54.9526,4.601473,59.75408,0,PMU,14491.8,-0.417816,59.96736,0,14379.9,3.769626,59.88610,0,14510.4,1.694346,60.10491,0,78.8134,-0.560903,59.97902,0,98.4335,3.596440,60.11424,0,54.6335,1.462078,60.20633,0,PMU,14406.7,2.747638,60.00816,0,14430.6,0.656397,60.09675,0,14537.5,-1.430113,59.87411,0,79.1648,2.602967,59.98485,0,97.7191,0.467664,59.83335,0,54.9897,4.610993,59.72957,0,PMU,14411.9,2.800841,60.00350,0,14413.6,0.710210,60.11773,0,14526.8,-1.376405,59.87411,0,79.1105,2.654277,59.94988,0,104.656,0.463697,58.34866,0,56.7437,4.555898,56.93581,0,PMU
1192,9.941667,14479.6,2.536386,59.94754,0,14389.1,0.441864,59.90824,0,14521.4,4.647669,60.11307,0,78.5479,2.394337,59.99067,0,97.846,0.272112,60.04546,0,54.6561,4.424652,60.11191,0,PMU,14498.8,2.733723,59.96853,0,14384.7,0.637842,59.88460,0,14514.2,-1.436993,60.11074,0,79.0697,2.591187,60.02564,0,98.5774,0.463880,60.14454,0,54.6002,4.614044,60.24009,0,PMU,14402.9,-0.417145,60.01282,0,14432.6,3.774491,60.09292,0,14535.3,1.687815,59.87528,0,78.785,-0.560476,60.00816,0,97.6813,3.589970,59.87644,0,54.9453,1.449993,59.76920,0,PMU,14496.1,2.746174,59.97202,0,14381.1,0.650293,59.88343,0,14511.1,-1.424559,60.10608,0,79.1337,2.603028,60.00117,0,98.4871,0.475536,60.15033,0,54.6744,4.624359,60.25528,0,PMU,14504.3,2.799559,59.97552,0,14377.9,0.702947,59.86129,0,14512.2,-1.370851,60.10608,0,78.9662,2.656230,60.03730,0,93.6158,0.547049,61.59190,0,54.6575,4.711308,62.96811,0,PMU
1193,9.950000,14394.9,2.538034,60.03147,0,14457.5,0.445570,60.07078,0,14533.9,4.640589,59.86478,0,78.5712,2.394215,59.99767,0,97.6044,0.268939,59.93939,0,54.7846,4.418670,59.88576,0,PMU,14408.2,2.734394,60.01282,0,14434.9,0.642908,60.09675,0,14539.9,-1.443829,59.86944,0,78.9289,2.588685,59.95221,0,97.8095,0.455702,59.84380,0,54.9768,4.600802,59.74709,0,PMU,14492.4,-0.418793,59.96853,0,14380.2,3.768588,59.88726,0,14510.8,1.693431,60.10724,0,78.8999,-0.561636,59.97785,0,98.5741,3.596013,60.11540,0,54.6201,1.461407,60.21798,0,PMU,14405,2.746723,60.01049,0,14429.2,0.655359,60.09675,0,14535.1,-1.431090,59.87527,0,79.1519,2.601868,59.97785,0,97.7033,0.466810,59.83335,0,54.9787,4.610382,59.73306,0,PMU,14411.7,2.799865,60.00583,0,14414.2,0.709172,60.11889,0,14527.3,-1.377382,59.87527,0,79.0857,2.653362,59.94521,0,104.181,0.466016,58.45240,0,56.609,4.562734,57.16244,0,PMU
1194,9.958333,14478.6,2.535349,59.94871,0,14388.1,0.440765,59.90824,0,14520.7,4.646570,60.11424,0,78.5387,2.393483,59.98601,0,97.8955,0.271136,60.04196,0,54.7719,4.423797,60.09792,0,PMU,14499.1,2.732746,59.96853,0,14384.8,0.636805,59.88343,0,14514.8,-1.438030,60.11074,0,79.0493,2.589784,60.02098,0,98.6226,0.462904,60.13755,0,54.6449,4.613434,60.24125,0,PMU,14403.8,-0.418061,60.01399,0,14433.8,3.773576,60.09525,0,14536,1.686900,59.87527,0,78.8735,-0.561330,60.00583,0,97.868,3.588933,59.86478,0,54.9546,1.448894,59.76104,0,PMU,14493.8,2.745136,59.96970,0,14379.1,0.649256,59.88343,0,14508.5,-1.425658,60.10375,0,79.1082,2.602173,60.00583,0,98.3794,0.474742,60.15150,0,54.6419,4.623382,60.24829,0,PMU,14504.4,2.798583,59.97552,0,14378.1,0.702092,59.86479,0,14512.5,-1.371767,60.10724,0,78.9768,2.656108,60.05246,0,94.0084,0.544851,61.50563,0,54.6921,4.706608,62.74780,0,PMU
1195,9.966667,14393.3,2.536997,60.03147,0,14456,0.444532,60.07195,0,14532.1,4.639612,59.86711,0,78.5693,2.393299,59.99650,0,97.4894,0.267962,59.93938,0,54.7477,4.416842,59.86715,0,PMU,14408.4,2.733418,60.01282,0,14435.1,0.641932,60.09792,0,14539.7,-1.444805,59.87061,0,78.9282,2.587586,59.95804,0,97.788,0.454908,59.84730,0,54.9727,4.600070,59.74476,0,PMU,14492.5,-0.419647,59.96969,0,14380.8,3.767734,59.88843,0,14510.9,1.692515,60.10724,0,78.8661,-0.563039,59.96736,0,98.5603,3.594670,60.10957,0,54.6211,1.460674,60.22498,0,PMU,14402.2,2.745502,60.00699,0,14426.5,0.654200,60.09442,0,14532.9,-1.432232,59.87444,0,79.137,2.600892,59.97552,0,97.6479,0.466261,59.83801,0,54.9328,4.609772,59.74006,0,PMU,14411.2,2.798888,60.00583,0,14414.5,0.708257,60.11773,0,14527.8,-1.378297,59.87527,0,79.118,2.652446,59.93006,0,103.757,0.467909,58.53050,0,56.5149,4.568715,57.36644,0,PMU
1196,9.975000,14477,2.534311,59.94871,0,14387,0.439728,59.90824,0,14518.6,4.645471,60.11191,0,78.5001,2.392628,59.98718,0,97.926,0.270464,60.04779,0,54.7297,4.423370,60.12469,0,PMU,14499.1,2.731831,59.96969,0,14385.1,0.635889,59.88460,0,14514.6,-1.438946,60.11191,0,79.0949,2.589051,60.02798,0,98.5938,0.462171,60.13871,0,54.6106,4.612580,60.23892,0,PMU,14404,-0.418976,60.01282,0,14434.5,3.772660,60.09409,0,14537.1,1.685923,59.87411,0,78.8538,-0.562795,60.00466,0,97.869,3.588139,59.87527,0,54.9588,1.448101,59.75987,0,PMU,14490.7,2.743855,59.96853,0,14375.4,0.647974,59.88110,0,14505.6,-1.426939,60.10108,0,79.074,2.601380,60.00933,0,98.3577,0.474071,60.14917,0,54.5617,4.621979,60.23313,0,PMU,14503.3,2.797667,59.97669,0,14376.1,0.701116,59.86362,0,14511,-1.372743,60.10608,0,79.0853,2.655559,60.05945,0,94.293,0.542044,61.41588,0,54.7187,4.702031,62.54614,0,PMU
1197,9.983333,14392.2,2.535959,60.03147,0,14455.4,0.443434,60.07078,0,14531.2,4.638513,59.86711,0,78.5651,2.392445,59.99650,0,97.6451,0.266863,59.93122,0,54.7847,4.415682,59.85317,0,PMU,14408,2.732502,60.01282,0,14435.9,0.641016,60.09792,0,14539.1,-1.445782,59.86944,0,78.9586,2.587037,59.96153,0,97.8082,0.454115,59.84613,0,54.9675,4.599459,59.74942,0,PMU,14493.4,-0.420563,59.96969,0,14381.5,3.766818,59.88843,0,14511.9,1.691600,60.10841,0,78.8615,-0.564016,59.97669,0,98.6166,3.593754,60.10724,0,54.6397,1.460125,60.22964,0,PMU,14400.4,2.744160,60.00583,0,14424.8,0.652857,60.09325,0,14531.4,-1.433575,59.87327,0,79.1292,2.599671,59.96736,0,97.7826,0.465955,59.84501,0,54.9311,4.608612,59.74472,0,PMU,14410,2.797911,60.00466,0,14411.3,0.706975,60.11190,0,14527.1,-1.379274,59.87527,0,79.1951,2.651653,59.92540,0,104.221,0.465711,58.54216,0,56.4306,4.574191,57.55844,0,PMU
1198,9.991667,14476.3,2.533273,59.94871,0,14386.9,0.438690,59.90940,0,14518.2,4.644434,60.11307,0,78.5278,2.391835,59.98834,0,97.8972,0.269427,60.04896,0,54.6851,4.421539,60.11186,0,PMU,14498.4,2.730915,59.96969,0,14385.1,0.634974,59.88460,0,14514.6,-1.439923,60.11191,0,79.0639,2.587892,60.01632,0,98.4889,0.461134,60.13405,0,54.6281,4.611664,60.23310,0,PMU,14404.6,-0.419831,60.01399,0,14435.3,3.771806,60.09525,0,14538,1.685069,59.87527,0,78.8836,-0.563772,60.00466,0,97.8199,3.587285,59.87644,0,54.9779,1.447613,59.76104,0,PMU,14489.9,2.742573,59.96969,0,14375,0.646692,59.88227,0,14504.4,-1.428221,60.10225,0,79.1155,2.600648,60.01865,0,98.6192,0.473644,60.14683,0,54.6702,4.621307,60.24246,0,PMU,14502.7,2.796630,59.97552,0,14373.2,0.699895,59.86479,0,14510.4,-1.373720,60.10608,0,79.1165,2.654888,60.06178,0,95.3308,0.533562,61.29585,0,54.7065,4.697531,62.35563,0,PMU
1199,10.000000,8723.38,3.145359,71.68998,1,15356.7,0.015834,51.92404,0,6579.97,3.173601,31.90916,1,35.9485,3.140512,74.29868,0,105.216,0.014387,55.12909,0,34.4393,3.167620,36.05190,0,PMU,11010.1,3.149143,67.98757,1,14848.3,0.017421,48.20561,1,3673.97,3.189040,28.40668,1,49.135,3.146336,70.66550,0,105.666,0.015834,51.49540,0,26.0196,3.172685,32.51753,0,PMU,10896.8,0.007307,68.15772,1,14719,3.159014,48.29653,1,3650.65,0.047997,28.73423,1,48.5593,0.004499,70.85317,0,107.616,3.157305,51.78798,0,24.9041,0.032374,32.97093,0,PMU,11123.1,3.149326,67.76842,1,14790,0.017543,47.98414,1,3493.67,3.190810,28.21701,1,50.0522,3.146580,70.42654,0,105.9,0.015895,51.25765,0,25.6776,3.172929,32.33802,0,PMU,11678,3.150120,66.75117,0,14542.9,0.017970,46.97619,1,2636.78,3.202407,27.39758,1,53.0275,3.147679,69.41162,0,111.431,0.016628,50.12728,0,29.6011,3.171221,30.84961,0,PMU
